#TITLE:Charlotte(Gaussian Blur);
#SUBTITLE:;
#ARTIST:Kil;
#TITLETRANSLIT:;
#SUBTITLETRANSLIT:;
#ARTISTTRANSLIT:;
#CREDIT:;
#BANNER:GaussianBlur.png;
#BACKGROUND:GaussianBlur-bg.png;
#LYRICSPATH:;
#CDTITLE:!aptitle.png;
#MUSIC:Charlotte(Gaussian Blur).mp3;
#OFFSET:-1.911;
#SAMPLESTART:75.068;
#SAMPLELENGTH:11.580;
#SELECTABLE:YES;
#BPMS:0.000=200.190,222.333=202.625,223.000=200.185,310.000=205.185,312.000=210.185,314.000=215.185,323.500=207.550;
#STOPS:62.000=0.002
,179.000=0.000
,179.333=0.027
;
#BGCHANGES:;
// cache tags:
#FIRSTBEAT:0.000;
#LASTBEAT:325.000;
#SONGFILENAME:Songs/All Songs/Aperson - Charlotte/Charlotte(Gaussian Blur).sm;
#HASMUSIC:1;
#HASBANNER:1;
#MUSICLENGTH:112.645;
// end cache tags

//---------------dance-single - ----------------
#NOTES:
     dance-single:
     :
     Hard:
     12:
     1.000,1.000,0.666,0.160,1.000,902.000,75.000,18.000,0.000,0.000:  // measure 1
1001
0000
0100
0001
0010
1000
0010
0001
0110
0000
0100
0010
0001
1000
0100
0001
,  // measure 2
1010
0000
0000
0000
0110
0000
0000
0000
0101
0000
0010
0001
0100
0010
0100
1000
,  // measure 3
0011
0000
1000
0010
0001
0010
1000
0001
1100
0000
0010
0100
0001
0100
0010
1000
,  // measure 4
0011
0000
0000
0000
0101
0000
0000
0000
1010
0000
0001
0010
0100
1000
0001
0010
,  // measure 5
1100
0000
0100
0010
1000
0001
0100
0010
1001
0000
1000
0100
0010
0001
0100
0010
,  // measure 6
1001
0110
0011
0110
,  // measure 7
1010
0000
0110
0000
0011
0000
0110
0000
1000
0001
1000
0001
1000
0001
1000
0010
,  // measure 8
0100
0000
0000
0110
0011
0000
0000
0000
,  // measure 9
1001
0010
0001
0010
0001
0010
0001
0010
1001
0100
0010
0001
0010
0100
0010
0001
,  // measure 10
1010
0000
0000
0000
0101
0000
0000
0000
0110
0001
0010
1000
0010
0001
1000
0100
,  // measure 11
1001
0010
1000
0010
1000
0010
1000
0010
1001
0100
0010
0001
0010
0100
0010
0001
,  // measure 12
0110
0000
0000
0000
1010
0000
0000
0000
0101
1000
0100
0001
0100
1000
0001
0010
,  // measure 13
1001
0100
0001
0100
0001
0100
0001
0100
1001
0100
0010
0100
1000
0100
0010
0001
,  // measure 14
1010
0101
0110
0011
,  // measure 15
1100
0000
0110
0000
0011
0000
0101
0000
0001
0010
0001
0010
0001
0010
0001
0100
,  // measure 16
1000
0000
0000
1000
0100
0000
0000
0000
,  // measure 17
0000
0001
0000
0010
0000
0001
0000
0100
0000
0001
0000
0010
0000
0001
0000
0100
,  // measure 18
0000
0001
0000
0010
0000
0001
0000
0100
0000
0001
0000
0010
0000
0001
0000
0100
,  // measure 19
0000
0001
0000
0010
0000
0001
0000
0100
0000
0001
0000
0010
0001
1000
0000
0010
,  // measure 20
0000
1000
0000
0001
0000
1000
0000
0010
0000
1000
0000
0001
0000
1000
0000
0100
,  // measure 21
0010
0001
0100
0001
0100
0001
0010
0000
0100
0010
1000
0000
1000
0010
0100
0000
,  // measure 22
0100
1000
0010
1000
0010
1000
0100
0000
0010
0100
0001
0000
0001
0100
0010
0000
,  // measure 23
0010
0001
1000
0001
1000
0001
0100
0000
0001
0010
1000
0000
1000
0010
0001
0000
,  // measure 24
0100
1000
0001
1000
0001
1000
0010
0000
1000
0100
0001
0000
0001
0100
1000
0000
,  // measure 25
1000
0010
0100
0001
0100
0010
1000
0010
0100
0001
0100
0010
1000
0000
0110
0000
,  // measure 26
0001
0100
0010
1000
0010
0100
0001
0100
0010
1000
0010
0100
0001
0000
0110
0000
,  // measure 27
1000
0001
0010
1000
0100
0010
1000
0001
0010
1000
0100
0010
1000
0000
0110
0000
,  // measure 28
0001
1000
0100
0001
0010
0100
0001
1000
0100
0001
0010
0100
0001
0000
0110
0000
,  // measure 29
0101
0010
1000
0010
0100
0001
0100
0010
1000
0010
0100
0001
0100
0010
1000
0010
,  // measure 30
0100
1000
0001
1000
0100
0001
0100
1000
0001
0010
1000
0010
0001
1000
0001
0010
,  // measure 31
0100
1000
0001
1000
0100
0010
1000
0010
0100
1000
0001
1000
0100
0010
1000
0001
,  // measure 32
0010
0100
0001
0100
0010
0001
1000
0001
0010
0100
0001
0100
0010
0001
1000
0001
,  // measure 33
0010
0100
0001
0100
1000
0100
0010
1000
0010
0100
0010
0001
1000
0001
0010
0100
,  // measure 34
0010
0100
0001
0100
1000
0100
0010
1000
0010
0100
0010
0001
1000
0001
0010
0100
,  // measure 35
1000
0001
0010
0001
0100
0001
1000
0100
1000
0001
1000
0010
0100
0010
1000
0001
,  // measure 36
1000
0010
0100
0001
1000
0010
0100
0001
0010
0100
1000
0001
0010
0100
1000
0001
,  // measure 37
0200
0000
0300
0000
,  // measure 38
0120
0000
0000
0030
1200
0000
0000
0300
2000
0000
0000
3000
0000
0000
0000
0000
,  // measure 39
1001
0000
0000
1000
0100
0010
0001
0000
0000
0000
0000
0000
,  // measure 40
1010
0000
0100
0000
,  // measure 41
0011
0000
0000
0000
0000
0000
0001
0100
0010
0000
0010
0100
0001
1000
0100
0010
,  // measure 42
0002
0000
0000
0000
0000
0000
0000
0003
0020
0000
0000
0000
0000
0000
0000
0030
,  // measure 43
2200
0000
0000
0000
0000
0000
0000
0000
0000
0000
0000
0000
0000
3300
0000
0000
,  // measure 44
0000
0000
0000
0000
,  // measure 45
0022
0000
0000
0000
0000
0000
0000
0000
0000
0000
0000
0000
0000
0033
0000
0000
,  // measure 46
0000
0000
0000
0000
,  // measure 47
1000
0000
0010
0001
0010
0000
0100
0010
0100
0000
1000
0100
1000
0000
0010
0100
,  // measure 48
0010
0000
1000
0001
1000
0000
0010
0100
0010
0000
1000
0100
1000
0000
0001
0010
,  // measure 49
1000
0000
0100
0010
0001
0000
0010
0100
0001
0000
0100
0010
1000
0000
1000
0100
,  // measure 50
0001
0000
0001
0100
1000
0000
1000
0010
0001
0000
0001
0100
0010
0000
0100
0010
,  // measure 51
0001
0000
0010
0100
0001
0000
0010
0100
1000
0000
0010
0100
0001
0000
0001
0100
,  // measure 52
0010
0000
0010
1000
0100
0000
0100
0001
0010
0100
1000
0100
0010
0001
0010
0000
,  // measure 53
1000
0000
0100
0001
0010
0000
0010
0001
0100
0000
0100
1000
0010
0000
0010
1000
,  // measure 54
0100
0000
1000
0010
0001
0000
0001
0010
1000
0000
1000
0010
0001
0000
0001
0010
,  // measure 55
1000
0000
0001
0100
1000
0000
0001
0010
1000
0000
1000
0100
0001
0000
1000
0000
,  // measure 56
0001
0000
0100
0000
0010
0000
0001
0000
2002
0000
0000
0000
0000
3003
0000
0000
,  // measure 57
0001
0100
0010
0001
2200
0000
3300
0000
,  // measure 58
0011
1100
0110
0011
2020
0000
3030
0000
,  // measure 59
0011
1100
0110
0011
0202
0000
0303
0000
,  // measure 60
1001
1001
1001
1001
,  // measure 61
1001
1001
1001
0001
0010
0100
1000
0100
,  // measure 62
1000
0010
1000
0010
0100
0000
0100
0010
1000
0010
0100
0000
0001
0010
0100
1000
,  // measure 63
0001
0100
0001
0100
0010
0000
0010
0100
0001
0100
0010
0000
1000
0100
0010
0001
,  // measure 64
0010
0100
1000
0100
1000
0000
0100
1000
0001
1000
0100
0010
1000
0100
0010
0001
,  // measure 65
0010
0000
1000
0000
0010
0000
0100
0000
0001
0000
0100
0000
0010
0000
0001
0000
0100
0000
0010
0000
1000
0000
0100
0000
0010
0000
0001
0010
0100
1000
0100
0010
,  // measure 66
0001
0100
0001
0100
0010
0000
0010
0100
0001
0100
0010
0000
1000
0100
0010
0001
,  // measure 67
1000
0010
1000
0010
0100
0000
0100
0010
1000
0010
0100
0000
0001
0010
0100
1000
,  // measure 68
0100
0010
0001
0010
0001
0000
0010
0001
1000
0001
0010
0100
0001
0010
0100
1000
,  // measure 69
0100
0000
0001
0000
0100
0000
0010
0000
1000
0000
0010
0000
0100
0000
1000
0000
0010
0000
0100
0000
0001
0000
0010
0000
0100
0000
1000
0100
0010
0001
0010
0100
,  // measure 70
1000
0100
1000
0100
1000
0100
1000
0100
0010
0001
0010
0001
0010
0001
0010
0001
,  // measure 71
1000
0010
1000
0010
1000
0010
1000
0010
0100
0001
0100
0001
0100
0001
0100
0001
,  // measure 72
0010
0100
0010
0100
0010
0100
0010
0100
0001
1000
0001
1000
0001
1000
0001
1000
,  // measure 73
0100
1000
0100
1000
0010
0100
0010
0100
1000
0100
0010
0001
0010
0001
0010
0001
,  // measure 74
1000
0100
1000
0100
0010
0100
0010
0100
0001
0100
0001
0100
1000
0010
1000
0010
,  // measure 75
0100
0010
0100
0010
0001
1000
0001
1000
0100
0001
0100
0001
0010
1000
0010
0100
,  // measure 76
1000
0100
1000
0100
1000
0100
1000
0100
0010
0000
0000
0000
0000
0000
0100
0001
,  // measure 77
0010
0000
0110
0000
,  // measure 78
1000
0100
0001
0100
1000
0010
0100
0001
0100
0010
0001
1000
0001
0010
1000
0010
,  // measure 79
0001
0010
0100
1000
0001
0010
0100
1000
0010
0100
0001
0100
0010
1000
0010
0100
,  // measure 80
1000
0100
0010
0001
1000
0100
0010
0001
0100
1000
0001
1000
0100
0001
0100
1000
,  // measure 81
0001
0100
0010
1000
0001
0010
0100
1000
0001
0010
0100
1000
0100
0010
0001
1000
,  // measure 82
0010
0001
0010
1000
0110
0000
0000
0000
0000
0000
0000
0000
0000
0000
0000
0000
;
