#TITLE:Oi Punk;
#SUBTITLE:;
#ARTIST:Buta Punch;
#TITLETRANSLIT:;
#SUBTITLETRANSLIT:;
#ARTISTTRANSLIT:;
#CREDIT:;
#BANNER:oipunk.png;
#BACKGROUND:oipunk-bg.png;
#LYRICSPATH:;
#CDTITLE:!a0title.png;
#MUSIC:oipunk.mp3;
#OFFSET:-2.393;
#SAMPLESTART:33.444;
#SAMPLELENGTH:12.000;
#SELECTABLE:YES;
#BPMS:0.000=200.000;
#STOPS:;
#BGCHANGES:;
// cache tags:
#FIRSTBEAT:0.000;
#LASTBEAT:302.000;
#SONGFILENAME:Songs/All Songs/Oi Punk/oipunk.sm;
#HASMUSIC:1;
#HASBANNER:1;
#MUSICLENGTH:98.252;
// end cache tags

//---------------dance-single - ----------------
#NOTES:
     dance-single:
     :
     Hard:
     12:
     1.000,1.000,1.000,0.000,0.427,532.000,249.000,0.000,0.000,0.000:  // measure 1
1100
0000
0011
0001
1001
0000
0011
0000
0110
0000
1010
0000
0101
0000
1010
0000
,  // measure 2
1100
0000
0011
0001
1001
0000
0011
0000
0110
0000
1010
0000
0101
0000
1010
0000
,  // measure 3
1100
0000
0011
0001
1001
0000
0011
0000
0110
0000
1010
0000
0101
0000
1010
0000
,  // measure 4
1100
0000
0011
0001
1001
0000
0011
0000
0000
0100
0010
0100
1000
0100
0010
0100
,  // measure 5
1000
0000
0011
0001
1001
0000
0011
0000
0110
0000
1010
0000
0101
0000
1010
0000
,  // measure 6
1100
0000
0011
0001
1001
0000
0011
0000
0110
0000
1010
0000
0101
0000
1010
0000
,  // measure 7
1100
0000
0011
0001
1001
0000
0011
0000
0110
0000
1010
0000
0101
0000
1010
0000
,  // measure 8
1100
0000
0011
0001
0011
0000
1001
0000
0001
1000
0010
1000
0001
1000
0100
1000
,  // measure 9
1100
0010
0010
0101
0010
0010
0100
0010
,  // measure 10
0000
0010
1000
0100
0100
0010
0010
0001
,  // measure 11
1010
0000
0011
0000
,  // measure 12
0100
0000
0001
1000
,  // measure 13
0000
1000
0011
0000
,  // measure 14
1000
0000
0000
0000
0001
1000
0010
0001
,  // measure 15
1010
0000
0011
0000
,  // measure 16
0100
0000
0001
0010
,  // measure 17
0000
0010
0101
0000
,  // measure 18
0100
0000
0000
0000
0000
0000
0000
0000
0000
0001
1000
0001
1000
0001
1000
0001
,  // measure 19
1010
0000
0101
0000
,  // measure 20
1000
0000
0010
1000
,  // measure 21
0000
1000
0011
0000
,  // measure 22
1000
0000
0000
0000
0001
1000
0010
0001
,  // measure 23
1010
0000
0101
0000
,  // measure 24
1000
0000
0001
0010
,  // measure 25
1000
1010
0100
0001
,  // measure 26
0100
0000
0001
0000
1000
0000
0001
0000
0000
0010
1000
0010
1000
0010
1000
0010
,  // measure 27
1001
1100
1001
1100
,  // measure 28
1001
1000
1010
1000
1100
0000
0000
0000
1001
1000
1010
1000
1100
0000
0000
0000
,  // measure 29
1010
1100
1010
1100
,  // measure 30
1001
1000
1010
1000
1100
0000
0000
0000
1001
1000
1010
1000
1100
0000
0000
0000
,  // measure 31
1001
0100
0011
0100
1001
0100
0011
0100
,  // measure 32
1001
0001
0101
0001
0011
0000
0000
0000
1001
0001
0101
0001
0011
0000
0000
0000
,  // measure 33
1001
0100
0011
0100
1001
0100
0011
0100
,  // measure 34
1001
0001
0101
0001
0011
0000
0000
0000
1001
0001
0101
0001
0011
0000
0000
0000
,  // measure 35
1100
0000
0001
0000
,  // measure 36
0000
0000
0000
0000
,  // measure 37
1000
0000
0000
0000
,  // measure 38
1010
0000
0000
0000
0001
0000
0000
0000
0010
0001
1000
0001
1000
0001
1000
0001
,  // measure 39
0110
0000
0101
0100
0110
0000
0101
0000
1010
0000
0011
0000
1010
0000
1001
0000
,  // measure 40
0110
0000
0101
0100
0110
0000
0101
0000
1010
0000
0011
0000
1010
0000
1001
0000
,  // measure 41
0110
0000
0101
0100
0110
0000
0101
0000
1010
0000
0011
0000
1010
0000
1001
0000
,  // measure 42
0110
0000
0101
0100
0110
0000
0101
0000
0000
1000
0001
0010
0001
0100
0001
1000
,  // measure 43
0110
0000
0101
0100
0110
0000
0101
0000
1010
0000
0011
0000
1010
0000
1001
0000
,  // measure 44
0110
0000
0101
0100
0110
0000
0101
0000
1010
0000
0011
0000
1010
0000
1001
0000
,  // measure 45
0110
0000
0101
0100
0110
0000
0101
0000
1010
0000
0011
0000
1010
0000
1001
0000
,  // measure 46
0110
0000
0101
0100
0110
0000
0101
0000
1010
0000
0011
0000
1010
0000
1001
0000
,  // measure 47
0000
0000
0010
0000
0100
0000
0010
0000
0010
0100
0010
0100
0010
0100
0010
0100
,  // measure 48
1010
0010
1000
0010
1001
0010
1000
0010
,  // measure 49
1100
0010
1000
0010
1000
0010
1100
0010
,  // measure 50
1001
0010
1001
0010
1100
0010
1000
0010
,  // measure 51
1010
0010
1000
0010
1000
0010
1000
0010
,  // measure 52
1010
0010
1000
0010
1100
0010
1000
0010
,  // measure 53
1001
0010
1000
0010
1000
0010
1001
0010
,  // measure 54
1100
0010
1100
0010
1001
0010
1000
0010
,  // measure 55
1010
0010
1000
0010
1000
0010
1000
0010
,  // measure 56
1010
0010
1000
0010
1001
0010
1000
0010
,  // measure 57
1100
0010
1000
0010
1000
0010
1100
0010
,  // measure 58
1001
0010
1001
0010
1100
0010
1000
0010
,  // measure 59
1010
0010
1000
0010
1000
0010
1000
0010
,  // measure 60
1010
0010
1000
0010
1100
0010
1000
0010
,  // measure 61
1001
0010
1000
0010
1000
0010
1001
0010
,  // measure 62
1100
0010
1100
0010
1001
0010
1000
0010
,  // measure 63
1100
0000
0001
0000
1000
0000
0001
0000
0010
0100
0010
0100
0010
0100
0010
0100
,  // measure 64
1001
1100
1001
1100
,  // measure 65
1001
1000
1010
1000
1100
0000
0000
0000
1001
1000
1010
1000
1100
0000
0000
0000
,  // measure 66
1010
1100
1010
1100
,  // measure 67
1001
1000
1010
1000
1100
0000
0000
0000
1001
1000
1010
1000
1100
0000
0000
0000
,  // measure 68
1001
0100
0011
0100
1001
0100
0011
0100
,  // measure 69
1001
0001
0101
0001
0011
0000
0000
0000
1001
0001
0101
0001
0011
0000
0000
0000
,  // measure 70
1001
0100
0011
0100
1001
0100
0011
0100
,  // measure 71
1001
0001
0101
0001
0011
0000
0000
0000
1001
0001
0101
0001
0011
0000
0000
0000
,  // measure 72
1100
0000
0000
0000
1000
0001
0000
0000
,  // measure 73
0100
0000
0100
0000
,  // measure 74
0011
0000
0001
0000
,  // measure 75
1010
0000
0000
0000
1010
0000
0000
0000
1000
0001
0010
0001
0010
0001
0010
0001
,  // measure 76
0110
1100
0001
0000
;
