#TITLE:Era Bounce Connected;
#SUBTITLE:(NostalMix);
#ARTIST:TaQ;
#TITLETRANSLIT:;
#SUBTITLETRANSLIT:;
#ARTISTTRANSLIT:;
#CREDIT:;
#BANNER:era-banner.png;
#BACKGROUND:era-bg.png;
#LYRICSPATH:;
#CDTITLE:cdtitle.jpg;
#MUSIC:Era (Nostalmix) Bounce Connected.mp3;
#OFFSET:-5.291;
#SAMPLESTART:75.168;
#SAMPLELENGTH:17.760;
#SELECTABLE:YES;
#BPMS:0.000=180.000,144.000=90.000,176.000=180.000;
#STOPS:;
#BGCHANGES:;
// cache tags:
#FIRSTBEAT:0.000;
#LASTBEAT:271.750;
#SONGFILENAME:Songs/All Songs/Era (Nostalmix) Bounce Connected/Era.sm;
#HASMUSIC:1;
#HASBANNER:1;
#MUSICLENGTH:126.909;
// end cache tags

//---------------dance-single - ----------------
#NOTES:
     dance-single:
     :
     Challenge:
     12:
     0.888,1.000,1.000,0.221,0.705,632.000,129.000,28.000,0.000,0.000:
1000
0000
0100
0000
0100
0000
1000
0000
0100
0000
0010
0000
0001
1000
0001
0000
,
0010
0000
0100
0000
0100
0000
0010
1000
0010
0000
0100
0000
0100
0000
0010
0000
,
1000
0000
0001
0010
0001
0000
0100
0000
0010
0000
0001
0000
1000
1000
0200
0300
,
0001
0000
0010
0000
0010
0000
0001
0000
0010
1000
0010
0000
0110
0000
0000
0000
,
1100
0000
0100
0000
0101
0000
0100
0000
0100
0000
1100
0000
0010
0100
0010
0000
,
1010
0000
0100
0000
1010
0000
0100
0001
0100
0000
1010
0000
0101
0000
0010
0000
,
1001
0000
0000
0010
0100
0000
0100
0000
1000
0000
0110
0000
0001
1000
0001
0000
,
0011
0000
0100
0000
0011
0000
0100
0000
0100
1000
0100
0000
0011
0000
1100
0000
,
0011
0000
0100
1000
0100
0000
0010
0000
0011
0000
0010
0000
1100
0000
0100
0010
,
0100
0000
1000
0100
1000
0000
0010
0001
0010
0000
1001
0000
0110
0000
0001
0000
,
0100
1000
0100
0010
0001
0000
1000
0000
0100
0010
0100
0000
0010
0000
0100
0100
,
0010
0001
0010
0000
2100
0000
0000
3000
0001
1000
0001
1000
0100
0010
0001
0000
,
0110
0000
0110
0000
0001
0000
0010
0000
1000
0001
1000
0000
0110
0000
0010
0100
,
0010
0000
0010
0000
1100
0000
0010
0000
0010
0000
1100
0000
0010
0000
0100
0010
,
0001
0000
0001
0000
0110
0000
1000
0000
1000
0000
0110
0000
1001
0000
0010
0100
,
0010
0000
0010
0000
1001
0000
0010
0000
0010
1000
0010
0100
0010
1000
0010
0000
,
0010
0000
0010
0000
0011
0000
0010
0000
0010
0000
0011
0000
0100
0000
0010
1000
,
0100
0100
1001
0010
0010
1001
0100
1001
,
0010
1100
0010
1100
0100
0011
0100
0011
,
1000
0000
0101
0000
1000
0000
0101
0000
0010
0000
1000
0100
0010
0001
0010
0100
,
1000
0000
1000
0000
1010
0000
0100
0000
0100
0000
0011
0000
0010
0100
1000
0010
,
0100
0000
0000
0000
0000
0000
0100
0000
0000
0000
0000
0000
0011
0000
0000
0000
0000
0000
0010
0000
0000
1000
0000
0000
0010
0000
0000
0000
0000
0000
0110
0000
0000
0000
0000
0000
0001
0000
0000
0100
0000
0000
0010
0000
1000
0000
0010
0000
,
1000
0000
1000
0000
0110
0000
0001
1000
0001
0000
0110
0000
0001
0010
0100
0010
,
0001
0000
0000
0000
0000
0000
0001
0000
0000
0000
0000
0000
1010
0000
0000
0000
0000
0000
0100
0000
0000
0010
0000
0000
0001
0000
0000
0000
0000
0000
0110
0000
0000
0000
0000
0000
1000
0000
0000
0100
0000
0000
0010
0000
0001
0000
0010
0000
,
0001
0000
0001
0000
0110
0000
1000
0000
1000
0000
0110
0000
0001
0010
0100
0010
,
0100
0000
0000
0000
0000
0000
1000
0000
0000
0100
0000
0000
1000
0000
0000
0000
0000
0000
0100
0000
0000
0010
0000
0000
0100
0000
0000
0000
0000
0000
0011
0000
0000
0000
0000
0000
0010
0000
0000
0100
0000
0000
1000
0000
0100
0000
0010
0000
,
0001
0000
0001
0000
0110
0000
1000
0000
1000
0100
0010
0100
0010
0000
0010
0001
,
0010
0000
0010
0000
1100
0000
0100
0010
0001
0000
1010
0100
0010
0001
0010
0100
,
0020
0000
0000
0000
0000
0000
0000
0000
0000
0000
0000
0000
0000
0000
0000
0030
,
0200
0000
0000
0000
0000
0000
0000
0000
0000
0000
0000
0000
0000
0000
0000
0300
,
2000
0000
0000
0000
0000
0000
0000
0000
0000
0000
0000
0000
0000
0000
0000
3000
,
0002
0000
0000
0000
0000
0000
0000
0000
0000
0000
0000
0000
0000
0000
0000
0003
,
2100
0000
0000
3000
0012
0000
0000
0003
0210
0000
0000
0300
0120
0000
0000
0030
,
2100
0000
0000
3000
0012
0000
0000
0003
0210
0000
0000
0300
0120
0000
0000
0030
,
2000
0000
0000
0000
0000
0000
0000
0000
0000
0000
0000
0000
0000
0000
0000
3000
,
0002
0000
0000
0000
0000
0000
0000
0000
0000
0000
0000
0003
0220
0000
0000
0330
,
1100
0000
0010
0000
1000
0000
0010
0000
0011
0000
1000
0000
0100
0000
0010
0001
0010
0001
0010
0000
1000
0000
1000
0000
0101
0000
0010
0000
0001
0000
0010
0000
,
1000
0100
1000
0100
0011
0100
0010
0100
1000
0001
1000
0001
0110
1000
0001
1000
,
0100
0000
0010
0000
0001
0000
0010
0000
1100
0000
1000
0000
0100
0000
0010
1000
0010
1000
0010
0000
0100
0000
0100
0000
0110
0000
0001
0000
0010
0000
0100
0000
,
1000
0100
0010
0100
0011
0100
1000
0010
0100
0010
0001
0010
1100
0010
0001
0010
,
0100
0000
1000
0000
0100
0000
0010
0000
0101
0000
0010
0000
0100
0000
0001
1000
0001
1000
0001
0000
0010
0000
0010
0000
1100
0000
0010
0000
0001
0000
0010
0000
,
0100
0000
0010
0000
0100
0000
0010
0000
1001
0000
0100
0000
1000
0000
0100
0010
0100
0010
0100
0000
0010
0000
0010
0000
1100
0000
0001
0000
0010
0000
0100
0000
,
1000
0000
0100
0000
1000
0000
0100
0000
0011
0000
0100
0000
0010
0000
0001
1000
0001
1000
0001
0000
0010
0000
0010
0000
1100
0000
0010
0000
0100
0000
0010
0000
,
0100
0000
0001
0000
0100
0000
0001
0000
1010
0000
0100
0000
0010
0000
1000
0100
0010
0001
0010
0000
0100
0000
0100
0000
0000
0000
0220
0000
0000
0000
0000
0330
,
0001
0000
0001
0000
1010
0000
0100
0010
0001
0000
0110
0000
0010
1000
0100
0010
,
0100
0000
0010
0001
0010
0000
0100
1000
0100
0000
0101
0000
0010
1000
0100
1000
,
0100
0000
0100
0000
1001
0000
1000
0010
1000
0000
0101
0000
0010
0001
0010
0001
,
0010
0000
0010
0000
1100
0000
0100
1000
0100
0000
0011
0000
0100
1000
0100
1000
,
0100
0000
0010
0000
1001
0000
0010
0000
0100
0000
1001
0000
0010
1000
0100
0010
,
0001
0000
0001
0000
0110
0000
1000
0100
0010
0000
0101
0000
0010
0000
0101
0000
,
1000
0000
0100
0000
0011
0000
0010
0100
0010
0100
1001
0000
0010
0100
1000
0100
,
0010
0001
0010
0100
1000
0000
0100
0010
0001
0000
0110
0000
0001
1000
0001
1000
,
0001
0000
0011
0000
0100
0000
1100
0000
0010
0000
0010
0000
0100
0010
0100
0010
,
0100
0000
1100
0000
0011
0000
0110
0000
1001
0000
0110
0000
0001
1000
0001
1000
,
0010
0000
1100
0000
0110
0000
0101
0000
1001
0000
1010
0000
0001
0010
0100
1000
,
0100
0000
0011
0000
1001
0000
0110
0000
1010
0000
0110
0000
1000
0010
0100
0010
,
1000
0000
0110
0000
0011
0000
1001
0000
1010
0000
0110
0000
0010
1000
0100
0010
,
0100
0000
0011
0000
1100
0000
0110
0000
0101
0000
1010
0000
0001
0010
0001
0100
,
0010
0100
0010
0000
1001
0000
0010
1000
0010
0000
0010
0100
0010
0000
0100
0010
,
0001
0010
0100
0000
1010
0000
0100
0000
0010
0000
1001
0000
0010
0100
0010
0100
,
1020
0000
0000
0030
2000
0000
0000
0000
0100
0000
0000
0000
0010
0000
0000
0000
,
0001
0000
0000
0000
0010
0000
0000
0000
0100
0000
0000
0000
0010
0000
0000
3000
,
0000
0000
0000
0000
0000
0000
0000
0000
0200
0000
0000
0300
0020
0000
0000
0000
,
0100
0000
1000
0000
0100
0000
0000
0030
,
2100
3200
0010
0001
,
0010
0000
0000
0000
0001
0000
0000
0000
0010
0000
0000
0000
0001
0000
0000
0300
,
0000
0000
0000
0000
0000
0000
0000
0000
2100
0000
0000
3000
0012
0000
0000
0000
,
1000
0000
0000
0000
0100
0000
0000
0000
0010
0000
0000
0000
0100
0000
0000
0003
;
