#TITLE:R3;
#SUBTITLE:(Omega Mix);
#ARTIST:DM Ashura feat. tiger YAMATO;
#TITLETRANSLIT:;
#SUBTITLETRANSLIT:;
#ARTISTTRANSLIT:;
#CREDIT:;
#BANNER:R3 (Omega Mix).png;
#BACKGROUND:R3 (Omega Mix)-bg.png;
#LYRICSPATH:;
#CDTITLE:!symbiosis.png;
#MUSIC:R3 (Omega Mix).mp3;
#OFFSET:-0.029;
#SAMPLESTART:31.907;
#SAMPLELENGTH:11.500;
#SELECTABLE:YES;
#BPMS:0.000=164.950;
#STOPS:;
#BGCHANGES:;
// cache tags:
#FIRSTBEAT:20.000;
#LASTBEAT:291.000;
#SONGFILENAME:Songs/All Songs/Symbiosis - R3 (Omega Mix)/R3 (Omega Mix).sm;
#HASMUSIC:1;
#HASBANNER:1;
#MUSICLENGTH:107.708;
// end cache tags

//---------------dance-single - ----------------
#NOTES:
     dance-single:
     :
     Hard:
     11:
     1.000,1.000,1.000,0.167,0.854,610.000,218.000,18.000,0.000,0.000:  // measure 1
0000
0000
0000
0000
,  // measure 2
0000
0000
0000
0000
,  // measure 3
0000
0000
0000
0000
,  // measure 4
0000
0000
0000
0000
,  // measure 5
0000
0000
0000
0000
,  // measure 6
1000
0001
1000
0001
,  // measure 7
0010
0100
0010
0100
,  // measure 8
1010
0000
0000
0101
0000
0000
1001
0000
0010
0000
0100
1000
0100
1000
0100
1000
,  // measure 9
0110
0000
0000
0100
0011
0000
1100
0000
0000
0001
0110
0000
0001
0000
0010
0000
,  // measure 10
0100
0000
0000
0010
0101
0000
1010
0000
0000
0100
1001
0000
0100
0000
1000
0000
,  // measure 11
0001
0000
0000
0100
0011
0000
1100
0000
0000
0001
0110
0000
0001
0000
0010
0000
,  // measure 12
0100
0000
0000
0010
0101
0000
0110
0000
0000
0100
1010
0000
0100
0000
1000
0000
,  // measure 13
0010
0000
0000
0100
1010
0000
0110
0000
0000
0010
0101
0000
0001
0000
0010
0000
,  // measure 14
0100
0000
0000
0010
1001
0000
1010
0000
0000
0001
0110
0000
0010
0000
1000
0000
,  // measure 15
0001
0000
0000
0100
1010
0000
0110
0000
0000
0001
0110
0000
0001
0000
0010
0000
,  // measure 16
0101
0000
0000
1001
0000
0000
0110
0000
0001
0000
0011
0000
1010
0000
0011
0000
,  // measure 17
2020
3030
0000
0110
0000
0000
0011
0000
0100
0000
0022
0033
1000
0000
0110
0000
,  // measure 18
0110
0000
0000
0011
0000
0000
1100
0000
0001
0000
2020
3030
0100
0000
0011
0000
,  // measure 19
0011
0000
0000
1100
0000
0000
0110
0000
1000
0000
0022
0033
1000
0000
0110
0000
,  // measure 20
0220
0330
0000
1010
0000
0000
0101
0000
0000
1010
0000
0000
0101
0000
0010
0000
,  // measure 21
2002
3003
0000
0110
0000
0000
0101
0000
0010
0000
0101
0000
1000
0000
0110
0000
,  // measure 22
0220
0330
0000
1100
0000
0000
0101
0000
0000
1010
0000
0000
1001
0000
0100
0000
,  // measure 23
2002
3003
0000
0011
0000
0000
1010
0000
0100
0000
0011
0000
1000
0000
0110
0000
,  // measure 24
0110
0010
0001
0100
0010
1000
0100
0010
0001
0100
0010
1000
1100
0000
0001
0000
,  // measure 25
1010
0000
0000
1001
0000
0000
1000
0000
0110
0000
1000
0000
0100
0000
0011
0000
,  // measure 26
0110
1000
0101
0010
0100
1001
0100
0001
,  // measure 27
1010
0000
0000
1100
0000
0000
0001
0000
0110
0000
1000
0000
0100
0000
0011
0000
,  // measure 28
0101
1000
0110
0001
0010
1001
0100
0010
,  // measure 29
0100
1000
0010
0100
0001
0010
0100
0010
0100
0010
0001
0100
0010
0100
0001
1000
,  // measure 30
0100
0001
0100
1000
0010
0001
0010
1000
0100
0010
0100
1000
0001
0100
0010
0100
,  // measure 31
0001
0010
1000
0010
0001
0100
0010
1000
0001
0100
0010
0100
0001
0010
0001
0010
,  // measure 32
0100
0010
0100
0010
0100
0010
0100
0010
0100
0010
1001
0000
0110
0000
0000
0000
,  // measure 33
1001
0101
0010
0101
1000
0101
0010
0101
,  // measure 34
1000
0101
0010
0101
1000
0101
1010
0100
,  // measure 35
0010
0110
1000
0110
0001
0110
1000
0110
,  // measure 36
1001
0100
0011
1000
0110
1100
0011
0110
,  // measure 37
0010
0001
0100
0010
1000
0100
0010
0001
1000
0010
1000
0100
0010
0001
0100
0010
,  // measure 38
1000
0100
0010
0001
0100
0010
0100
0001
0010
0100
0001
0100
0010
0001
1000
0010
,  // measure 39
1000
0001
1000
0010
0100
0001
0100
0001
0010
0100
0010
0001
0100
0010
1000
0001
,  // measure 40
0010
0100
1000
0100
0010
0001
0100
0010
1000
0001
0100
0000
1001
0000
0000
0000
,  // measure 41
1001
0100
1001
0010
1001
0100
1001
0010
,  // measure 42
1001
0100
1001
0010
1001
0110
1001
0110
,  // measure 43
0000
1000
0000
1000
0000
0100
0000
0100
,  // measure 44
0011
0000
0000
0101
0000
0000
0011
0000
0001
0000
0010
0001
0010
0001
0010
0001
,  // measure 45
1010
0000
0000
0100
0011
0000
0110
0000
0000
1000
0110
0000
1000
0000
0001
0000
,  // measure 46
0110
0000
0000
0010
1100
0000
0011
0000
0000
0100
1001
0000
0100
0000
0001
0000
,  // measure 47
0110
0000
0000
0100
1010
0000
0101
0000
0000
1000
0011
0000
1000
0000
0010
0000
,  // measure 48
0101
0000
0000
0001
1010
0000
0101
0000
0000
0010
1001
0000
0100
0000
0010
0000
,  // measure 49
1100
0000
0000
0001
0110
0000
0101
0000
0000
0010
1100
0000
0010
0000
0001
0000
,  // measure 50
0110
0000
0000
0010
1100
0000
0011
0000
0000
0100
1010
0000
0100
0000
0001
0000
,  // measure 51
1100
0000
0000
0100
1010
0000
1001
0000
0000
0100
0011
0000
1000
0000
0001
0000
,  // measure 52
0101
0000
0000
1001
0000
0000
0110
0000
0101
0000
1001
0000
0101
0000
1001
0000
,  // measure 53
0101
0000
0000
1001
0000
0000
0110
0000
0001
0000
1100
0000
0010
0000
1100
0000
,  // measure 54
0110
0000
0000
1100
0000
0000
0101
0000
1000
0000
0110
0000
1001
0000
0001
0000
,  // measure 55
0110
0000
0000
1100
0000
0000
0110
0000
1000
0000
0011
0000
0100
0000
1010
0000
,  // measure 56
0101
0000
0000
0011
0000
0000
1100
0000
0000
0101
0000
0000
0110
0000
0010
0000
,  // measure 57
1001
0000
0000
0110
0000
0000
1001
0000
0010
0000
1100
0000
0001
0000
1100
0000
,  // measure 58
0110
0000
0000
0011
0000
0000
1100
0000
0000
0101
0000
0000
0110
0000
0001
0000
,  // measure 59
1010
0000
0000
0110
0000
0000
1100
0000
0010
0000
1001
0000
0100
0000
1010
0000
,  // measure 60
0011
0010
0001
0100
0010
1000
0100
0010
0001
0100
0010
1000
0101
0000
0000
0000
,  // measure 61
1001
0000
0000
0100
1010
0000
0110
0000
0000
1000
0101
0000
1000
0000
0100
0000
,  // measure 62
0010
0000
0000
0100
1010
0000
1100
0000
0000
0010
0101
0000
0010
0000
0001
0000
,  // measure 63
0100
0000
0000
0010
1100
0000
0011
0000
0000
1000
0101
0000
1000
0000
0100
0000
,  // measure 64
0010
0000
0000
0001
1010
0000
0110
0000
0000
1000
0011
0000
0100
0000
0010
0000
,  // measure 65
1000
0001
0100
0010
1000
0001
0100
0010
1000
0001
0100
0010
0100
0001
0010
1000
,  // measure 66
0010
0001
0100
0010
0001
0010
1000
0100
0010
0100
1000
0001
0100
0010
0100
0001
,  // measure 67
0010
0100
0001
0100
0010
0001
0100
0010
0001
0010
1000
0100
0010
0100
1000
0001
,  // measure 68
0100
0010
1000
0001
0100
0010
1000
0001
0100
0010
1000
0001
0010
0100
0010
0100
,  // measure 69
1001
0010
0100
0010
1001
0100
0010
0100
1001
0010
0100
0010
1001
0100
0010
0100
,  // measure 70
1001
0010
0100
0010
1001
0100
0010
0100
1001
0010
0100
0010
1001
0000
1001
0000
,  // measure 71
0011
0000
0000
0110
0000
0000
1100
0000
1001
0000
0000
0011
0000
0000
0110
0000
,  // measure 72
2200
0000
0000
0000
,  // measure 73
0000
0000
0000
3300
;
