#TITLE:The Mystical Potato Head Groove Thing;
#SUBTITLE:;
#ARTIST:Joe Satriani;
#TITLETRANSLIT:;
#SUBTITLETRANSLIT:;
#ARTISTTRANSLIT:;
#CREDIT:;
#BANNER:TMPHGT.png;
#BACKGROUND:TMPHGT-bg.png;
#LYRICSPATH:;
#CDTITLE:!apTitle.png;
#MUSIC:Joe Satriani - The Mystical Potato Head Groove Thing.mp3;
#OFFSET:-0.800;
#SAMPLESTART:36.815;
#SAMPLELENGTH:12.000;
#SELECTABLE:YES;
#BPMS:0.000=166.200;
#STOPS:;
#BGCHANGES:;
// cache tags:
#FIRSTBEAT:0.000;
#LASTBEAT:320.000;
#SONGFILENAME:Songs/All Songs/The Mystical Potato Head Groove Thing/The Mystical Potato Head Groove Thing.sm;
#HASMUSIC:1;
#HASBANNER:1;
#MUSICLENGTH:117.916;
// end cache tags

//---------------dance-single - ----------------
#NOTES:
     dance-single:
     :
     Hard:
     11:
     1.000,1.000,0.967,0.399,1.000,840.000,114.000,47.000,0.000,1.000:  // measure 1
1001
0100
0010
0001
1000
0100
1000
0001
0010
0100
1001
0010
0100
0010
0001
1000
,  // measure 2
0000
1001
1001
0010
0110
0000
1010
0000
,  // measure 3
1010
0100
0010
0001
0100
0001
0010
0100
0010
0001
1010
0100
0010
0001
0100
0010
,  // measure 4
0000
1010
1010
0100
1001
0000
1001
0000
,  // measure 5
1001
0010
0100
1000
0001
0010
0001
1000
0100
0010
1001
0100
0010
0100
1000
0001
,  // measure 6
0000
1001
1001
0100
0110
0000
0101
0000
,  // measure 7
0101
0010
0100
1000
0010
1000
0100
0010
0100
1000
0101
0010
0100
1000
0010
0100
,  // measure 8
0000
0101
0101
0010
1001
0000
1001
0000
,  // measure 9
1000
0100
0010
0001
0010
0001
1000
0100
0010
0001
0010
0001
1000
0100
0010
0001
,  // measure 10
0010
0001
1000
0100
0010
0001
0010
0001
0100
0001
1000
0010
1000
0010
0100
0001
,  // measure 11
1000
0010
1000
0010
0100
0001
1000
0010
1000
0010
0100
0001
1000
0010
1000
0010
,  // measure 12
0100
1000
0001
0100
0001
0100
0010
1000
0001
0100
0001
0100
0010
1000
0001
0100
,  // measure 13
0001
0100
0010
1000
0001
0100
0001
0100
0001
0010
0100
1000
0100
1000
0001
0010
,  // measure 14
0100
1000
0100
1000
0001
0010
0100
1000
0100
1000
0001
0010
0100
1000
0100
1000
,  // measure 15
0010
0001
0010
0100
1000
0100
0010
0001
0010
0100
1000
0100
0001
0100
0010
1000
,  // measure 16
0001
0100
0010
0001
0010
0100
1000
0010
0101
0000
0010
0000
1100
0000
0011
0000
,  // measure 17
1010
0200
0310
0001
0020
0000
0030
0000
,  // measure 18
0010
0011
0000
0000
0010
0110
0100
0010
,  // measure 19
0001
0100
0001
0100
2000
0000
3000
0000
,  // measure 20
1000
1100
0000
0000
0010
0011
0010
0100
,  // measure 21
1000
0001
1000
0001
0200
0000
0300
0000
,  // measure 22
0010
0110
0000
0000
0010
1010
0001
0010
,  // measure 23
0100
1000
0100
1000
0020
0000
0030
0000
,  // measure 24
0001
1001
0000
0000
0010
0110
0100
0001
,  // measure 25
2000
0100
0010
0100
0001
0000
0000
0000
,  // measure 26
0001
0010
0100
0010
0001
0010
0001
3200
,  // measure 27
0000
0000
0301
0010
1000
0010
0001
0010
,  // measure 28
1000
0100
0010
0100
1000
0001
0010
0100
,  // measure 29
1000
0000
0100
0010
1000
0100
0010
0001
0100
0010
1000
0001
0100
0010
0100
1000
,  // measure 30
0100
0001
0100
0000
0100
0010
0100
0001
0010
0100
0010
0001
0010
0100
1000
0100
,  // measure 31
1000
0100
0010
0000
0001
0010
0100
0000
1000
0100
0010
0000
0001
0010
0100
0000
1000
0100
0010
0000
0001
0000
0010
0000
1000
0010
0001
0000
0010
0000
1000
0000
,  // measure 32
0100
0010
0001
0000
0010
0000
0100
0000
1000
0100
0001
0000
0100
0000
1000
0000
0100
0010
0001
0000
0010
0000
0100
0000
1000
0010
0001
0010
0100
0000
1000
0000
,  // measure 33
0001
0010
0100
1000
0100
0000
0010
0000
0100
0010
0001
0000
0010
0000
0100
0000
1000
0100
0010
0000
0001
0000
0010
0000
0100
1000
0100
0000
0001
0000
0100
0000
,  // measure 34
1000
0100
0010
0000
0001
0000
0100
0000
1000
0100
0010
0000
0001
0000
0010
0000
1000
0100
0010
0000
0001
0010
0100
1000
0100
0010
0001
0010
0200
0000
0000
0000
,  // measure 35
0300
0010
1002
0000
1000
0000
1003
0000
0010
0000
0200
0320
0230
0000
2300
0000
,  // measure 36
3020
0000
0000
0030
0200
0000
0000
0000
0302
0000
0000
0000
0023
0000
0000
0000
2030
0000
3200
0000
2300
0000
3000
0000
0020
0000
0000
0000
0000
0000
0000
0000
,  // measure 37
0031
1000
0010
0100
1000
0001
0010
1000
0010
0100
0001
1000
0010
0100
1000
0100
,  // measure 38
0001
1000
0010
0100
1000
0001
0010
1000
0010
0100
0001
1000
0010
0100
2000
0000
,  // measure 39
0000
0000
0000
0000
0000
0000
3000
0000
0000
0000
0000
0000
0100
0000
0000
0010
0000
0000
0001
0000
0000
0000
0010
0000
0000
0000
0000
0000
1000
0000
0000
0000
0000
0010
0000
0000
1000
0000
0000
0000
0100
0000
0000
0000
0010
0000
0000
0000
,  // measure 40
0001
0000
0000
0000
0100
0000
0000
0000
0010
0000
0000
0000
0100
0000
0000
0000
1000
0000
0000
0000
0010
0000
0000
0000
0100
0000
0000
1000
0000
0000
0001
0000
0000
1000
0000
0000
0001
0000
0000
1000
0000
0000
0001
0000
0000
1000
0000
0000
,  // measure 41
0110
0010
1010
1100
0101
0101
0101
1010
,  // measure 42
0101
0101
1100
0110
0102
0000
1103
0110
,  // measure 43
0101
0110
1100
0011
0110
2020
3030
0101
,  // measure 44
1010
0202
0303
1010
0110
0011
2200
3300
,  // measure 45
1000
0000
0000
0000
0000
0000
0100
0000
0000
0000
0000
0000
0010
0000
0000
0000
0000
0000
0001
0000
0000
0000
0000
0000
0010
0000
0000
0000
0000
0000
0000
0000
0000
0000
0000
0000
0100
0000
0000
0000
0000
0000
0000
0000
0000
0000
0000
0000
1000
0000
0000
0000
0000
0000
0000
0000
0100
0000
0000
0000
0000
0000
0000
0000
0010
0000
0000
0000
0000
0000
0000
0000
0001
0000
0000
0000
0000
0000
0000
0000
0010
0000
0000
0000
0000
0000
0000
0000
0001
0000
0000
0000
0000
0000
0000
0000
0010
0000
0000
0000
0000
0000
0000
0000
0100
0000
0000
0000
0000
0000
0000
0000
1000
0000
0000
0000
0000
0000
0000
0000
0200
0000
0000
0000
0000
0000
0000
0000
0000
0000
0000
0000
0000
0000
0000
0000
0000
0000
0000
0000
0000
0000
0000
0000
0300
0000
0000
0000
0000
0000
0000
0000
0000
0000
0000
0000
0000
0000
0000
0000
0000
0000
0000
0000
0000
0000
0000
0000
0110
0000
0000
0000
0000
0000
0000
0000
0000
0000
0000
0000
0000
0000
0000
0000
0000
0000
0000
0000
0000
0000
0000
0000
,  // measure 46
1010
0000
0000
0000
0120
0000
0000
0000
0000
0000
0000
0000
0032
0000
0000
0000
0000
0000
0000
0000
0003
0000
0000
0000
1000
0100
0010
0001
1000
0100
0010
0001
,  // measure 47
1000
0001
0100
0010
0100
1000
0010
0100
,  // measure 48
1010
0000
0000
0000
0000
0000
0101
0000
0000
0000
0000
0000
0110
0000
0000
0000
0000
0000
1010
0000
0000
0000
0000
0000
0100
0000
0010
0000
1000
0000
0100
0000
0000
0001
0000
0000
0001
0000
0000
0010
0000
0000
0010
0000
0000
0100
0000
0000
,  // measure 49
1020
0000
0031
0021
0000
1030
1200
0000
,  // measure 50
0300
0000
0000
0000
0000
0000
0010
0000
0100
0000
0000
0000
0000
0000
0000
0100
0010
0000
0000
0000
0000
0000
0000
0000
0010
0000
0001
0000
0000
0000
0000
0000
0000
0000
0000
0000
0001
0000
1000
0000
0000
0000
0010
0000
0000
0000
0100
0000
,  // measure 51
0001
2000
0000
0000
0000
0000
3000
0000
0000
1000
0200
0000
0000
0000
0000
0000
0300
0000
0100
0020
0000
0000
0000
0000
,  // measure 52
0000
0000
0030
0100
1001
0010
0100
0110
,  // measure 53
2000
0000
0000
0200
0000
0000
3300
0000
,  // measure 54
0001
0100
0010
0100
1000
0010
0100
0010
,  // measure 55
1002
0000
0013
0120
0000
1030
2200
0000
,  // measure 56
0000
0000
0000
0000
3300
0000
1000
0100
0011
0000
0100
0000
0001
0001
0010
0000
,  // measure 57
1001
0000
0100
0010
1100
0000
0101
0000
0100
0010
0100
0000
2020
0000
3030
0000
,  // measure 58
0001
0010
0001
0000
1010
0000
1000
0000
0011
0000
0110
0000
1000
0000
0100
0000
,  // measure 59
1100
0000
0010
0001
0110
0000
1001
0000
0001
0010
0001
0000
0110
0000
0000
0000
,  // measure 60
1000
0100
1000
0000
0011
0000
0100
0000
1001
0000
0110
0000
0100
0001
1000
0000
,  // measure 61
0110
0000
0100
0010
1100
0000
0101
0000
1000
0100
1000
0000
0011
0000
0000
0000
,  // measure 62
0100
0010
0100
0000
1001
0000
0100
0000
1001
0100
0010
0000
0010
0000
1000
0000
,  // measure 63
0011
0000
0000
0000
0000
0000
0001
0000
0000
1000
0000
0000
0101
0000
0000
0000
0000
0000
1010
0000
0000
0000
0000
0000
0001
0000
0000
0100
0000
0000
0001
0000
0000
0000
0000
0000
0110
0000
0000
0000
0000
0000
0000
0000
0100
0000
0000
0000
,  // measure 64
0001
0010
0100
1000
0010
0100
0001
0010
0001
1000
0100
0001
,  // measure 65
0110
0000
1000
0000
0100
0010
0100
0000
1000
0000
0010
0100
1000
0000
0100
0000
,  // measure 66
0001
0000
0100
0000
0010
0000
0100
0000
1000
0100
1000
0000
0001
0010
0001
0000
,  // measure 67
1100
0000
0001
0000
0100
1000
0100
0000
0001
0000
0010
0100
1000
0000
0010
0000
,  // measure 68
0100
0000
0001
0000
0100
0010
0100
0000
0001
0010
0001
0000
0100
0000
0010
0000
,  // measure 69
0110
0000
1000
0000
0010
0100
0010
0000
1000
0000
0100
0010
0001
0000
0010
0000
,  // measure 70
1000
0000
0010
0000
0100
1000
0100
0000
0001
0010
0001
0000
0010
0000
1000
0000
,  // measure 71
0011
0100
0010
1100
0010
0100
0011
0100
,  // measure 72
0010
0000
1100
0000
0010
0000
0001
0000
0010
0100
1000
0001
0010
0100
1000
0010
,  // measure 73
0101
0000
1000
0000
0010
1000
0010
0000
0100
0000
0010
0100
0001
0000
1000
0000
,  // measure 74
0100
0000
0010
0000
1000
0000
0010
0000
0100
0010
0100
0000
0001
0010
0001
0000
,  // measure 75
1100
0000
0010
0000
1000
0001
1000
0000
0010
0000
0100
0010
0100
0000
1000
0000
,  // measure 76
0100
0000
0010
0000
0100
0010
0100
0000
0001
1000
0001
0000
0100
0000
1000
0000
,  // measure 77
0001
0000
0100
0000
0010
0000
0100
0000
0010
0100
0010
0000
0100
0001
0100
0000
,  // measure 78
0010
0000
0000
0100
0010
1000
0001
0000
0000
1000
0001
0010
0100
0000
0000
0100
1000
0001
0010
0000
0000
0010
0100
1000
,  // measure 79
0001
0000
0000
0000
0000
0000
0001
0000
0010
0000
0100
0000
1000
0000
0000
0000
0000
0000
1000
0000
0100
0000
0010
0000
0001
0000
0000
0000
0000
0000
0100
0000
0001
0000
1000
0000
0010
0000
0000
0000
0000
0000
0100
0000
0000
0010
0000
0000
,  // measure 80
0200
0000
0000
0000
0000
0000
0000
0000
0310
0001
0010
0001
1000
0100
0010
0001
,  // measure 81
1100
0000
0000
0000
;
