#TITLE:Mad Blast;
#SUBTITLE:~Drastic Aggression Style~;
#ARTIST:The Infection;
#TITLETRANSLIT:;
#SUBTITLETRANSLIT:;
#ARTISTTRANSLIT:;
#CREDIT:;
#BANNER:madblast-bn.png;
#BACKGROUND:madblast-bg.png;
#LYRICSPATH:;
#CDTITLE:!eggmanTitle.png;
#MUSIC:01.MAD BLAST ~DRASTIC AGGRESSION STYLE~.mp3;
#OFFSET:-0.300;
#SAMPLESTART:33.313;
#SAMPLELENGTH:12.000;
#SELECTABLE:YES;
#BPMS:0.000=180.000;
#STOPS:;
#BGCHANGES:;
// cache tags:
#FIRSTBEAT:0.000;
#LASTBEAT:265.500;
#SONGFILENAME:Songs/All Songs/Eggman - Mad Blast ~Drastic Aggression Style~/MadBlast.sm;
#HASMUSIC:1;
#HASBANNER:1;
#MUSICLENGTH:95.059;
// end cache tags

//---------------dance-single - ----------------
#NOTES:
     dance-single:
     :
     Hard:
     10:
     1.000,1.000,1.000,0.000,0.920,650.000,223.000,0.000,0.000,0.000:  // measure 1
1100
0000
1100
0000
1100
0100
0110
0010
,  // measure 2
0011
0000
0011
0001
1001
1000
1010
0010
,  // measure 3
0100
0010
0100
0010
0100
0010
0100
0010
0100
0010
0100
0010
0100
0010
0100
0010
,  // measure 4
0100
0010
0100
0010
0100
0010
0100
0010
0100
0001
1000
0100
1001
0000
0000
0000
,  // measure 5
0101
0000
0110
0000
1010
0000
0110
0000
0101
0000
0001
0100
0010
1000
0001
0000
,  // measure 6
1001
0000
1100
0000
0110
0000
0011
0000
1001
0000
0100
1000
0010
0100
0001
0000
,  // measure 7
0101
0000
0110
0000
0101
0000
0110
0000
1010
0000
0010
1000
0010
0100
0001
0000
,  // measure 8
1001
0000
1100
0000
0110
0000
0011
0000
0100
0000
0011
0100
0000
0100
0011
0000
,  // measure 9
1001
0000
1100
0000
0110
0000
1100
0000
0110
0000
0001
0010
0100
1000
0010
0000
,  // measure 10
1010
0000
0110
0000
1010
0000
0110
0000
0101
0000
0001
0100
0010
1000
0100
0000
,  // measure 11
1100
0000
0110
0000
1100
0000
0110
0000
0011
0000
0001
0010
0100
0010
0001
0000
,  // measure 12
1000
0010
0100
0001
1000
0100
0010
0100
1000
0010
0100
0001
1000
0001
0100
0010
,  // measure 13
1000
0100
0001
0100
1000
0010
0001
0010
1000
0100
0010
0001
0100
0010
0100
0000
,  // measure 14
0110
0000
0010
0100
0001
1000
0100
0010
0100
1000
0001
0100
0010
0000
0100
0001
,  // measure 15
1000
0000
0000
0000
0100
0000
0010
0000
0100
0000
1000
0000
0010
0000
0000
0000
1010
0000
0000
0000
1010
0000
0000
0000
0010
1000
0000
0000
0000
0000
0000
0000
,  // measure 16
0100
1000
0010
0100
0010
0100
0001
1000
0100
0001
0100
1000
0010
0000
0000
0000
,  // measure 17
0101
0000
0110
0000
1010
0000
1100
0000
0110
0000
0010
0100
1000
0010
0100
0000
,  // measure 18
0110
0000
0101
0000
0110
0000
1010
0000
1100
0000
0100
1000
0100
0010
0100
0000
,  // measure 19
1001
0000
0101
0000
0110
0000
0101
0000
1001
0000
1000
0100
0010
0001
0100
0000
,  // measure 20
0010
0100
0001
1000
0100
1000
0010
0100
0001
1000
0000
0100
0000
0010
0100
0010
,  // measure 21
0001
0000
0011
0000
1100
0000
0011
0000
1100
0000
0100
1000
0010
0100
0001
0000
,  // measure 22
0101
0000
1010
0000
0101
0000
1010
0000
1100
0000
0100
1000
0010
0100
0010
0000
,  // measure 23
0110
0000
0101
0000
0110
0000
1010
0000
1100
0000
0100
1000
0010
1000
0100
0000
,  // measure 24
1100
0000
1000
0100
1000
0000
1001
0000
,  // measure 25
0001
0000
0101
0000
0110
0000
0010
0000
1010
0000
0010
1000
0100
0010
0001
0000
,  // measure 26
1001
0000
1100
0000
0110
0000
0010
0000
0011
0000
0001
0010
0100
1000
0010
0000
,  // measure 27
1010
0000
0000
0000
0010
0000
0100
0000
0010
0000
0000
0000
1000
0100
1000
0100
,  // measure 28
1000
0000
1001
0000
0000
1001
0000
0000
1001
0000
0001
1000
0001
1000
0001
1000
,  // measure 29
0001
0000
0101
0000
0001
0100
0010
0100
0001
0000
0010
1001
0000
1001
0010
0000
,  // measure 30
1001
0000
0110
0000
0010
0100
1000
0010
0100
0000
0001
0110
0000
0110
0001
0000
,  // measure 31
1000
0100
1000
0100
1000
0100
1000
0100
0010
0001
0010
0001
0010
0001
0010
0001
,  // measure 32
0100
0001
0100
0001
0100
0001
0100
0001
0100
0010
0100
0010
0100
0010
0100
0010
,  // measure 33
1000
0000
0000
0000
0000
0000
0000
0000
0000
0000
0010
0000
1000
0000
0100
0010
,  // measure 34
0001
0000
0000
1000
0010
0000
0100
0000
0110
0000
0010
0100
0001
0000
0000
0000
,  // measure 35
1001
0000
0000
1000
0100
0000
0010
0000
0011
0000
1001
0000
1100
0000
0100
0000
,  // measure 36
0110
0000
0000
0010
0100
0000
1000
0000
1001
0000
0001
0100
0010
0000
0000
0000
,  // measure 37
0110
0000
0000
0010
0100
0000
0000
0000
0101
0000
1001
0000
1100
0000
0100
0000
,  // measure 38
0110
0000
0000
0010
0100
0000
1000
0000
1010
0000
0010
0100
0010
0000
0000
0000
,  // measure 39
1010
0000
0000
0010
1000
0000
0100
0000
0110
0000
0011
0000
1001
0000
0001
0000
,  // measure 40
0101
0000
0000
0100
0010
0000
1000
0000
1010
0000
1000
0010
0100
0000
0000
0000
,  // measure 41
0101
0000
0000
0001
0100
0000
0000
0000
0010
0100
0010
0100
0010
1000
0010
1000
,  // measure 42
0100
0000
0100
1000
1100
0000
0011
0000
,  // measure 43
0011
1001
0000
0000
1100
0110
0110
0011
,  // measure 44
1001
0000
1100
0000
0100
0010
0100
0110
,  // measure 45
0000
0000
0000
0000
0010
0000
0000
0000
0011
0000
0000
0000
0000
0000
0000
0000
0011
0000
0000
0000
0000
0000
0000
0000
0001
0010
0000
0000
0100
0000
0000
0000
,  // measure 46
1000
0010
0100
0010
1000
0100
0010
0001
0100
0000
0110
0000
0101
0000
0110
0000
,  // measure 47
1010
0110
0101
1001
1100
0110
0011
1001
,  // measure 48
1100
0110
1100
1010
0110
0101
1001
1100
,  // measure 49
0110
1100
1001
0101
0110
1010
1100
0110
,  // measure 50
1100
1001
0101
0110
1010
1100
0110
0011
,  // measure 51
1001
1010
0110
1010
1100
0110
0011
1001
,  // measure 52
1010
0110
0101
1001
1100
0110
0011
1001
,  // measure 53
1100
0110
1100
1001
0101
0110
0101
1001
,  // measure 54
1100
0000
0110
0000
0011
0000
1001
0000
1000
0100
0010
0000
0000
0000
0001
0010
,  // measure 55
0100
0000
1000
0010
0000
0000
0000
0000
1000
0010
1000
0100
0000
0010
0100
1000
,  // measure 56
0010
0100
0001
0000
0000
0000
1000
0001
0000
0000
1001
0000
1001
0000
1001
0000
,  // measure 57
1000
0100
1000
0010
0000
0000
1010
0000
0000
0000
0010
0100
0001
0000
0000
0000
,  // measure 58
0101
0000
0000
0101
0000
0000
0101
0000
1001
0000
1000
0000
1100
0000
0110
0000
,  // measure 59
0011
0001
1001
1100
0110
0100
1100
1001
,  // measure 60
0101
0100
0110
1010
1001
1000
1100
0110
,  // measure 61
0011
0001
0101
0100
0110
0010
1010
0110
,  // measure 62
0101
0000
0100
0000
0110
0000
1000
0000
0100
0010
0100
0010
0100
0000
1000
0001
,  // measure 63
1000
0001
1000
0000
0010
0100
0001
1000
0100
0000
0010
0100
1000
0010
0100
0000
,  // measure 64
0001
1000
0100
0010
0100
0000
1000
0010
0100
0001
1000
0100
0010
0000
0100
0010
,  // measure 65
0100
1000
0010
0000
0100
0001
1000
0100
0010
0000
0100
1000
0010
0100
0001
0000
,  // measure 66
1000
0100
1000
0010
0100
0000
0110
0000
0010
0100
0001
1000
0100
0010
0100
1000
,  // measure 67
0010
0100
0001
1000
0001
0100
0010
0000
0000
0000
0000
0000
0000
0000
0000
0000
;
