#TITLE:Karma;
#SUBTITLE:;
#ARTIST:Kamelot;
#TITLETRANSLIT:;
#SUBTITLETRANSLIT:;
#ARTISTTRANSLIT:;
#CREDIT:;
#BANNER:karma.png;
#BACKGROUND:karma-bg.png;
#LYRICSPATH:;
#CDTITLE:!skorTitle.png;
#MUSIC:karma.mp3;
#OFFSET:-12.760;
#SAMPLESTART:70.000;
#SAMPLELENGTH:12.000;
#SELECTABLE:YES;
#BPMS:0.000=155.000,196.000=77.500,209.000=155.000;
#STOPS:;
#BGCHANGES:;
// cache tags:
#FIRSTBEAT:0.000;
#LASTBEAT:272.750;
#SONGFILENAME:Songs/All Songs/karma (skor)/karma.sm;
#HASMUSIC:1;
#HASBANNER:1;
#MUSICLENGTH:126.380;
// end cache tags

//---------------dance-single - ----------------
#NOTES:
     dance-single:
     :
     Hard:
     11:
     1.000,1.000,0.823,0.016,1.000,834.000,104.000,2.000,0.000,0.000:  // measure 1
1000
0000
0001
0100
0001
0000
0001
0000
0000
0000
1000
0100
1000
0000
0001
0010
,  // measure 2
0001
0000
0010
0001
0010
0000
0010
0000
0000
0000
0010
0001
0010
0100
1000
0010
,  // measure 3
0100
0000
0100
0010
1000
0000
1000
0000
0000
0000
1000
0100
0010
0000
0100
0010
,  // measure 4
0001
0000
0001
0100
0010
0000
0010
0100
0001
0010
0100
1000
0010
0100
0001
1000
,  // measure 5
0110
0000
0010
0100
0001
0000
0001
0000
0000
0000
0001
1000
0100
0000
0100
1000
,  // measure 6
0010
0000
0010
0100
0010
0000
0010
0000
0000
0000
0010
1000
0001
0100
0010
1000
,  // measure 7
0001
0000
0001
0100
0001
0000
0001
0000
0000
0000
0001
0010
0001
0000
0001
0100
,  // measure 8
0010
0000
0010
1000
0001
0000
0001
0100
0010
1000
0010
0100
0001
0010
0100
1000
,  // measure 9
0001
0000
0001
0100
0010
0000
0010
0000
0000
0000
0010
1000
0001
0000
0001
1000
,  // measure 10
0100
0000
0100
0010
0001
0000
0001
0000
0000
0000
0001
0100
0010
0100
0010
1000
,  // measure 11
0001
0000
0001
0010
0100
0000
0100
0000
0000
0000
0100
1000
0010
0000
0010
0100
,  // measure 12
0010
0000
0010
1000
0010
0000
0010
0100
0001
0100
0010
1000
0010
0100
0001
0010
,  // measure 13
0100
0000
0100
0010
0001
0000
0001
0000
0000
0000
0001
0100
0010
0000
0010
1000
,  // measure 14
0001
0000
0001
0010
0100
0000
0100
0000
0000
0000
0100
1000
0010
0100
0010
1000
,  // measure 15
0001
0000
0001
0100
0010
0000
0010
0000
0000
0000
0010
1000
0001
0000
0001
0100
,  // measure 16
0001
0000
1000
0100
1000
0000
0001
0100
0010
1000
0001
0010
0100
1000
0100
0010
,  // measure 17
1001
0100
1000
0100
1000
0100
1000
0100
1000
0100
1000
0100
1000
0100
1000
0100
,  // measure 18
0011
0001
0010
0001
0010
0001
0010
0001
0010
0001
0010
0001
0110
0100
0010
0100
,  // measure 19
1100
0100
1000
0100
1000
0100
1000
0100
0010
0001
0010
0001
0010
0001
0010
0001
,  // measure 20
0100
0010
0100
0010
0100
0010
0100
0010
0100
0010
0100
0010
0100
0010
0100
0010
,  // measure 21
1010
0100
0001
0100
0001
0100
0001
0100
0001
0100
0001
0100
0001
0100
0001
0100
,  // measure 22
1100
0010
0001
0010
0001
0010
0001
0010
0001
0010
0001
0010
0110
1000
0001
1000
,  // measure 23
1100
0001
0100
0001
0100
0001
0100
0010
1000
0010
0100
0001
0100
0001
0100
0001
,  // measure 24
0100
0001
0100
0001
0100
0010
1000
0100
0010
0001
0100
0010
1000
0010
0100
0001
,  // measure 25
1001
1000
0100
1000
0100
1000
0100
0010
0001
0010
0100
1000
0100
1000
0100
1000
,  // measure 26
1010
0001
0100
0001
0100
0001
0100
0010
1000
0010
0100
0001
1001
0010
0100
0010
,  // measure 27
1100
1000
0100
1000
0100
1000
0010
0100
0001
0100
0010
1000
0100
0010
0100
1000
,  // measure 28
0010
0100
0001
0010
0100
0010
0001
0100
0010
1000
0100
0010
0001
0100
0010
1000
,  // measure 29
0011
0001
0100
0010
1000
0010
0100
0001
0010
0100
1000
0100
0010
0001
1000
0100
,  // measure 30
0110
1000
0100
0010
0100
1000
0010
0100
0010
1000
0001
0100
1100
0000
0000
0000
,  // measure 31
1000
0100
0010
0001
0010
0000
0000
0000
0001
0010
0100
1000
0100
0000
0000
0000
,  // measure 32
1000
0010
0100
0001
0100
0000
0000
0000
0001
0100
0010
1000
0010
0100
0001
0100
,  // measure 33
1001
0100
0010
1001
0000
0000
0000
0000
,  // measure 34
1010
0001
0100
0101
0000
0000
0000
0000
,  // measure 35
1001
1000
1000
0011
0000
0010
0011
0000
,  // measure 36
0011
0000
0110
0100
1000
1100
0000
0100
,  // measure 37
1100
0000
1100
0000
0110
0100
0001
0101
,  // measure 38
0000
0001
0101
0000
0101
0000
1010
0010
,  // measure 39
1000
0101
0000
0100
0101
0000
0101
0010
,  // measure 40
1010
1000
1000
1010
0000
1000
1010
0000
,  // measure 41
1100
0000
0101
0100
0010
0110
0000
0010
,  // measure 42
0110
0000
0101
0000
1010
0100
0001
0101
,  // measure 43
0000
0001
0101
0000
0110
0000
1100
0100
,  // measure 44
0010
0000
0011
0000
0000
0000
0010
0000
0011
0000
0010
0000
0101
0100
0010
1000
,  // measure 45
1001
1000
1000
1001
1000
1000
1001
0000
,  // measure 46
1010
0000
1100
0100
1000
1100
0100
1000
,  // measure 47
1100
0000
1001
0000
0011
0001
0010
0011
,  // measure 48
0001
0010
0011
0000
0110
0000
1010
1000
,  // measure 49
0010
1010
1000
0010
1010
0100
0011
1000
,  // measure 50
0101
0100
0100
1010
0100
0100
1001
0100
0100
0100
0110
0100
0011
1000
1000
0101
,  // measure 51
1000
1000
0110
1000
1000
0100
0011
0100
1100
0001
0001
1010
0001
0001
0110
0001
,  // measure 52
0001
0000
0110
0000
1000
0000
1000
0000
1001
0000
0100
0000
0010
0000
0110
0000
1000
0000
0001
0000
1001
0010
0100
0001
1000
0010
0100
0001
1000
0100
0010
0001
,  // measure 53
1000
0100
0010
0001
1000
0010
0100
0010
1001
0000
0100
0000
0010
0000
0100
0000
1000
0000
0100
0000
0010
0000
0001
0000
0010
0000
0100
0000
1000
0000
0100
0000
,  // measure 54
0010
0100
1000
0100
1001
0100
0010
0100
0001
0100
0010
1000
0010
0100
0001
0100
,  // measure 55
1010
0001
0100
0001
1100
0010
0100
0001
0100
0010
1000
0100
0010
0001
0010
0100
,  // measure 56
1000
0010
0100
0001
0100
0010
1000
0100
0010
0001
0010
0100
1000
0010
0100
0001
,  // measure 57
0100
0010
1000
0100
1001
0100
0001
0010
0001
1000
0001
0010
0001
0100
0001
0010
,  // measure 58
0100
1000
0100
0010
1001
0100
1000
0010
1000
0001
1000
0010
1000
0100
1000
0100
,  // measure 59
0010
0001
0010
0100
1001
0001
0100
0001
0100
0001
0100
0010
1000
0010
0100
0001
,  // measure 60
0010
0001
0010
0001
1010
0000
0100
0000
1010
0000
0100
0000
0011
0000
0100
0000
,  // measure 61
1010
0000
1100
0000
1001
1000
0001
1000
0001
1000
0001
1000
0001
1000
0001
1000
,  // measure 62
0001
1000
0001
1000
0110
0100
0010
0100
0010
0100
0010
0100
0010
0100
0010
0100
,  // measure 63
1010
1000
0010
1000
0101
0100
0001
0100
0001
0100
0001
0100
0001
0100
0001
0100
,  // measure 64
0001
0100
0001
0100
0010
0100
0010
0100
0010
0100
0010
0100
0010
0100
0010
0100
,  // measure 65
0010
0100
0010
0100
1010
1000
0010
1000
0010
1000
0010
1000
0010
1000
0010
1000
,  // measure 66
0010
1000
0010
1000
0110
0001
0100
0001
0100
0001
0100
0001
1001
1000
0001
1000
,  // measure 67
0001
1000
0001
1000
0110
0010
0100
0010
0100
0010
0100
0010
1000
0010
0100
0001
,  // measure 68
0010
0100
1000
0100
1000
0100
1000
0100
1000
0100
1000
0100
1000
0100
1000
0100
,  // measure 69
2002
0000
0000
3003
0000
0000
0000
0000
0000
0000
0000
0000
0000
0000
0000
0000
;
