#TITLE:PARANOiA;
#SUBTITLE:(bounce connected mix);
#ARTIST:TaQ;
#TITLETRANSLIT:;
#SUBTITLETRANSLIT:;
#ARTISTTRANSLIT:;
#CREDIT:;
#BANNER:Paranoia (Bounce Connected Mix).png;
#BACKGROUND:Paranoia (Bounce Connected Mix)-bg.png;
#LYRICSPATH:;
#CDTITLE:!a0Title.png;
#MUSIC:Paranoia (Bounce Connected Mix).mp3;
#OFFSET:-3.059;
#SAMPLESTART:41.440;
#SAMPLELENGTH:14.000;
#SELECTABLE:YES;
#BPMS:0.000=162.100;
#STOPS:;
#BGCHANGES:;
// cache tags:
#FIRSTBEAT:0.000;
#LASTBEAT:202.000;
#SONGFILENAME:Songs/All Songs/Paranoia (Bounce Connected Mix)/Paranoia (Bounce Connected Mix).sm;
#HASMUSIC:1;
#HASBANNER:1;
#MUSICLENGTH:79.621;
// end cache tags

//---------------dance-single - ----------------
#NOTES:
     dance-single:
     :
     Hard:
     11:
     1.000,1.000,1.000,0.138,1.000,589.000,127.000,11.000,0.000,0.000:  // measure 1
1001
0000
0001
0100
0001
0000
0011
0000
1100
0000
0001
1000
0001
0000
0110
0000
,  // measure 2
0011
0000
0001
0010
0001
0000
1100
0000
0011
0000
0010
1000
0010
0000
0101
0000
,  // measure 3
0011
0000
0001
0010
0001
0000
1100
0000
0011
0000
0100
1000
0100
0000
1010
0000
,  // measure 4
0110
0000
0001
0010
0001
0000
0011
0000
1100
0000
0100
1000
0100
0000
0101
0000
,  // measure 5
0110
0000
0001
0010
0001
0000
0011
0000
1100
0000
0100
1000
0100
0000
1001
0000
,  // measure 6
0110
0000
0001
0010
0001
0000
1100
0000
0011
0000
0100
1000
0100
0000
0011
0000
,  // measure 7
0101
0000
0010
0100
0010
0000
1010
0000
0101
0000
0001
0010
0001
0000
0110
0000
,  // measure 8
1100
0000
0001
1000
0001
0000
0110
0000
0011
0000
0001
0010
0001
0000
1100
0000
,  // measure 9
0011
0000
0001
1000
0001
0000
0011
0000
1100
0000
0001
1000
0001
0000
0110
0000
,  // measure 10
0011
0000
0001
0010
0001
0000
1100
0000
0011
0000
0010
1000
0010
0000
0101
0000
,  // measure 11
0011
0000
0001
0010
0001
0000
1100
0000
0011
0000
0100
1000
0100
0000
1010
0000
,  // measure 12
0110
0000
0001
0010
0001
0000
0011
0000
1100
0000
0100
1000
0100
0000
0101
0000
,  // measure 13
0110
0000
0001
0010
0001
0000
0011
0000
1100
0000
0100
1000
0100
0000
1001
0000
,  // measure 14
0110
0000
0001
0010
0001
0000
1100
0000
0011
0000
0100
1000
0100
0000
0011
0000
,  // measure 15
0101
0000
0010
0100
0010
0000
1010
0000
0101
0000
0001
0010
0001
0000
0110
0000
,  // measure 16
1100
0000
0001
1000
0001
0000
0110
0000
0011
0000
0001
0010
0001
0000
1100
0000
,  // measure 17
0001
0010
0000
0000
0200
1300
0002
0013
,  // measure 18
0000
0000
1200
0310
0012
1003
1200
0310
,  // measure 19
0001
0000
0110
0000
1001
0000
0100
0001
0010
0000
1001
0000
0011
0000
0001
0010
,  // measure 20
0100
0000
1100
0000
0011
0000
0001
0100
0010
0000
0110
0000
1001
0000
1000
0010
,  // measure 21
0100
0000
0011
0000
1100
0000
0100
0010
0001
0000
1100
0000
0011
0000
0100
1000
,  // measure 22
0010
0000
1010
0000
0110
0000
0010
0100
0001
0000
1010
0000
0101
0000
0001
0100
,  // measure 23
0010
0000
0011
0000
1100
0000
0001
1000
0100
0000
0110
0000
1001
0000
0001
1000
,  // measure 24
0010
0000
0011
0000
1100
0000
0001
0010
0100
0000
1001
0000
0110
0000
1000
0100
,  // measure 25
0010
0000
1100
0000
0011
0000
0001
0100
0010
0000
1100
0000
0011
0000
0100
1000
,  // measure 26
0010
0000
1001
0000
0110
0000
0001
1000
0100
0000
1010
0000
0011
0000
1100
0000
,  // measure 27
1001
0000
0011
0000
1100
0000
0001
0001
0010
0000
0110
0000
0011
0000
0100
0100
,  // measure 28
1000
0000
0011
0000
1010
0000
0001
0001
1000
0000
0011
0000
1100
0000
0100
0100
,  // measure 29
1000
0000
1010
0000
0101
0000
0001
0001
0010
0000
1100
0000
0101
0000
0010
0010
,  // measure 30
0100
0000
1100
0000
0101
0000
0001
0001
1000
0000
1010
0000
0011
0000
0100
0100
,  // measure 31
0010
0000
0101
0000
1001
0000
0001
0001
0100
0000
1010
0000
0011
0000
0100
0100
,  // measure 32
1000
0000
0110
0000
0011
0000
0001
0001
0100
0000
0101
0000
0110
0000
0011
0000
,  // measure 33
0001
0001
1000
0000
0000
0000
0000
0000
0001
0001
1000
1000
0001
0001
1000
0000
,  // measure 34
0000
0000
0000
0000
0001
0001
1000
1000
0001
0001
1000
1000
0001
0001
1000
1000
,  // measure 35
0100
1000
0010
0100
0001
1000
0100
0010
0001
0100
0001
1000
0100
1000
0010
0100
,  // measure 36
0001
0010
0001
0100
0010
1000
0001
1000
0100
0010
0001
0100
0001
0010
0100
1000
,  // measure 37
0001
1000
0100
1000
0010
0100
0010
1000
0001
0100
0001
1000
0010
0100
0001
1000
,  // measure 38
0100
1000
0001
0100
0010
0100
0001
0010
0100
1000
0100
0010
0100
1000
0010
1000
,  // measure 39
0001
1000
0100
0010
0001
1000
0001
0100
0010
1000
0100
1000
0001
0010
0100
1000
,  // measure 40
0010
0100
0001
0010
0001
0100
0010
1000
0100
1000
0001
0100
0010
1000
0001
1000
,  // measure 41
0100
0010
0001
0100
0001
1000
0100
0010
0001
0100
0001
1000
0010
0100
0001
0010
,  // measure 42
0100
1000
0001
1000
0010
0100
0010
0100
0001
1000
0001
1000
0010
0100
0010
0100
,  // measure 43
1000
0001
0100
0010
1000
0001
0010
0100
1000
0010
1000
0001
0010
0001
0100
0010
,  // measure 44
1000
0100
1000
0010
0100
0001
1000
0001
0010
0100
1000
0010
1000
0100
0010
0001
,  // measure 45
1000
0001
0010
0001
0100
0010
0100
0001
1000
0010
1000
0001
0100
0010
1000
0001
,  // measure 46
0010
0001
1000
0010
0100
0010
1000
0100
0010
0001
0010
0100
0010
0001
0100
0001
,  // measure 47
1000
0001
0010
0100
1000
0001
1000
0010
0100
0001
0010
0001
1000
0100
0010
0001
,  // measure 48
0100
0010
1000
0100
1000
0010
0100
0001
0010
0001
1000
0010
0100
0001
1000
0001
,  // measure 49
0010
0100
1000
0010
1000
0001
0010
0100
1000
0010
1000
0001
0100
0010
1000
0100
,  // measure 50
0020
0001
0001
0031
2000
0100
0100
3100
0020
0001
0001
0031
2000
0100
0100
3100
,  // measure 51
0022
0000
0033
0000
;
