#TITLE:A;
#SUBTITLE:(IVKAS Style);
#ARTIST:D.J.Amuro;
#TITLETRANSLIT:;
#SUBTITLETRANSLIT:;
#ARTISTTRANSLIT:;
#CREDIT:;
#BANNER:A.png;
#BACKGROUND:A-bg.png;
#LYRICSPATH:;
#CDTITLE:!bmrTitle.png;
#MUSIC:A.mp3;
#OFFSET:-1.890;
#SAMPLESTART:54.710;
#SAMPLELENGTH:12.000;
#SELECTABLE:YES;
#BPMS:0.000=93.000,80.000=191.000;
#STOPS:80.000=1.292
;
#BGCHANGES:;
// cache tags:
#FIRSTBEAT:0.000;
#LASTBEAT:220.000;
#SONGFILENAME:Songs/All Songs/A/A.sm;
#HASMUSIC:1;
#HASBANNER:1;
#MUSICLENGTH:106.945;
// end cache tags

//---------------dance-single - ----------------
#NOTES:
     dance-single:
     :
     Hard:
     11:
     0.811,0.849,0.140,0.065,1.000,585.000,15.000,7.000,0.000,0.000:  // measure 1
1001
0100
1000
0100
0000
0010
0000
0100
,  // measure 2
1000
0000
0001
0000
0100
0000
0001
0000
0000
0000
0010
0000
1001
0000
0010
0100
,  // measure 3
1000
0010
0100
0010
0000
1000
0000
0100
,  // measure 4
0010
0100
1000
0000
0000
0010
1100
0010
,  // measure 5
1000
0010
0100
0010
1000
0001
1000
0010
,  // measure 6
1000
0001
0100
0001
1000
0010
1001
0100
,  // measure 7
0010
0000
0000
0000
0000
0000
0000
0000
0100
0000
0000
0000
0000
0000
0000
0000
0000
0000
0000
0000
0100
0000
0000
0000
0000
0000
0000
0000
0000
0000
0000
0000
0000
0000
0000
0000
0000
0000
0000
0000
0000
0000
0010
0000
0000
0001
0000
0000
,  // measure 8
1000
0000
0000
0010
0100
0000
0000
0010
1000
0000
0000
0000
0101
0000
0000
0010
,  // measure 9
1001
0000
0100
0000
0010
0000
0000
0000
0000
0000
0000
0000
0000
0000
0000
1000
,  // measure 10
1000
0000
0000
0000
0000
0000
0000
0001
0001
0000
0000
0000
0000
0000
0000
0100
,  // measure 11
0100
0000
1000
0000
0010
0000
0000
0000
0000
0000
0000
0000
0000
0000
0010
0001
,  // measure 12
0000
0000
0000
0000
0000
0000
0010
0000
0100
0010
0001
0000
0010
0000
0100
0000
,  // measure 13
1001
1001
0110
0001
0000
0100
0010
0000
,  // measure 14
0000
0000
0000
0000
0000
1000
0100
0010
,  // measure 15
0001
0000
0000
0000
0000
0000
0000
0000
0100
0000
0000
0000
0000
0000
0000
0000
0000
0000
0000
0000
0100
0000
0000
0000
0000
0000
0000
0000
0000
0000
0000
0000
0000
0000
0000
0000
0000
0000
0000
0000
0000
0000
0010
0000
0000
1000
0000
0000
,  // measure 16
0001
0000
0000
0010
0100
0000
0000
1000
0100
0000
0000
0000
0000
0000
0000
0000
,  // measure 17
2000
0001
0010
0001
0100
0010
0000
0100
,  // measure 18
3002
1000
0010
1000
0100
0010
1000
0010
,  // measure 19
1003
0010
0100
0001
1000
0011
0000
1100
,  // measure 20
0001
0010
0100
1000
0001
1010
0101
0220
,  // measure 21
0330
0000
0000
0000
0000
0000
0000
0000
1000
0100
1000
0001
1000
0000
0001
0010
,  // measure 22
0100
0000
0010
0000
0100
0010
0000
0100
0010
0000
0001
1000
0100
0010
0001
0000
,  // measure 23
1000
0000
0001
0010
0100
0000
1000
0000
0001
0010
1000
0010
0000
0001
0100
0010
,  // measure 24
0100
0000
0001
0000
0100
0010
0000
0100
0010
0000
1000
0100
0010
0001
1000
0000
,  // measure 25
0100
0010
0100
1000
0001
1000
0100
0010
0001
0100
1000
0100
0001
0000
0100
0000
,  // measure 26
0010
0100
0000
0001
1000
0000
0100
0010
0001
0000
1000
0010
0100
0000
0001
0000
,  // measure 27
1000
0010
1000
0000
0001
0100
0001
0000
0100
0001
0010
0001
0000
0100
0010
0000
,  // measure 28
1000
0000
0010
0100
0000
0001
1000
0001
0010
0100
0010
0000
0001
0100
0001
0000
,  // measure 29
1000
0100
1000
0000
0010
0100
0010
0000
1000
0100
1000
0001
1000
0000
0001
0010
,  // measure 30
0100
0000
0010
0000
0100
0010
0000
0100
0010
0000
0001
1000
0100
0010
0001
0000
,  // measure 31
1000
0000
0001
0010
0100
0000
1000
0000
0001
0010
1000
0010
0000
0001
1000
0010
,  // measure 32
0100
0000
0001
0000
0100
0010
0000
0100
0010
0000
1000
0100
0010
0001
1000
0000
,  // measure 33
0100
0010
0100
1000
0001
1000
0100
0010
0001
0100
1000
0100
0001
0000
0100
0000
,  // measure 34
0010
0100
0000
0001
1000
0000
0100
0010
0001
0000
1000
0010
0100
0000
0001
0000
,  // measure 35
1000
0010
1000
0000
0001
0100
0001
0000
0100
0001
0010
0001
0000
0100
0010
0000
,  // measure 36
1000
0000
0010
0100
0000
0001
1000
0001
0020
0000
0000
0000
0030
0000
0000
0000
,  // measure 37
1000
0100
0010
0001
1000
0010
0100
0001
1000
0000
0000
0000
0000
0000
0000
0000
,  // measure 38
0001
0010
0100
0010
0100
1000
0100
0010
0100
0010
0001
1000
0010
0100
0010
1000
,  // measure 39
0100
0010
0001
1000
0100
1000
0001
0100
0001
0010
0100
1000
0001
0100
0010
1000
,  // measure 40
0001
0010
0100
1000
0001
0100
0010
0100
0001
0010
0100
1000
0001
0010
0100
1000
,  // measure 41
0001
0010
0100
1000
0001
0010
0100
1000
0100
0010
0100
0010
0001
1000
0001
1000
,  // measure 42
0001
0100
0001
0100
0001
0010
0001
0010
0100
0010
0100
0010
0001
0100
0001
0100
,  // measure 43
0001
1000
0001
1000
0010
0100
0010
1000
0100
0010
0100
0010
0001
1000
0001
1000
,  // measure 44
0001
0100
0001
0100
0001
0010
0001
0010
0001
1000
0010
0100
0001
0100
0010
1000
,  // measure 45
0001
1000
0010
0100
0001
0100
0010
1000
0001
1000
0100
0010
0001
0010
0100
1000
,  // measure 46
0001
1000
0100
0010
0001
0010
0100
1000
0001
1000
0100
0010
0001
0010
0100
1000
,  // measure 47
0001
1000
0100
0010
0001
0010
0100
1000
0001
1000
0100
0010
0001
0010
0100
1000
,  // measure 48
0001
0100
0001
1000
0001
0010
0001
1000
0001
0000
0000
0000
0000
0000
0000
0000
,  // measure 49
0001
0100
0010
1000
0001
0010
0100
1000
0001
0010
0001
0100
0001
1000
0001
0100
,  // measure 50
0001
1000
0100
1000
0001
1000
0010
1000
0001
0010
0001
0100
0001
1000
0001
0100
,  // measure 51
0001
1000
0100
1000
0001
1000
0010
1000
0001
0010
0100
1000
0001
0010
0100
1000
,  // measure 52
0001
0010
0100
1000
0001
0010
0100
1000
0001
0100
0010
1000
0001
0100
0010
1000
,  // measure 53
0001
0100
0010
1000
0001
0100
0010
1000
0001
0010
0100
1000
0001
0010
0100
1000
,  // measure 54
0001
0010
0100
1000
0001
0010
0100
1000
0001
0100
0010
1000
0001
0100
0010
1000
,  // measure 55
0001
0100
0010
1000
0001
0100
0010
0000
2002
0000
0000
0000
0000
0000
0000
0000
,  // measure 56
3003
0000
0000
0000
;
