#TITLE:Frozen Ray;
#SUBTITLE:(Original Mix);
#ARTIST:dj TAKA;
#TITLETRANSLIT:;
#SUBTITLETRANSLIT:;
#ARTISTTRANSLIT:;
#CREDIT:;
#BANNER:Frozen Ray (Original Mix).png;
#BACKGROUND:Frozen Ray (Original Mix)-bg.png;
#LYRICSPATH:;
#CDTITLE:to2DX.png;
#MUSIC:Frozen Ray (Original Mix).mp3;
#OFFSET:-6.600;
#SAMPLESTART:98.660;
#SAMPLELENGTH:12.000;
#SELECTABLE:YES;
#BPMS:0.000=156.000;
#STOPS:;
#BGCHANGES:;
// cache tags:
#FIRSTBEAT:0.000;
#LASTBEAT:376.000;
#SONGFILENAME:Songs/All Songs/Frozen Ray (Original Mix)/Frozen Ray (Original Mix).sm;
#HASMUSIC:1;
#HASBANNER:1;
#MUSICLENGTH:155.329;
// end cache tags

//---------------dance-single - ----------------
#NOTES:
     dance-single:
     :
     Medium:
     7:
     0.463,0.545,0.200,0.013,0.010,470.000,31.000,2.000,0.000,0.000:
1000
0000
1000
0000
,
0001
0000
0001
0000
,
0010
0000
0010
0000
,
0100
0000
0100
0010
,
0110
1000
0001
1000
,
0010
1000
0010
0100
,
0010
1000
0001
0100
,
0001
0010
0001
0010
,
0100
1000
0100
0001
,
0100
0000
0010
0000
0100
0000
0000
1000
,
0001
1000
0010
0100
,
1000
0000
0000
0000
0001
0100
0001
0010
,
0001
0000
1000
0000
0001
0000
0001
0100
,
0000
1000
0000
0010
0000
0100
1000
0000
,
0010
0000
0100
0001
0000
1000
0100
1000
,
0000
0001
0000
0001
0000
0010
0100
0010
,
0100
0000
1001
0000
0010
1000
0001
0100
,
0000
0100
0010
0100
0000
1000
0001
0010
,
0010
0000
1000
0100
1000
0000
0001
1000
,
0010
0000
1010
0000
1000
0001
1000
0100
,
1000
0000
0011
0000
1000
0100
1000
0100
,
0010
0001
0010
0000
0001
1000
0001
0000
,
1000
0010
0100
0000
0010
0100
0001
0000
,
0011
1001
1010
1001
,
1000
0100
1000
0000
0010
0000
0010
0100
,
0001
0100
0001
0000
0010
0000
0010
1000
,
0100
0001
0100
0000
0010
0000
1000
0000
,
0001
1000
0001
1000
0000
0010
1000
0010
,
1000
0001
0100
0001
0000
0100
0000
0010
,
0000
1000
0100
1000
0000
0001
0000
0010
,
0000
0100
1000
0100
0000
0010
0001
0100
,
0000
1000
0000
1001
0000
0010
1000
0100
,
0000
1000
0100
1000
0000
0001
0000
1000
,
0000
0010
0100
0010
0000
0001
0000
1000
,
0010
0010
1000
0001
0000
0010
0001
0010
,
0000
0100
0000
0101
0000
1000
0100
1000
,
0010
0000
0100
0001
0000
0100
0010
0100
,
0000
0001
1000
0001
0000
1000
0010
1000
,
0100
0100
0000
0010
0000
0001
0100
0001
,
0000
1000
0000
1010
0000
0100
0001
0100
,
0000
0010
0000
0011
0000
1000
0100
1000
,
0000
0001
1000
0001
0000
0010
1000
0010
,
0000
1000
0010
1000
0000
0001
1000
0001
,
0010
0000
0100
0000
1000
0000
0010
0100
,
1001
0000
0000
0100
0000
0001
1000
0000
,
0001
0000
0010
0000
0001
0000
1000
0100
,
1000
0010
0100
0001
,
1100
1000
0101
0001
,
0010
0000
0100
0010
0000
0001
0001
0001
,
0010
0000
0001
0010
0000
1000
1000
1000
,
0010
0100
0001
0010
,
0100
0000
1000
0000
0001
1000
0001
1000
,
0001
0010
1000
0100
,
0001
0000
0010
0000
1000
0100
1000
0100
,
1000
0000
0010
0001
0001
0001
0001
0000
,
1001
1100
0010
0100
,
0001
0010
0001
0000
1000
0000
0100
0000
,
0010
0001
0010
0000
0100
0000
1000
0000
,
0001
1000
0001
1000
0001
1000
0001
1000
,
0010
0010
0100
0100
1000
0100
0010
0001
,
1001
0000
1100
0000
0010
0100
0000
0100
,
0001
0000
0010
0010
0100
0010
0000
0010
,
1000
0000
0010
0000
1000
0000
0001
1000
,
0010
0000
0100
0000
0001
0000
1000
0010
,
1000
0000
0001
0000
0100
0001
0010
0000
,
1000
0100
0001
0100
0001
1000
0000
0010
,
0100
0000
0001
0000
0010
0000
1000
0001
,
0000
1000
0000
0010
0000
0001
1000
1000
,
0010
0000
0100
0001
0100
0001
1000
0010
,
1000
0010
0100
0001
1000
0010
0000
0001
,
0010
0010
0000
1010
0000
1000
0001
0000
,
0010
0100
0010
0100
0000
0100
0010
0100
,
0010
0001
1000
0010
,
1000
0001
0100
0010
,
1010
1000
1000
1000
,
0001
0001
0001
0001
,
1001
0000
1100
0000
0010
0001
0010
0001
,
0100
0000
0100
0000
0010
1000
0010
0100
,
0010
0100
0001
1000
,
0010
0000
0100
0000
0001
0000
0010
0001
,
0010
1000
0010
1000
,
0001
0100
0010
1000
,
0001
0010
0100
1000
,
0001
0000
0000
0000
0001
0000
0000
0000
1000
0000
0000
1000
0000
0000
1000
0000
,
0010
0000
0000
0000
0100
0000
0000
0000
0001
0000
0000
0001
0000
0000
0001
0000
,
0010
0000
0000
0000
0010
0000
0000
0000
1000
0000
0000
0100
0000
0000
0100
0000
,
0010
0001
0010
0000
0100
0000
1000
0000
,
0010
0100
0010
0000
0100
0001
0010
0100
,
1000
1001
0001
1001
,
0001
0000
0011
0000
0010
0000
1000
0010
,
1010
1001
0011
1001
,
0010
0000
0010
0000
0100
0000
0100
1000
,
2002
0000
0000
0000
,
0000
0000
0000
0000
,
3003
0000
0000
0000
;

//---------------dance-single - ----------------
#NOTES:
     dance-single:
     :
     Hard:
     9:
     0.656,0.635,0.264,0.026,0.283,668.000,41.000,4.000,0.000,0.000:
1000
0000
0010
0100
0000
0100
0001
0000
,
0011
0000
1001
0000
0000
0010
1000
0001
,
0200
0000
0000
0010
0310
0000
0001
0000
,
1000
0010
0100
0001
0010
0100
0010
0100
,
1000
0000
0000
0001
1000
0000
0000
0001
1000
0000
0000
0001
1000
0000
0000
0001
,
0010
0000
0000
0001
0010
0000
0000
0001
0010
0000
0000
0001
0010
0000
0100
0000
,
0010
0000
0000
0100
1000
0000
0000
0100
1000
0000
0000
0100
1000
0000
0000
0100
,
1000
0000
0000
0000
0001
0000
0100
0000
0000
0000
0010
0000
0100
0001
0000
0001
,
1000
0010
0100
0001
1000
0010
0100
0001
,
1000
0000
0100
0000
1000
0000
0100
0000
1000
0000
0000
0100
1000
0000
0010
0000
,
0100
0000
0100
0000
0001
0000
0000
0000
0110
0000
0000
1000
0010
0000
0100
0000
,
0001
0000
0002
0000
0000
0000
0000
0000
1003
0000
0010
0000
0100
0001
0100
0001
,
0100
0000
1010
0000
0100
1000
0001
0010
,
0000
0100
1000
0001
0000
0001
0010
0100
,
1000
1000
0001
0010
0000
0001
0100
0001
,
0000
1000
0100
1000
0010
0100
0001
0100
,
1001
0000
1100
0000
0010
1000
0001
0100
,
0010
1000
0100
0010
0001
0010
0010
0010
,
0100
0100
0000
0010
0011
0000
1000
0100
,
1100
0000
0000
0000
0101
0000
0000
0000
0010
0000
0000
0001
0100
0000
0001
0000
,
0010
0000
0000
0000
1010
0000
0000
0000
0001
1000
0001
1000
0010
0000
1000
0000
,
0010
0100
0001
0010
1000
1000
1000
0000
,
0010
1000
0000
0001
1000
0000
0010
1000
0000
0100
0001
0000
0010
0000
0001
0000
,
0000
0000
1000
0000
0010
0000
1000
0000
0001
0000
0010
0000
1000
0100
1000
0100
,
1000
0000
0001
0000
0010
0000
0000
0000
0100
0000
0001
0100
0000
0001
0100
0000
,
1000
0000
0010
0000
0010
0000
0000
0000
1000
0000
0010
0100
0000
0010
0100
0000
,
0001
0001
0010
0100
0000
0001
0100
1000
,
0100
0010
0100
0010
0000
0001
0100
0001
,
0000
1000
0100
1000
0000
0010
0100
0010
,
0000
0000
0001
0000
0100
0000
0001
0000
0000
0100
1000
0000
0100
0000
1000
0000
,
0000
0010
0001
0010
0000
1000
0100
1000
,
0000
0000
0100
0000
0010
0000
0100
0000
0000
1000
0001
0000
0010
0000
0001
0000
,
1000
0000
0010
0000
0100
0000
1000
0000
0000
0100
0010
0000
0100
0000
1000
0000
,
0000
0000
0100
0000
0001
0000
0010
0000
0000
1000
0100
0000
0001
0000
0100
0000
,
0100
0000
0010
0000
1000
0000
0010
0000
0000
0001
0100
0000
0001
0000
0100
0000
,
0000
0000
0010
0000
0100
0000
0010
0000
0000
1000
0010
0000
0100
0000
0010
0000
,
1000
0001
0100
0001
0000
0010
1000
0010
,
0000
0000
0100
0000
0001
0000
0100
0000
0010
1000
0010
0000
0001
0000
0100
0000
,
0000
0100
0001
0010
0000
0100
1000
0001
,
0000
0000
0010
0000
1000
0000
0010
0000
0100
0001
0100
0000
0010
0000
1000
0000
,
0001
0100
0010
0100
0000
1000
0100
1000
,
0000
0000
0001
0000
0010
0000
0001
0000
1000
0100
1000
0000
0001
0000
0010
0000
,
0000
0100
0001
0010
0000
0100
0001
0010
,
0001
0000
1000
0000
0100
0000
0010
0000
0001
1000
0001
0000
0010
0000
0100
0000
,
1001
0000
0000
1010
0000
0100
0010
0100
,
1000
0010
0100
0001
0010
0000
0001
1000
,
0001
1010
0100
0011
,
1000
0110
0001
1100
,
0011
0000
0000
0001
0010
0000
0100
0000
0000
0000
1000
0000
0100
0000
0010
0000
,
0011
0000
0000
0010
0001
0000
0100
0000
0000
0000
0001
0000
0010
0000
0100
0000
,
1000
0000
0100
0001
1000
0000
0100
1000
,
0010
0000
0000
0000
1010
0000
0000
0000
0001
0010
0000
0010
0001
0000
1000
0000
,
0110
0000
0011
0000
1000
0010
1000
0000
,
1010
0000
1001
0000
0010
0001
0010
0001
,
1000
0000
1000
0001
0010
0100
0010
0000
,
1100
0000
0101
0000
0010
1000
0001
0010
,
0100
0000
0000
0001
0100
0000
0000
0001
0010
0000
0000
0001
1000
0000
0010
0000
,
0100
0000
0000
0010
0100
0000
0000
0001
0100
0000
0000
0001
1000
0000
0010
0000
,
0100
0000
0010
0001
0010
0000
0001
0000
0010
0000
1000
0001
1000
0000
0100
0000
,
0010
0000
0001
0000
1000
0000
0100
0000
0010
0000
0100
0000
0001
0010
0100
0000
,
1001
0001
1000
0100
0010
0100
0000
0010
,
1000
0000
0001
0000
0010
0001
0010
0001
0010
0000
0100
0000
1000
0100
0000
0100
,
0010
0000
0001
0000
0010
0001
0010
0001
0000
0000
0001
0000
0001
0000
0010
0001
,
0000
0000
1000
0000
0100
0000
0010
0001
0000
0000
1000
0000
0100
0000
0010
0000
,
0011
0000
0001
0000
0010
0000
0001
0000
1000
0000
0100
0010
0000
0000
0001
0000
,
1000
0100
0000
0001
0100
0000
0001
1000
0000
0000
0010
0000
0100
0000
0010
0000
,
1000
0000
0001
0000
0010
0000
0100
1000
0000
0001
1000
0000
0010
0000
0100
0000
,
1000
0010
0000
0010
0000
1000
0001
0001
,
0010
0000
0100
0000
0100
0000
1000
0000
0001
1000
0000
0100
0010
0000
0001
0000
,
0001
0000
1000
0100
1000
0000
0100
0010
0000
0001
0100
0000
0010
0000
0100
0000
,
1000
0001
1000
0001
1000
0000
0001
0000
0010
0000
0001
0000
0100
1000
0000
1000
,
0100
0000
0010
0000
0001
0000
0010
0000
0000
0000
0010
0000
0100
0001
0000
0001
,
1000
0000
0010
0000
1000
0000
0001
1000
0000
0010
0000
0100
0001
0000
0100
0000
,
1001
0000
1000
0000
0010
0000
0001
0100
0000
0010
0000
0100
0001
0000
1000
0000
,
0001
1000
0100
0010
1000
0001
0010
0100
,
0001
0010
1000
0010
0100
0010
0001
0000
,
1001
0000
1000
0100
1000
0010
1000
0001
,
1000
0001
0010
0001
0100
0001
0100
0000
,
1001
0000
0100
0010
1000
0100
0001
0100
,
1000
0001
1000
0100
0010
0001
0010
0001
,
1001
0000
0100
0010
0001
0100
0010
1000
,
0001
1000
0001
1000
0010
0100
0001
0010
,
0100
0000
1000
0000
0100
0000
0000
0000
0011
0000
0000
1001
0000
0000
0100
0000
,
1000
0000
0000
0000
1010
0000
0000
0000
0011
0000
0000
1001
0000
0000
1000
0000
,
0100
0000
0010
0000
0001
0000
0000
0000
0011
0000
0000
1001
0000
0000
0100
0000
,
1000
0000
0001
0000
0010
0000
0000
0000
1010
0000
0000
1001
0000
0000
0010
0000
,
0100
0001
0100
0000
0010
1000
0010
0000
,
1000
0001
0010
0100
0001
1000
0001
0100
,
0010
0100
0001
0000
1000
0001
1000
0100
,
1000
0010
1000
0000
1000
0100
0010
0001
,
0010
0100
0010
0000
0010
0001
0010
0100
,
0010
0100
1000
0000
0001
1000
0001
1000
,
2002
0000
0000
0000
,
0000
0000
0000
0000
,
3003
0000
0000
0000
;

//---------------dance-single - Copied from Easy Edi----------------
#NOTES:
     dance-single:
     Copied from Easy Edi:
     Easy:
     3:
     0.208,0.363,0.122,0.013,0.000,205.000,19.000,2.000,0.000,0.000:
1000
0000
0000
0000
,
0010
0000
0000
0000
,
0100
0000
0000
0000
,
0010
0000
0000
0000
,
1001
0000
0000
0000
,
0010
0000
0000
0000
,
0100
0000
0000
0000
,
0001
0000
0000
0000
,
1001
0000
0000
0000
,
1000
0000
0000
0000
,
1100
0000
0000
0000
,
0010
0000
0000
0000
,
1001
0000
0000
0000
,
1000
0000
0000
0000
,
0100
0000
0000
0000
,
0001
0000
0000
0000
,
1000
0000
0000
0000
,
0010
0000
0000
0000
,
0010
0000
0000
0000
,
1000
0000
0000
0000
,
1001
0000
1000
0000
,
0100
0000
1000
0000
,
0100
0000
0001
0000
,
0100
0000
1000
0000
,
0001
0000
0010
0000
,
1000
0000
0001
0000
,
1001
0000
0010
0000
,
0100
0000
1000
0000
,
0001
0000
0100
0000
,
0010
0000
1000
0000
,
0001
0000
1000
0000
,
0100
0000
0010
0000
,
0100
0000
0001
0000
,
0100
0000
0001
0000
,
1000
0000
0100
0000
,
1000
0000
0100
0000
,
0001
0000
0001
0000
,
0001
0000
0001
0000
,
1000
0000
1000
0000
,
1000
0000
1000
0000
,
0100
0000
0100
0000
,
0100
0000
0100
0000
,
0100
0000
0010
0000
,
0010
0000
0010
0000
,
1001
0000
0000
0000
,
0000
0000
0000
0000
,
1100
0000
0000
0000
,
1001
0000
0000
0000
,
0010
0000
0000
0000
,
1000
0000
0000
0000
,
0001
0000
0001
0000
,
1000
0000
0001
0000
,
1001
0000
0010
0000
,
1000
0000
0100
0000
,
0001
0000
1000
0000
,
0001
0000
0100
0000
,
0010
0000
0100
0000
,
0010
0000
0001
0000
,
0010
0000
1000
0000
,
0001
0000
1000
0001
,
1001
1000
1000
1000
,
0001
0001
0001
0001
,
0010
0010
0010
0010
,
0100
0100
0100
0100
,
1000
0001
1000
0001
,
0010
0100
0010
0100
,
1000
0100
1000
0100
,
0010
0001
0010
0010
,
1001
0100
0100
0100
,
0001
1000
0001
1000
,
0010
0010
0010
0010
,
1000
0100
0100
0100
,
1001
0010
0010
0010
,
1001
0100
0100
0100
,
1001
0000
0010
0000
,
1000
0000
0001
0000
,
1001
1000
0010
1000
,
0001
1000
0001
0001
,
0010
1000
0100
0100
,
1000
0010
0100
0100
,
1001
0000
1000
0000
,
0010
0000
0001
0000
,
0001
0000
1000
0000
,
1001
0000
1000
0000
,
0001
0010
0100
1000
,
0001
0010
0100
1000
,
0010
0100
0001
1000
,
0010
0100
0001
1000
,
0001
1000
0001
1000
,
0000
0010
0000
0010
,
0100
0000
0100
0000
,
1000
0000
1000
0000
,
2002
0000
0000
0000
,
0000
0000
0000
0000
,
3003
0000
0000
0000
;
