#TITLE:Pump Me Up Amadeus;
#SUBTITLE:;
#ARTIST:Banya;
#TITLETRANSLIT:;
#SUBTITLETRANSLIT:;
#ARTISTTRANSLIT:;
#CREDIT:;
#BANNER:PMU Amadeus-bn.png;
#BACKGROUND:PMU Amadeus-bg.png;
#LYRICSPATH:;
#CDTITLE:!ddrmaniakTitle.png;
#MUSIC:PMU Amadeus.mp3;
#OFFSET:-1.736;
#SAMPLESTART:30.020;
#SAMPLELENGTH:12.460;
#SELECTABLE:YES;
#BPMS:0.000=170.000;
#STOPS:160.000=0.740
;
#BGCHANGES:;
// cache tags:
#FIRSTBEAT:0.000;
#LASTBEAT:263.000;
#SONGFILENAME:Songs/All Songs/PMUA/PMU Amadeus.sm;
#HASMUSIC:1;
#HASBANNER:1;
#MUSICLENGTH:101.659;
// end cache tags

//---------------dance-single - ----------------
#NOTES:
     dance-single:
     :
     Hard:
     11:
     1.000,1.000,0.679,0.059,1.000,686.000,69.000,6.000,0.000,0.000:  // measure 1
1000
0000
1000
0100
0010
0000
0010
0100
1000
0000
1000
0010
0100
0000
0010
0100
,  // measure 2
0001
0000
0001
0010
0100
0000
0100
0010
0001
0000
0001
1000
0010
0000
0010
0001
,  // measure 3
1000
0000
1000
0100
0001
0000
0001
0010
1000
0000
0010
0100
0001
0000
0001
0000
,  // measure 4
0010
0100
0010
0100
0010
0100
0010
0100
0010
0100
0010
0100
0010
0100
0010
0100
,  // measure 5
0110
0000
1000
0001
1000
0000
1100
0000
0010
0001
0010
0100
0010
0000
0000
0000
,  // measure 6
1001
0000
0100
0010
0100
0000
0011
0000
1000
0100
0010
1000
0010
0000
0000
0000
,  // measure 7
0011
0000
0010
0100
1000
0000
0010
0000
1000
0010
1000
0010
1000
0000
0000
0000
,  // measure 8
0101
0000
1000
0100
1000
0000
0010
0000
0100
0010
0100
0010
0100
0000
0000
0000
,  // measure 9
0110
0000
1000
0000
0001
0000
1001
0000
1000
0100
1000
0100
1000
0000
0000
0000
,  // measure 10
0010
0001
0010
0001
0010
0000
0000
0000
0001
0100
0001
0100
0010
1000
0010
1000
,  // measure 11
1100
0011
0110
1100
,  // measure 12
1001
0000
1010
0000
0022
0000
0000
0033
,  // measure 13
1000
0000
1000
0100
1000
0000
0001
0000
0001
0000
0001
0100
0001
0000
0010
0000
,  // measure 14
0010
0000
0010
0100
0010
0000
1000
0000
1000
0000
1000
0010
0100
0010
1000
0100
,  // measure 15
0010
0000
0001
0010
0001
0000
0100
0000
0100
0000
1000
0100
1000
0000
0100
0000
,  // measure 16
0100
0000
0001
0100
0001
0000
0110
0000
1100
0000
0000
0000
1001
0000
0000
0000
,  // measure 17
0010
0000
1000
0010
1000
0000
0001
0000
0001
0000
0001
0010
0001
0000
0100
0000
,  // measure 18
0100
0000
0010
0100
0010
0000
0001
0000
0001
0000
0001
0010
0100
0010
0001
0100
,  // measure 19
1000
0000
1000
0100
1000
0000
0100
0000
0001
0000
0001
0010
0001
0000
0010
0000
,  // measure 20
0010
0000
1000
0010
1000
0000
0001
0010
0001
0000
1000
0100
1000
0000
0000
0000
,  // measure 21
1100
1000
0100
0010
0011
0010
1000
0100
,  // measure 22
0101
0010
0100
1000
1010
0010
0001
0100
,  // measure 23
1100
0000
1000
0100
0010
0000
0010
0000
0101
0000
0001
0100
0010
0000
0010
0000
,  // measure 24
0100
1000
0010
0001
0010
1000
0100
0001
,  // measure 25
0101
0000
1000
0100
1000
0000
0010
0000
0010
0100
0001
0010
0001
0000
1100
0000
,  // measure 26
0101
0000
0001
0010
0100
1000
0100
0010
0001
0000
0100
0000
0010
0000
0000
0000
,  // measure 27
1010
0000
1000
0100
0010
0100
1000
0001
0010
0100
1000
0010
0001
0010
1000
0100
,  // measure 28
0010
1000
1000
0100
0100
0010
0010
0001
,  // measure 29
0102
0000
0000
0003
0010
1010
0010
0001
,  // measure 30
0100
0000
0000
0010
0100
0000
0000
1000
0010
2000
0000
0000
3000
0000
0001
0000
,  // measure 31
0001
0010
0100
0001
0100
1000
0010
0100
1000
0100
0001
0010
0100
1000
0010
0100
,  // measure 32
1000
1000
1000
1000
0100
0100
0100
0100
0010
0010
0010
0010
0001
0001
0001
0001
,  // measure 33
1000
0000
0010
0100
0010
0000
0001
0010
0001
0000
0010
0100
0010
0000
0110
0000
,  // measure 34
0001
0000
0100
0010
0100
0000
0010
1000
0010
0000
0001
0010
0001
0000
1001
0000
,  // measure 35
1001
0000
1000
0100
1000
0000
1100
0000
0011
0000
0001
0000
0100
0000
0001
0000
,  // measure 36
0100
0100
0100
0100
0010
0010
0010
0010
1000
1000
1000
1000
0001
0001
0001
0001
,  // measure 37
1000
1100
0010
0110
0011
0101
0010
1000
,  // measure 38
1100
0110
0011
0001
0101
1000
1010
0110
,  // measure 39
1000
0100
1000
0100
0001
0100
0001
0100
0000
1000
0010
1000
0010
0100
0010
0100
,  // measure 40
0010
0100
0001
0010
0100
0001
0100
1000
0010
0100
1000
0100
0001
0010
0100
0000
,  // measure 41
0220
0000
0000
0000
0000
0000
0330
0000
0001
0000
1000
0100
1000
0000
0001
0010
,  // measure 42
0001
0100
0010
0000
1000
0000
0100
0000
0010
0000
0001
0100
0001
0000
1000
0010
,  // measure 43
1000
0100
0010
0000
0001
0000
0100
0000
1001
0000
0100
0010
0100
0000
0100
0010
,  // measure 44
0100
0000
0001
0100
0001
0000
0001
1000
0001
0000
0010
0100
0010
0000
0010
0100
,  // measure 45
0010
1000
0010
0100
0001
0010
0100
1000
0000
0000
1000
0100
1000
0000
1000
0100
,  // measure 46
1000
0000
0010
0100
0010
0000
0001
0100
0001
0000
0001
0010
0001
0000
0001
0010
,  // measure 47
0001
0000
0010
0100
0010
0000
1000
0010
1000
0000
0001
0100
0001
0000
0001
0100
,  // measure 48
0001
0000
1000
0100
1000
0000
0010
0100
0010
0000
1000
0001
1000
0001
1000
0001
,  // measure 49
1000
0010
0100
0010
0100
0010
0100
0010
1000
0000
0100
0000
1100
0000
0011
0000
,  // measure 50
0001
0010
0001
0010
0001
0000
1000
0000
0100
0000
0001
0000
0100
0000
1000
0000
,  // measure 51
0010
1000
0100
0010
0001
0100
0101
1010
,  // measure 52
1000
0010
1000
0010
1000
0000
0001
0000
0100
0000
1000
0000
0100
0000
0001
0000
,  // measure 53
0010
0001
0100
0010
1000
0010
1010
0101
,  // measure 54
0001
0100
0001
0100
0001
0000
1000
0000
0010
0000
0001
0000
0010
0000
1000
0000
,  // measure 55
0100
1000
0010
0100
0001
0010
0011
1100
,  // measure 56
1000
0100
1000
0100
1000
0000
0001
0000
0010
0000
1000
0000
0010
0000
0001
0000
,  // measure 57
0100
0000
0001
0000
0010
0000
0100
0000
0100
0010
0100
0010
0100
0010
0100
0010
,  // measure 58
0001
1000
0001
1000
0001
1000
0001
1000
0001
0010
0100
0010
0100
0001
1000
0001
,  // measure 59
1000
0010
0100
0001
1000
0010
0100
0000
1000
0100
1000
0100
1000
0100
0001
0010
,  // measure 60
0001
0010
0001
0010
0001
0000
1000
0100
0010
0000
0001
0010
0100
0000
1000
0100
,  // measure 61
1000
0000
0100
0000
0001
0000
0100
0000
0001
0000
0100
0000
0001
0000
0000
0000
0010
1000
0000
0000
1010
0000
0000
0000
0000
0000
0000
0000
0110
0000
0000
0000
,  // measure 62
0000
0011
0000
1100
0000
0001
0100
0000
,  // measure 63
0010
0000
1000
0000
0010
0000
1000
0000
0001
0000
0100
0000
0001
0000
0100
0000
0001
0010
0000
0000
0011
0000
0000
0000
0000
0000
0000
0000
0101
0000
0000
0000
,  // measure 64
0000
0110
0000
1010
0000
1000
0100
0000
,  // measure 65
0010
0001
0010
0001
0100
0001
0100
0010
0110
0000
0110
0000
0000
0000
0101
0000
,  // measure 66
0000
0000
0011
0000
0000
0000
1010
0000
0000
0000
1000
0001
1001
0000
0000
0000
;
