#TITLE:Spica;
#SUBTITLE:(Another);
#ARTIST:D. JW;
#TITLETRANSLIT:;
#SUBTITLETRANSLIT:;
#ARTISTTRANSLIT:;
#CREDIT:;
#BANNER:Spica (Another).png;
#BACKGROUND:Spica (Another)-bg.png;
#LYRICSPATH:;
#CDTITLE:!bluemystic-cdtitle.png;
#MUSIC:D. JW - Spica (Another).mp3;
#OFFSET:-0.101;
#SAMPLESTART:48.400;
#SAMPLELENGTH:12.000;
#SELECTABLE:YES;
#BPMS:0.000=128.030;
#STOPS:;
#BGCHANGES:;
// cache tags:
#FIRSTBEAT:13.000;
#LASTBEAT:224.000;
#SONGFILENAME:Songs/All Songs/Bluemystic - Spica -another-/Spica (Another).sm;
#HASMUSIC:1;
#HASBANNER:1;
#MUSICLENGTH:112.119;
// end cache tags

//---------------dance-single - ----------------
#NOTES:
     dance-single:
     :
     Hard:
     12:
     1.000,1.000,1.000,0.000,1.000,839.000,136.000,0.000,0.000,0.000:  // measure 1
0000
0000
0000
0000
,  // measure 2
0000
0000
0000
0000
,  // measure 3
0000
0000
0000
0000
,  // measure 4
0000
0000
0000
0000
0000
0000
0000
0000
0000
0000
0000
0000
0010
0000
0000
0000
0000
0000
1000
0000
0100
0000
1000
0000
0010
0000
0000
0100
0000
0000
0001
0000
0000
0010
0000
0000
0100
0000
0000
1000
0000
0000
0100
0000
0000
0010
0000
0000
,  // measure 5
1001
0000
0000
0000
1000
0000
0000
0000
1000
0000
0000
0000
1000
0000
1000
0010
,  // measure 6
1001
0000
0100
0010
1001
0000
0000
0000
0001
0000
0000
0000
0001
0000
0010
1000
,  // measure 7
0101
0000
0000
0000
0000
0000
0010
0000
0000
1000
0100
0010
1001
0000
0000
0000
0000
0000
1000
0000
0000
0100
0010
0001
,  // measure 8
1100
0000
0000
0000
0000
0000
0000
0000
0000
0000
0000
0000
0000
0000
0000
0000
0000
0000
0000
0000
0000
0000
0000
0000
0001
0000
0000
0000
0000
0000
0000
0000
0000
0000
0000
0000
0000
0000
0000
0000
0000
0000
0000
0000
0000
0000
0000
0000
1001
0000
0000
0000
0000
0000
0000
0000
0000
0000
0000
0000
0000
0000
0000
0000
0000
0000
0000
0000
0000
0000
0000
0000
1100
0000
0000
0000
0000
0000
0000
0000
0010
0000
0000
0000
0000
0000
0000
0000
0001
0000
0000
0000
0000
0000
0000
0000
0110
0000
0000
0000
0000
0000
0000
0000
0000
0000
0000
0000
0000
0000
0000
0000
0000
0000
0000
0000
0000
0000
0000
0000
1010
0000
0000
0000
0000
0000
0000
0000
0000
0000
0000
0000
0100
0000
0000
0000
0000
0000
0000
0000
0000
0000
0000
0000
1010
0000
0000
0000
0000
0000
0000
0000
0000
0000
0000
0000
0001
0000
0000
0000
0000
0000
0000
0000
0000
0000
0000
0000
1000
0000
0000
0000
0000
0000
0100
0000
0000
0000
0000
0000
1000
0000
0000
0000
0000
0000
0000
0000
0000
0000
0000
0000
,  // measure 9
1001
0000
0000
0000
0000
0000
0000
0000
0000
0000
0000
0000
1000
0000
0010
0000
0100
0000
0001
0000
0000
0010
0000
0000
0000
0000
0000
0100
0000
0000
0000
0000
0000
1000
0000
0000
0000
0000
0000
0000
0000
0000
1000
0000
0000
0000
0000
0000
,  // measure 10
0010
0000
0000
0100
0001
1010
0100
0001
0010
0100
1000
0010
0000
0100
0001
0000
,  // measure 11
1000
0000
0000
0000
0000
0000
0000
0000
0000
0000
0000
0000
1000
0000
0000
0010
0000
0000
1000
0000
0000
0100
0000
0000
0000
0000
0000
0100
0000
0000
1000
0000
0100
0000
0010
0000
0001
0000
0000
0100
0000
0000
0010
0000
0000
1000
0000
0000
,  // measure 12
1100
0000
0000
0100
0000
0000
0010
0000
0000
0001
0000
0000
0000
0000
0000
0100
0000
0000
1001
0000
0000
0100
0000
0000
0010
0000
0000
0001
0000
0000
0000
0000
0000
0001
0000
0000
0100
0000
0010
0000
0100
0000
0001
0000
0000
1000
0000
0000
,  // measure 13
0000
0000
0000
0000
0000
0000
0010
0000
0000
0000
0000
0000
1000
0000
0010
0000
0100
0000
0001
0000
0000
1000
0000
0000
0000
0000
0000
0100
0000
0000
1000
0000
0000
0010
0000
0000
0100
0000
0000
0010
0000
0000
1000
0000
0000
0100
0000
0000
,  // measure 14
0010
0000
0000
0000
0000
0000
0000
0000
0000
0000
0000
0000
1000
0100
1000
0100
0000
0000
0010
0000
0001
0000
0000
0000
0000
0000
0000
1010
0000
0000
0101
0000
0000
1010
0000
0000
0000
0000
0000
0011
0000
0000
1100
0000
0000
0010
0000
0000
,  // measure 15
0100
0000
0000
0000
0000
0000
0000
0000
0000
0000
0000
0000
0001
0000
0100
0000
0010
0000
1000
0000
0000
0010
0000
0000
0000
0000
0000
0010
0000
0000
1000
0000
0100
0000
0010
0000
0001
0000
0000
0010
0000
0000
0001
0000
0010
0000
0100
0000
,  // measure 16
1000
0000
0000
0010
0000
0000
0100
0000
0000
0001
0000
0000
0010
0000
0000
0100
0000
0000
1000
0000
0000
0100
0000
0000
1001
0000
0000
1010
0000
0000
0101
0000
0001
0000
0010
0000
0100
0000
1000
0000
0001
0000
1000
0000
0001
0000
0010
0000
,  // measure 17
1100
0000
0000
0000
0000
0000
0001
0000
0010
0000
0100
0000
1100
0000
0000
0110
0000
0000
0011
0000
0000
0101
0000
0000
0010
0000
0000
0100
0000
0000
0001
0000
0000
0010
0000
0000
0100
0000
1000
0000
0010
0000
0100
0000
0000
0001
0000
0000
,  // measure 18
1100
0000
0000
0000
0000
0000
1000
0000
0001
0000
0100
0000
1010
0000
0000
1100
0000
0000
0011
0000
0000
0101
0000
0000
0010
0000
0000
0001
0000
0000
1000
0000
0000
0100
0000
0000
0010
0000
0001
0000
1000
0000
0010
0000
0000
0100
0000
0000
,  // measure 19
0000
0000
0000
1001
0000
0000
0010
0000
0000
1001
0000
0000
1010
0000
0000
0001
0000
0000
1010
0000
0000
1100
0000
0000
0001
0000
0000
1100
0000
0000
0100
0000
0010
0000
0001
0000
0101
0000
0100
0000
0010
0000
1001
0000
0000
1100
0000
0000
,  // measure 20
0011
0000
0000
0000
0000
0000
0000
0000
0000
0000
0000
0000
0000
0000
0000
0000
0000
0000
0000
0000
0000
0000
0000
0000
0001
0000
0000
0000
0000
0000
0000
0000
0010
0000
0000
0000
0000
0000
0000
0000
0001
0000
0000
0000
0000
0000
0000
0000
0100
0000
0000
0000
0000
0000
0000
0000
0000
0000
0000
0000
0010
0000
0000
0000
0000
0000
0000
0000
0000
0000
0000
0000
1000
0000
0000
0000
0000
0000
0000
0000
0100
0000
0000
0000
0000
0000
0000
0000
0010
0000
0000
0000
0000
0000
0000
0000
0001
0000
0000
0000
0000
0000
0000
0000
1000
0000
0000
0000
0000
0000
0000
0000
0010
0000
0000
0000
0000
0000
0000
0000
0100
0000
0000
0000
0000
0000
0000
0000
0001
0000
0000
0000
0000
0000
0000
0000
0010
0000
0000
0000
0000
0000
0000
0000
0100
0000
0000
0000
0000
0000
1000
0000
0000
0000
0000
0000
0010
0000
0000
0000
0000
0000
0100
0000
0000
0000
0000
0000
0010
0000
0000
0000
0000
0000
0100
0000
0000
0000
0000
0000
0001
0000
0000
0000
0000
0000
1000
0000
0000
0000
0000
0000
,  // measure 21
0010
1000
0010
0100
0001
0100
0001
0010
0001
1000
0100
1000
0100
0010
0100
1000
0001
1000
0001
0010
0100
1000
0100
1000
,  // measure 22
0001
0000
0010
0000
0001
0000
1000
0000
0000
0100
0000
0000
0010
0000
0001
0000
1000
0000
0100
0000
1000
0000
0001
0000
0100
0000
0000
0010
0000
0000
0100
0000
0000
0001
0000
0000
1100
0000
0000
0011
0000
0000
0001
0000
0100
0000
0010
0000
,  // measure 23
1001
0000
0000
0000
0000
0000
0000
0000
0000
0000
0000
0000
0000
0000
0000
0000
0000
0000
0000
0000
0000
0000
0000
0000
1000
0000
0000
0000
0000
0000
0000
0000
0100
0000
0000
0000
0000
0000
0000
0000
0010
0000
0000
0000
0000
0000
0000
0000
0101
0000
0000
0000
0000
0000
0000
0000
0000
0000
0000
0000
1010
0000
0000
0000
0000
0000
0000
0000
0000
0000
0000
0000
1100
0000
0000
0000
0000
0000
0000
0000
0000
0000
0000
0000
0011
0000
0000
0000
0000
0000
0000
0000
0000
0000
0000
0000
1000
0000
0000
0000
0000
0000
0000
0000
0001
0000
0000
0000
0000
0000
0000
0000
0100
0000
0000
0000
0000
0000
0000
0000
0010
0000
0000
0000
0000
0000
0000
0000
0100
0000
0000
0000
0000
0000
0000
0000
0001
0000
0000
0000
0000
0000
0000
0000
0010
0000
0000
0000
0000
0000
0000
0000
0100
0000
0000
0000
0000
0000
0000
0000
1000
0000
0000
0000
0000
0000
0000
0000
0001
0000
0000
0000
0000
0000
0100
0000
0000
0000
0000
0000
0010
0000
0000
0000
0000
0000
1000
0000
0000
0000
0000
0000
,  // measure 24
0100
0000
0000
0000
0000
0000
0000
0000
0010
0000
0000
0000
0000
0000
0000
0000
0001
0000
0000
0000
0000
0000
0000
0000
0010
0000
0000
0000
0000
0000
0000
0000
0100
0000
0000
0000
0000
0000
0000
0000
1000
0000
0000
0000
0000
0000
0000
0000
0010
0000
0000
0000
0000
0000
0000
0000
0100
0000
0000
0000
0000
0000
0000
0000
0010
0000
0000
0000
0000
0000
0000
0000
1000
0000
0000
0000
0000
0000
0000
0000
0001
0000
0000
0000
0000
0000
0000
0000
0010
0000
0000
0000
0000
0000
0000
0000
0100
0000
0000
0000
0000
0000
0000
0000
0010
0000
0000
0000
0000
0000
0000
0000
0001
0000
0000
0000
0000
0000
0000
0000
0100
0000
0000
0000
0000
0000
0000
0000
0000
0000
0000
0000
0010
0000
0000
0000
0000
0000
0000
0000
0000
0000
0000
0000
1000
0000
0000
0000
0000
0000
0001
0000
0000
0000
0000
0000
0100
0000
0000
0000
0000
0000
0010
0000
0000
0000
0000
0000
1000
0000
0000
0000
0000
0000
0001
0000
0000
0000
0000
0000
0100
0000
0000
0000
0000
0000
0010
0000
0000
0000
0000
0000
,  // measure 25
1001
1000
0000
1000
1000
0000
1010
0010
0000
0010
0010
0000
0010
0010
0000
0010
,  // measure 26
0110
0000
0100
0100
0000
0100
0101
0000
0001
0001
0000
0001
0001
0000
0001
0001
,  // measure 27
0010
0100
0100
0000
1000
1000
0011
0100
0000
0100
0000
0100
0100
0000
0100
0100
,  // measure 28
0001
0000
0000
0000
0000
0000
0000
0000
0000
0000
0000
0000
0100
0000
0000
0000
0000
0000
0000
0000
0000
0000
0000
0000
0000
0000
0000
0000
0000
0000
0000
0000
0000
0000
0000
0000
0100
0000
0000
0000
0000
0000
0000
0000
0000
0000
0000
0000
0000
0000
0000
0000
0000
0000
0000
0000
0000
0000
0000
0000
0100
0000
0000
0000
0000
0000
0000
0000
0000
0000
0000
0000
0110
0000
0000
0000
0000
0000
0000
0000
0000
0000
0000
0000
0000
0000
0000
0000
0000
0000
0001
0000
0000
0000
0000
0000
1100
0000
0000
0000
0000
0000
0000
0000
0000
0000
0000
0000
1000
0000
0000
0000
0100
0000
0000
0000
0000
0000
0000
0000
0000
0000
0000
0000
0000
0000
0000
0000
0000
0000
0000
0000
1001
0000
0000
0000
0000
0000
0000
0000
0000
0000
0000
0000
1000
0000
0000
0000
0000
0000
0000
0000
0000
0000
0000
0000
0010
0000
0000
0000
0000
0000
0000
0000
0000
0000
0000
0000
1100
0000
0000
0000
0000
0000
0000
0000
0001
0000
0000
0000
0000
0000
0000
0000
0000
0000
0000
0000
0000
0000
0000
0000
,  // measure 29
1001
0001
0000
1000
1001
0000
1100
1000
0010
1000
1000
0000
1100
0100
0000
0100
,  // measure 30
0101
0000
0001
0001
1010
0100
0101
0000
0001
0001
0000
0001
0011
0000
0010
0010
,  // measure 31
1100
0010
0010
0000
0011
0010
0100
0010
0011
0000
0001
0001
1100
0010
1001
0000
,  // measure 32
1001
0000
0000
0000
0000
0000
0000
0000
0000
0000
0000
0000
0000
0000
0000
0000
0000
0000
1000
0000
0000
0000
0000
0000
0100
0000
0000
0010
0000
0000
0001
0000
0010
0000
0100
0000
1001
0000
0000
0100
0000
0000
1001
0000
0000
0010
0000
0000
,  // measure 33
0100
0000
0000
0000
0000
0000
0000
0000
0000
0100
0000
0000
1000
0000
0000
0010
0000
0000
0100
0000
0000
0001
0000
0000
0010
0000
0100
0000
1000
0000
0010
0000
0000
0100
0000
0000
0010
0000
0000
1000
0000
0000
0001
0000
0000
0100
0000
0000
,  // measure 34
0010
0000
0000
0000
0000
0000
0000
0000
0000
0000
0000
0000
0000
0000
0000
0000
0000
0000
0000
0000
0000
0000
0000
0000
0000
0000
0000
0000
0000
0000
0000
0000
0000
0000
0000
0000
0010
0000
0000
0000
0000
0000
0000
0000
0000
0000
0000
0000
1000
0000
0000
0000
0000
0000
0000
0000
0000
0000
0000
0000
0100
0000
0000
0000
0000
0000
0000
0000
0000
0000
0000
0000
0010
0000
0000
0000
0000
0000
0000
0000
0000
0000
0000
0000
0001
0000
0000
0000
0000
0000
0000
0000
0000
0000
0000
0000
0010
0000
0000
0000
0000
0000
0000
0000
0000
0000
0000
0000
0100
0000
0000
0000
0000
0000
0000
0000
0000
0000
0000
0000
0010
0000
0000
0000
0000
0000
0000
0000
0001
0000
0000
0000
0000
0000
0000
0000
1000
0000
0000
0000
0000
0000
0000
0000
0100
0000
0000
0000
0000
0000
0000
0000
0010
0000
0000
0000
0000
0000
0000
0000
0001
0000
0000
0000
0000
0000
0000
0000
0100
0000
0000
0000
0000
0000
0010
0000
0000
0000
0000
0000
1000
0000
0000
0000
0000
0000
0001
0000
0000
0000
0000
0000
,  // measure 35
0100
0000
0000
0001
0000
0000
0010
0000
0100
0000
0010
0000
0001
0000
0100
0000
0010
0000
1000
0000
0001
0000
0100
0000
0001
0000
0000
0001
0000
0000
1000
0000
0000
0100
0000
0000
0010
0000
0001
0000
0010
0000
0100
0000
0000
1000
0000
0000
,  // measure 36
0010
1000
0100
0010
0001
0100
0010
1000
0001
0010
0100
1000
1010
0101
0011
1100
,  // measure 37
0001
0000
0000
0010
0000
0000
0001
0000
0000
0100
0000
0000
1000
0000
0100
0000
0001
0000
0010
0000
0100
0000
1000
0000
0000
0000
0000
1001
0000
0000
0110
0000
0000
1001
0000
0000
1000
0000
0100
1000
0001
0000
1000
0000
0100
1000
0000
0001
,  // measure 38
1000
0000
0100
0000
0010
0000
0001
0000
0000
0001
0000
0000
0100
0000
0010
0000
0100
0000
0001
0000
0000
1000
0000
0000
0001
0000
0010
0000
0001
0000
0100
0000
0000
0010
0000
0000
1000
0000
0010
0000
0100
0000
0001
0000
1000
0000
0010
0000
,  // measure 39
1001
0000
0000
0100
0000
0000
0010
0000
0000
0001
0000
0000
1000
0000
0001
0000
0100
0000
0010
0000
1000
0001
0100
0000
1001
0000
0000
0100
0000
0000
0010
0000
0000
0001
0000
0000
0100
0000
0000
0010
0000
0000
1000
0000
0100
0010
0001
0000
,  // measure 40
1001
0000
1100
0000
0000
0000
0110
0000
1001
0000
0000
0000
1100
0000
0011
0000
0000
0000
0101
0000
1010
0000
1000
0100
0011
0000
0011
0000
0011
0000
0011
0000
,  // measure 41
1001
0000
0000
0000
0000
0000
0000
0000
0000
0000
0000
0000
0001
0000
0100
0000
0010
0000
1000
0000
0000
0100
0000
0000
0000
0000
0000
0010
0000
0000
0000
0000
0000
0001
0000
0000
0000
0000
0000
0000
0000
0000
0001
0000
0000
0000
0000
0000
,  // measure 42
0100
0000
0000
0010
1000
0101
0010
1000
0100
0010
0001
0100
0000
0010
1000
0000
,  // measure 43
0001
0000
0000
0000
0000
0000
0000
0000
0000
0000
0000
0000
0001
0000
0000
0100
0000
0000
0001
0000
0000
0010
0000
0000
0000
0000
0000
0010
0000
0000
0001
0000
0010
0000
0100
0000
1000
0000
0000
0010
0000
0000
0100
0000
0000
0001
0000
0000
,  // measure 44
0011
0000
0000
0010
0000
0000
0100
0000
0000
1000
0000
0000
0000
0000
0000
0010
0000
0000
1001
0000
0000
0010
0000
0000
0100
0000
0000
1000
0000
0000
0000
0000
0000
1000
0000
0000
0010
0000
0100
0000
0010
0000
1000
0000
0000
0001
0000
0000
,  // measure 45
0000
0000
0000
0000
0000
0000
0100
0000
0000
0000
0000
0000
0001
0000
0100
0000
0010
0000
1000
0000
0000
0001
0000
0000
0000
0000
0000
0010
0000
0000
0001
0000
0000
0100
0000
0000
0010
0000
0000
0100
0000
0000
0001
0000
0000
0010
0000
0000
,  // measure 46
0100
0000
0000
0000
0000
0000
0000
0000
0000
0000
0000
0000
0001
0010
0001
0010
0000
0000
0100
0000
1000
0000
0000
0000
0000
0000
0000
0101
0000
0000
1010
0000
0000
0101
0000
0000
0000
0000
0000
1100
0000
0000
0011
0000
0000
0100
0000
0000
,  // measure 47
0010
0000
0000
0000
0000
0000
0000
0000
0000
0000
0000
0000
1000
0000
0010
0000
0100
0000
0001
0000
0000
0100
0000
0000
0000
0000
0000
0100
0000
0000
0001
0000
0010
0000
0100
0000
1000
0000
0000
0100
0000
0000
1000
0000
0100
0000
0010
0000
,  // measure 48
0001
0000
0000
0100
0000
0000
0010
0000
0000
1000
0000
0000
0100
0000
0000
0010
0000
0000
0001
0000
0000
0010
0000
0000
1001
0000
0000
0101
0000
0000
1010
0000
1000
0000
0100
0000
0010
0000
0001
0000
1000
0000
0001
0000
1000
0000
0100
0000
,  // measure 49
0011
0000
0000
0000
0000
0000
1000
0000
0100
0000
0010
0000
0011
0000
0000
0110
0000
0000
1100
0000
0000
1010
0000
0000
0100
0000
0000
0010
0000
0000
1000
0000
0000
0100
0000
0000
0010
0000
0001
0000
0100
0000
0010
0000
0000
1000
0000
0000
,  // measure 50
0011
0000
0000
0000
0000
0000
0001
0000
1000
0000
0010
0000
0101
0000
0000
0011
0000
0000
1100
0000
0000
1010
0000
0000
0100
0000
0000
1000
0000
0000
0001
0000
0000
0010
0000
0000
0100
0000
1000
0000
0001
0000
0100
0000
0000
0010
0000
0000
,  // measure 51
0000
0000
0000
1001
0000
0000
0100
0000
0000
1001
0000
0000
0101
0000
0000
1000
0000
0000
0101
0000
0000
0011
0000
0000
1000
0000
0000
0011
0000
0000
0010
0000
0100
0000
1000
0000
1010
0000
0010
0000
0100
0000
1001
0000
0000
0011
0000
0000
,  // measure 52
1100
0000
0000
0000
0000
0000
0000
0000
0000
0000
0000
0000
0000
0000
0000
0000
0000
0000
0000
0000
0000
0000
0000
0000
1000
0000
0000
0000
0000
0000
0000
0000
0100
0000
0000
0000
0000
0000
0000
0000
1000
0000
0000
0000
0000
0000
0000
0000
0010
0000
0000
0000
0000
0000
0000
0000
0000
0000
0000
0000
0100
0000
0000
0000
0000
0000
0000
0000
0000
0000
0000
0000
0001
0000
0000
0000
0000
0000
0000
0000
0010
0000
0000
0000
0000
0000
0000
0000
0100
0000
0000
0000
0000
0000
0000
0000
1000
0000
0000
0000
0000
0000
0000
0000
0001
0000
0000
0000
0000
0000
0000
0000
0100
0000
0000
0000
0000
0000
0000
0000
0010
0000
0000
0000
0000
0000
0000
0000
1000
0000
0000
0000
0000
0000
0000
0000
0100
0000
0000
0000
0000
0000
0000
0000
0010
0000
0000
0000
0000
0000
0001
0000
0000
0000
0000
0000
0100
0000
0000
0000
0000
0000
0010
0000
0000
0000
0000
0000
0100
0000
0000
0000
0000
0000
0010
0000
0000
0000
0000
0000
1000
0000
0000
0000
0000
0000
0001
0000
0000
0000
0000
0000
,  // measure 53
0100
0001
0100
0010
1000
0010
1000
0100
1000
0001
0010
0001
0010
0100
0010
0001
1000
0001
1000
0100
0010
0001
0010
0001
,  // measure 54
1000
0000
0100
0000
1000
0000
0001
0000
0000
0010
0000
0000
0100
0000
1000
0000
0001
0000
0010
0000
0001
0000
1000
0000
0010
0000
0000
0100
0000
0000
0010
0000
0000
1000
0000
0000
0011
0000
0000
1100
0000
0000
1000
0000
0010
0000
0100
0000
,  // measure 55
1001
0000
0000
0000
0000
0000
0000
0000
0000
0000
0000
0000
0000
0000
0000
0000
0000
0000
0000
0000
0000
0000
0000
0000
0001
0000
0000
0000
0000
0000
0000
0000
0010
0000
0000
0000
0000
0000
0000
0000
0100
0000
0000
0000
0000
0000
0000
0000
1010
0000
0000
0000
0000
0000
0000
0000
0000
0000
0000
0000
0101
0000
0000
0000
0000
0000
0000
0000
0000
0000
0000
0000
0011
0000
0000
0000
0000
0000
0000
0000
0000
0000
0000
0000
1100
0000
0000
0000
0000
0000
0000
0000
0000
0000
0000
0000
0001
0000
0000
0000
0000
0000
0000
0000
1000
0000
0000
0000
0000
0000
0000
0000
0010
0000
0000
0000
0000
0000
0000
0000
0100
0000
0000
0000
0000
0000
0000
0000
0010
0000
0000
0000
0000
0000
0000
0000
1000
0000
0000
0000
0000
0000
0000
0000
0100
0000
0000
0000
0000
0000
0000
0000
0010
0000
0000
0000
0000
0000
0000
0000
0001
0000
0000
0000
0000
0000
0000
0000
1000
0000
0000
0000
0000
0000
0010
0000
0000
0000
0000
0000
0100
0000
0000
0000
0000
0000
0001
0000
0000
0000
0000
0000
,  // measure 56
0010
0000
0000
0000
0000
0000
0000
0000
0100
0000
0000
0000
0000
0000
0000
0000
1000
0000
0000
0000
0000
0000
0000
0000
0100
0000
0000
0000
0000
0000
0000
0000
0010
0000
0000
0000
0000
0000
0000
0000
0001
0000
0000
0000
0000
0000
0000
0000
0100
0000
0000
0000
0000
0000
0000
0000
0010
0000
0000
0000
0000
0000
0000
0000
0100
0000
0000
0000
0000
0000
0000
0000
0001
0000
0000
0000
0000
0000
0000
0000
1000
0000
0000
0000
0000
0000
0000
0000
0100
0000
0000
0000
0000
0000
0000
0000
0010
0000
0000
0000
0000
0000
0000
0000
0100
0000
0000
0000
0000
0000
0000
0000
1000
0000
0000
0000
0000
0000
0000
0000
0010
0000
0000
0000
0000
0000
0000
0000
0000
0000
0000
0000
0100
0000
0000
0000
0000
0000
0000
0000
0000
0000
0000
0000
0001
0000
0000
0000
0000
0000
1000
0000
0000
0000
0000
0000
0010
0000
0000
0000
0000
0000
0100
0000
0000
0000
0000
0000
0001
0000
0000
0000
0000
0000
1000
0000
0000
0000
0000
0000
0010
0000
0000
0000
0000
0000
0100
0000
0000
0000
0000
0000
,  // measure 57
1001
0000
0000
0000
;
