#TITLE:Star Field;
#SUBTITLE:;
#ARTIST:Pink Pong;
#TITLETRANSLIT:;
#SUBTITLETRANSLIT:;
#ARTISTTRANSLIT:;
#CREDIT:;
#BANNER:starfield-banner.png;
#BACKGROUND:starfield-bg.png;
#LYRICSPATH:;
#CDTITLE:!cynicTitle.png;
#MUSIC:Star Field - Pink Pong.mp3;
#OFFSET:-0.409;
#SAMPLESTART:24.396;
#SAMPLELENGTH:18.857;
#SELECTABLE:YES;
#BPMS:0.000=140.000,64.000=35.000,65.000=140.000,193.000=35.000,194.000=140.000;
#STOPS:;
#BGCHANGES:;
// cache tags:
#FIRSTBEAT:8.000;
#LASTBEAT:262.000;
#SONGFILENAME:Songs/All Songs/starfield/starfield.sm;
#HASMUSIC:1;
#HASBANNER:1;
#MUSICLENGTH:120.790;
// end cache tags

//---------------dance-single - ----------------
#NOTES:
     dance-single:
     :
     Hard:
     11:
     1.000,1.000,1.000,0.124,1.000,768.000,125.000,15.000,0.000,0.000:  // measure 1
0000
0000
0000
0000
,  // measure 2
0000
0000
0000
0000
,  // measure 3
0001
0100
0001
0010
0000
0100
1000
0100
1000
0010
0100
0001
0000
0010
0001
0100
,  // measure 4
0010
1000
0100
0001
0000
0100
1000
0010
0100
0001
0010
1000
0000
0010
0001
0100
,  // measure 5
1001
0000
0100
0000
0010
0100
0000
1010
0000
0010
1000
0000
0001
0000
0100
0000
,  // measure 6
0110
0000
0010
0000
1000
0100
0000
1100
0000
1000
0100
0000
0010
0000
0001
0000
,  // measure 7
0011
0000
0010
0000
0100
1000
0100
0010
0000
0001
0000
0100
0010
0000
1010
0000
,  // measure 8
1001
0000
0001
0000
0100
0010
1000
0010
0000
0100
0001
1000
0001
0000
0110
0100
,  // measure 9
1001
0000
0100
0010
0000
1000
0100
1000
0010
0000
0100
0001
0000
0010
0001
0100
,  // measure 10
0010
0000
1000
0100
0000
0010
0001
0100
0001
1000
0100
1000
0100
0010
0001
0100
,  // measure 11
0010
0000
0100
0001
0000
1000
0100
1000
0010
0100
0000
0001
0000
0010
0100
1000
,  // measure 12
0010
0100
0000
0001
0000
1000
0100
0000
1000
0010
0100
0001
0100
0001
0010
0000
,  // measure 13
0100
1000
0100
0010
0001
0100
1000
0001
0010
1000
0100
0001
0000
1000
0010
0001
,  // measure 14
0100
0010
1000
0001
0100
0001
0010
0100
1000
0001
0100
0010
0000
1000
0010
0100
,  // measure 15
0001
1000
0001
0000
0100
0000
0010
0000
1000
0000
0001
0000
0100
0010
0100
0000
0001
0000
1000
0000
0100
0000
0010
0000
0001
0000
0100
0000
0001
0000
1000
0000
,  // measure 16
0010
0100
0010
0000
0100
0000
0001
0000
1000
0001
1000
0000
0001
0000
0010
0000
0100
0010
0100
0000
0010
0000
0001
0000
1000
0010
0100
0000
0001
0000
0100
0000
,  // measure 17
2002
0000
0000
3003
0100
0001
1000
0100
0000
1000
0010
0100
0001
1000
0100
1000
,  // measure 18
0001
0100
0010
1000
0001
0010
0100
1000
0000
0001
0100
0010
0100
0001
0100
0010
,  // measure 19
1000
0100
0010
0100
1000
0001
0100
0010
0000
1000
0100
1000
0001
0100
0010
1000
,  // measure 20
0100
1000
0001
0010
0001
0100
0010
1000
0100
1000
0001
0100
0010
0100
1000
0100
,  // measure 21
0001
0010
0100
0000
1001
0000
0100
0010
0000
0001
0100
0010
1000
0001
0010
0001
,  // measure 22
1000
0010
0100
0001
1000
0100
0010
0001
0000
1000
0010
0100
0010
1000
0010
0100
,  // measure 23
0001
0010
0100
0010
0001
1000
0010
0100
0000
0001
0010
0001
1000
0010
0100
0001
,  // measure 24
0010
0001
1000
0100
1000
0010
0100
0001
0010
0001
1000
0010
0100
0010
0001
0010
,  // measure 25
1000
0100
0010
0000
1001
0000
1000
0000
1100
0010
0001
0010
0100
0000
1000
0000
,  // measure 26
1001
0000
0001
0100
0010
0000
1010
0000
0110
0000
0100
0000
1001
0000
0100
0000
,  // measure 27
0101
0000
0001
1000
0101
0000
0001
0000
0011
0100
1000
0100
0010
0000
0001
0000
,  // measure 28
1001
0000
1010
0000
0010
0100
0001
1000
0001
0000
0011
0000
1001
0000
0100
0010
,  // measure 29
0100
0000
0101
0000
1001
0000
0101
0000
0001
0100
0010
0100
1001
0000
0100
1000
,  // measure 30
0000
0001
0100
0010
1000
0000
0100
0000
0011
0000
0100
0000
1100
0000
1000
0100
,  // measure 31
0011
0000
0100
0001
0100
0010
1000
0000
1100
0010
0001
0010
1100
0000
0001
0100
,  // measure 32
0010
0000
1010
0000
0100
0001
1000
0100
0011
0000
1000
0101
0000
0001
1100
0000
,  // measure 33
1010
0100
0001
0010
2100
0000
0000
0100
0100
0000
3010
0000
0100
0001
0100
0010
,  // measure 34
1000
0000
1100
0000
0012
0000
0000
0010
0010
0000
0103
0000
0010
1000
0010
0100
,  // measure 35
0001
0000
1010
0000
0102
0000
0000
0100
0100
0000
0013
0000
0100
1000
0100
0010
,  // measure 36
0001
0000
0011
0000
2010
0000
0000
0010
0010
0000
3100
0000
0010
0001
0010
0100
,  // measure 37
1000
0000
1100
0000
1000
0100
1000
0100
1000
0000
0011
0000
0001
0100
0001
0100
,  // measure 38
0001
0000
1010
0000
0100
0010
0100
0010
0100
0000
1001
0000
0001
1000
0001
1000
,  // measure 39
0010
0100
0010
0100
1001
0000
0100
0010
0100
0001
0010
0000
1100
0000
0010
0100
,  // measure 40
0001
1000
0001
0000
0011
0000
0100
0000
1100
1000
0010
0000
0100
1000
0100
0001
,  // measure 41
0010
0100
1000
0000
0001
0010
0001
0010
0001
0000
1100
0000
1000
0010
1000
0010
,  // measure 42
1000
0000
0101
0000
0010
0100
0010
0100
0010
0000
1001
0000
1000
0001
1000
0001
,  // measure 43
0100
0010
0100
0010
1001
0000
0010
0100
0010
1000
0100
0000
0011
0000
0100
0010
,  // measure 44
1000
0001
1000
0000
1100
0000
0010
0000
0011
0001
0100
0000
0010
0001
0010
1000
,  // measure 45
0100
0010
0100
0000
1001
0000
0010
1000
0100
1000
0010
1000
0101
0000
0010
0001
,  // measure 46
0100
0001
0010
0001
1100
0000
0100
1000
0100
0001
0100
1000
0011
0000
0010
0001
,  // measure 47
0010
1000
0010
0001
1200
0000
1000
0300
2010
0000
0010
3000
0120
0000
0100
0030
,  // measure 48
0201
0000
0001
0300
1000
0100
0010
0001
1000
0100
0010
0001
1000
0010
0100
0001
,  // measure 49
1000
0010
0100
0010
2002
0000
0000
3003
1001
0000
0001
0000
0011
0100
1000
0100
,  // measure 50
0010
0000
0001
0000
1001
0000
1000
0010
0100
0000
0101
0000
0110
0000
0010
0000
,  // measure 51
1001
0000
0010
0000
1010
0000
1000
0001
1010
0000
1000
0000
1100
0010
0001
0010
,  // measure 52
0100
0000
1000
0000
1001
0000
0101
0000
0100
0010
1000
0001
1000
0000
1100
0000
,  // measure 53
1001
0000
0010
0100
0010
0000
1010
0000
1001
0000
1010
0000
1000
0010
0100
0010
,  // measure 54
1001
0000
0010
0001
0000
1000
0010
0100
0001
0000
0010
0000
1100
0000
0010
0000
,  // measure 55
0011
0000
0001
0010
1100
0000
0010
1000
0010
0100
0001
0000
0011
0100
1000
0100
,  // measure 56
0011
0000
1000
0010
0100
0000
0101
0000
0010
1000
0001
0010
1100
0000
0001
1010
,  // measure 57
0000
1000
0011
0000
0101
0010
1000
0100
0011
0000
0001
0000
0101
1000
0010
1000
,  // measure 58
0101
0000
1000
0000
1010
0000
0101
0000
1100
0000
1000
0010
0000
0010
0100
0000
,  // measure 59
0101
0000
0001
0000
1001
0000
0011
0000
1100
0000
1001
0000
0001
0000
0010
0100
,  // measure 60
1000
1010
0101
0002
1000
0013
0110
0100
,  // measure 61
1001
0000
0100
0000
1010
0000
0101
0000
1001
0000
1000
0100
1000
0100
1000
0010
,  // measure 62
0100
0000
0000
0000
0001
0000
0100
0000
0001
0000
0100
0000
0010
0000
1000
0000
0100
0000
0000
0000
0010
0000
0001
0000
0100
0010
0100
0000
0001
0000
1000
0000
,  // measure 63
0100
1000
0010
0100
0001
1000
0010
0100
1001
0000
0001
1100
0000
1000
0010
0100
,  // measure 64
1010
0000
1000
0101
0000
0001
0010
0100
1001
0000
0001
1100
0000
0100
1010
0001
,  // measure 65
1010
0100
0001
0110
1000
0001
1100
0010
2002
0000
0000
0000
0000
0000
0000
0000
,  // measure 66
0000
0000
3003
0000
;
