#TITLE:FIRE;
#SUBTITLE:;
#ARTIST:Pink Pong;
#TITLETRANSLIT:;
#SUBTITLETRANSLIT:;
#ARTISTTRANSLIT:;
#CREDIT:;
#BANNER:fire-banner.png;
#BACKGROUND:fire-bg.png;
#LYRICSPATH:;
#CDTITLE:!cynicTitle.png;
#MUSIC:fire.mp3;
#OFFSET:-0.420;
#SAMPLESTART:43.918;
#SAMPLELENGTH:12.000;
#SELECTABLE:YES;
#BPMS:0.000=138.000,97.000=302.210,97.250=261.915,97.500=221.620,97.750=181.326,98.000=141.031,98.250=51.990,98.500=138.000;
#STOPS:;
#BGCHANGES:;
// cache tags:
#FIRSTBEAT:16.000;
#LASTBEAT:172.000;
#SONGFILENAME:Songs/All Songs/Fire/fire.sm;
#HASMUSIC:1;
#HASBANNER:1;
#MUSICLENGTH:78.582;
// end cache tags

//---------------dance-single - ----------------
#NOTES:
     dance-single:
     :
     Hard:
     11:
     1.000,1.000,1.000,0.076,1.000,473.000,118.000,6.000,0.000,3.000:  // measure 1
0000
0000
0000
0000
,  // measure 2
0000
0000
0000
0000
,  // measure 3
0000
0000
0000
0000
,  // measure 4
0000
0000
0000
0000
,  // measure 5
1000
1010
0100
1010
0100
1010
0100
1010
,  // measure 6
0100
0001
0101
0001
0011
0010
0011
0001
,  // measure 7
1001
1100
0001
1100
0001
1100
0001
1100
,  // measure 8
0010
0100
0101
0001
1001
1000
1001
0001
,  // measure 9
1001
0011
0100
0011
0100
0011
0100
0011
,  // measure 10
1000
0100
0110
0010
0011
0001
0101
0010
,  // measure 11
0100
0101
1000
0101
1000
0101
1000
0101
,  // measure 12
1000
0100
0110
0010
0011
0001
0101
0011
,  // measure 13
0100
1010
0100
1010
0100
1010
0100
1010
,  // measure 14
0100
0001
0010
0000
0100
1000
0010
0000
0100
0001
1000
0010
0100
0010
1000
0000
,  // measure 15
1000
0010
0100
0001
0010
0100
1000
0100
0010
0001
0100
0010
1000
0100
1000
0001
,  // measure 16
1100
1000
0100
1000
0100
1000
0100
0010
0011
0001
0010
0001
0010
0001
0010
0100
,  // measure 17
1100
1000
0100
0010
0001
1000
0100
0010
0001
0010
0100
1000
1100
0100
1000
0010
,  // measure 18
0100
0010
1000
0100
0010
0001
1000
0100
0010
0001
0010
0100
1000
0010
0100
0001
,  // measure 19
1001
1000
0010
0100
0001
0010
0001
0100
0001
1000
0010
0100
0101
0001
0010
0100
,  // measure 20
1000
0100
0010
0001
0010
0100
1000
0010
0100
0001
0010
0100
1000
0010
1000
0100
,  // measure 21
0110
0010
0100
0001
1000
0010
0100
0010
1000
0001
0010
0100
1100
1000
0010
0100
,  // measure 22
0001
0010
0100
1000
0001
1000
0010
0100
0001
0010
0100
1000
0010
1000
0100
0010
,  // measure 23
0011
0001
0010
0100
1100
1000
0100
0010
0011
0001
0010
0100
1100
1000
0100
0010
,  // measure 24
0011
0100
1010
0000
1100
0101
0000
0011
1010
0000
1001
0110
0000
0110
1001
0000
,  // measure 25
0000
0000
2002
0000
0000
0000
0000
3003
,  // measure 26
2200
0000
0300
0011
0100
0011
0100
0011
,  // measure 27
0100
0000
3010
0010
0100
0000
0011
0010
0200
0000
1000
0000
1300
0000
0010
0000
,  // measure 28
0100
1010
0100
1010
0100
1010
0100
1010
,  // measure 29
0100
0000
1010
0010
0100
0000
0011
0010
0200
0000
1000
0000
1300
0000
0100
0000
,  // measure 30
0011
0101
0010
0101
0010
0101
0010
0101
,  // measure 31
0010
0000
1100
1000
0010
0000
0101
0001
0010
0000
1100
1000
0010
0000
0101
0001
,  // measure 32
0010
1100
0010
1100
0010
1100
0010
1100
,  // measure 33
0011
0010
0100
1000
1010
0010
0100
0001
0101
0100
0110
0010
1010
1100
0101
0011
,  // measure 34
1001
0010
0100
1000
0100
1000
0010
0100
0101
0001
0010
0100
1000
0010
1000
0100
,  // measure 35
1100
1000
0010
0100
0001
0010
0100
0010
0110
0100
0010
0001
0100
0001
1000
0100
,  // measure 36
1100
1000
0001
0010
0100
0010
0001
0100
0101
0001
0100
0010
0100
0010
0001
1000
,  // measure 37
1001
0001
0010
0100
1000
0010
0100
0001
0101
0100
0001
0010
0001
0010
0001
0100
,  // measure 38
0101
0001
0100
1000
0100
0001
0010
0100
1100
1000
0100
0001
0100
1000
0010
0100
,  // measure 39
0101
0001
0010
1000
0010
0001
0100
0010
1010
1000
0010
0001
0010
1000
0100
0010
,  // measure 40
0011
0001
0010
0100
1000
0001
0010
0100
1100
1000
0100
0010
0001
1000
0100
0010
,  // measure 41
0011
0001
0010
0100
1000
0001
0010
0100
1100
1000
0100
0010
0001
1000
0100
0010
,  // measure 42
0011
0000
0001
0100
0010
1000
0100
0110
0000
0110
0000
0010
0001
0100
0001
1000
,  // measure 43
1100
0000
1100
0000
0100
0010
0001
0011
0000
0011
0000
0010
0011
1010
1100
0101
,  // measure 44
1001
0000
0000
0000
;
