#TITLE:Eight;
#SUBTITLE:;
#ARTIST:Emotional Joystick;
#TITLETRANSLIT:;
#SUBTITLETRANSLIT:;
#ARTISTTRANSLIT:;
#CREDIT:;
#BANNER:Eight-banner.jpg;
#BACKGROUND:Eight-bg.jpg;
#LYRICSPATH:;
#CDTITLE:!cdtitle.jpg;
#MUSIC:Eight.mp3;
#OFFSET:-0.412;
#SAMPLESTART:52.309;
#SAMPLELENGTH:12.000;
#SELECTABLE:YES;
#BPMS:0.000=92.500,96.000=185.000,128.000=92.500,132.000=185.000,140.000=92.500,148.000=185.000,244.000=92.500,248.000=185.000,272.000=92.500,288.000=185.000,368.000=92.500,370.000=185.000,382.000=92.499;
#STOPS:;
#BGCHANGES:;
// cache tags:
#FIRSTBEAT:16.000;
#LASTBEAT:429.500;
#SONGFILENAME:Songs/All Songs/DanTheMan - Eight/Eight.sm;
#HASMUSIC:1;
#HASBANNER:1;
#MUSICLENGTH:199.862;
// end cache tags

//---------------dance-single - ----------------
#NOTES:
     dance-single:
     :
     Hard:
     12:
     0.955,1.000,1.000,0.300,0.731,1073.000,203.000,60.000,0.000,0.000:  // measure 1
0000
0000
0000
0000
,  // measure 2
0000
0000
0000
0000
,  // measure 3
0000
0000
0000
0000
,  // measure 4
0000
0000
0000
0000
,  // measure 5
1000
0100
0010
0001
0010
0001
1010
0101
,  // measure 6
0010
0100
1000
0100
1000
0100
0011
1100
,  // measure 7
0010
0100
0010
0100
0010
0101
0010
1100
,  // measure 8
0011
0100
1000
0101
0010
1001
0110
1001
,  // measure 9
0102
0000
1000
0000
0100
0000
0010
0000
1000
0003
0110
0000
1100
0000
0110
0000
,  // measure 10
2001
0000
0001
0000
3010
0000
2001
0000
0100
3000
0120
0000
1000
0030
1100
0000
,  // measure 11
0102
0000
0010
0000
0100
0000
1000
0003
2000
0000
0010
3200
0001
0000
0320
0030
,  // measure 12
1002
0000
0010
0000
0100
0000
1000
0003
1200
0000
0010
0300
1020
0000
0100
0030
,  // measure 13
2100
0000
0010
0000
0001
0000
0010
0000
0100
3000
0110
0000
0011
0000
0110
0000
,  // measure 14
1200
0000
1000
0000
0010
0300
0012
0000
1000
0003
0120
0000
0100
0030
1001
0000
,  // measure 15
2100
0001
0010
0100
3001
1010
0101
1010
,  // measure 16
0102
0000
0010
0000
0100
0003
2010
0000
0001
3000
0120
0000
1000
0030
2002
3003
,  // measure 17
0200
0010
0001
0010
0001
0320
0032
0023
,  // measure 18
2030
0100
0001
3020
0100
1000
0032
1000
,  // measure 19
0203
0010
0001
0010
0001
2300
3200
0320
,  // measure 20
0032
0010
0100
2003
0100
0010
3200
0310
,  // measure 21
1010
0000
0000
0000
0100
0000
0010
0000
1001
0000
0000
0000
0100
0000
1000
0100
0010
0000
0100
0000
1000
0000
0010
0000
1001
0000
0000
0000
0110
0000
0000
0000
,  // measure 22
0011
0000
0000
0000
0010
0000
0100
0000
1010
0000
0000
0000
0100
0000
0010
0001
0010
0000
0100
0000
1000
0000
0100
0000
0011
0000
0000
0000
0110
0000
0000
0000
,  // measure 23
1010
0000
0000
0000
0100
0000
0001
0000
1010
0000
0000
0000
0100
0000
0010
1000
0010
0000
0100
0000
1000
0000
0100
0000
1001
0000
0000
0000
0110
0000
0000
0000
,  // measure 24
1001
0000
0100
1000
0011
0000
2000
0000
3200
0000
0320
0000
0032
0000
2003
0000
,  // measure 25
3001
0000
0000
0010
0001
0000
0000
0010
1000
0000
0000
0010
0100
0010
0100
0010
,  // measure 26
0100
0000
0010
0000
0001
0000
1000
0000
0100
0000
0010
0000
0000
1000
0100
1000
,  // measure 27
0100
0000
0010
0001
0010
0000
0000
0100
1000
0010
0100
0010
1000
0010
0000
0000
,  // measure 28
1000
0000
0100
0000
0010
0000
0001
0000
0010
0000
0100
0000
0001
1000
0001
1000
,  // measure 29
0001
0000
0000
1000
0100
0000
0000
0010
0001
0000
0000
1000
0010
0100
0001
1000
,  // measure 30
0001
0000
0010
0000
0100
0000
1000
0000
0100
0000
0010
0000
0001
0010
0100
1000
,  // measure 31
0100
0000
0010
1000
0010
0000
0000
0100
0010
1000
0001
0100
0010
0000
0000
0000
,  // measure 32
1000
0000
0100
0000
1000
0000
0010
0000
1000
0000
0001
0000
1000
0100
1000
0010
,  // measure 33
1000
0000
0000
0000
0100
0000
0010
0000
1001
0000
0000
0000
0010
0000
1000
0100
1000
0000
0100
0000
0010
0000
0001
0000
0110
0000
0000
0000
1001
0000
0000
0000
,  // measure 34
0010
0000
0000
1000
0100
0000
0000
0010
0001
0010
0001
0010
0001
0000
0000
0000
,  // measure 35
0001
0000
0000
0000
0010
0000
0000
0000
0100
0000
0000
0000
1000
0100
0000
0010
,  // measure 36
0001
0000
0000
0000
0010
0000
0100
0000
1001
0000
0000
0000
0100
0000
0010
0100
0010
0000
1000
0000
0100
0000
1000
0000
0100
0000
0010
0000
0001
0010
0100
1000
,  // measure 37
0100
0000
0010
0001
0010
0000
0000
1000
0100
0000
0010
0100
0010
0000
0000
0000
2002
0000
0000
0000
0000
0000
0000
0000
0000
0000
0000
0000
0000
0000
3003
0000
,  // measure 38
0100
0000
0100
0000
0011
0000
0100
0010
0100
0000
1010
0000
0100
0010
0100
0010
,  // measure 39
1000
0000
0100
0010
0100
0010
0100
0000
1010
0000
0100
0000
1001
0000
1000
0100
,  // measure 40
0010
0000
0001
0000
1010
0000
1010
0000
1010
0000
0100
0001
0100
0001
0010
0000
,  // measure 41
1100
0000
0001
1000
0001
1000
0010
0100
0001
0100
0001
0000
1000
0100
0010
0100
,  // measure 42
0010
0000
1000
0000
0101
0000
1000
0010
1000
0100
0010
0000
0001
1000
0001
1000
,  // measure 43
0001
0000
0110
0000
0110
0000
0001
0000
0010
1000
0100
0010
0100
0010
0100
0010
,  // measure 44
0100
0000
1000
0000
0101
0000
0010
1000
0010
0100
0001
0000
1010
0000
1000
0100
,  // measure 45
0010
0000
0000
0000
0000
0000
0001
0000
0010
0000
0100
0000
1000
0000
0000
0100
0000
0000
0010
0000
0000
0001
0000
0000
0010
0000
0000
0000
0000
0000
1001
0000
0000
0000
0000
0000
1000
0000
0000
0001
0000
0000
1000
0000
0000
0001
0000
0000
,  // measure 46
1000
0000
1000
0100
1000
0100
1000
0100
1000
0000
0001
0010
0100
0000
0100
0000
,  // measure 47
1000
0000
0000
0000
0000
0000
0100
0000
0000
0000
0000
0000
1010
0000
0000
0000
0000
0000
0100
0000
0000
1000
0000
0000
0100
0000
0000
0010
0000
0000
0001
0000
0000
0000
0000
0000
1000
0000
0100
0000
0010
0000
0001
0000
0010
0000
0001
0000
,  // measure 48
0010
0000
1000
0000
0110
0000
0110
0000
0110
0000
1000
0100
1000
0000
0001
0010
,  // measure 49
0100
0000
2000
3000
1000
0100
0010
0001
0010
0100
1000
0100
0010
0000
0001
1000
,  // measure 50
0100
0000
0010
0000
1001
0000
0010
0000
0100
0000
1001
0000
1000
0010
0100
0000
,  // measure 51
1001
0000
0100
0000
0001
0010
0001
0000
0010
0100
0010
0100
0010
1000
0000
1000
,  // measure 52
0100
0000
0010
0000
0101
0000
0010
1000
0100
0010
0001
0000
0110
0000
0110
0000
,  // measure 53
1100
0000
0000
0000
0000
0000
1000
0000
0000
0100
0000
0000
0010
0000
0000
0000
0001
0000
0000
0000
0010
0000
0000
0000
0100
0000
0000
0000
1000
0000
0000
0000
0100
0000
0000
0000
2000
0000
0000
0000
0000
0000
0000
0000
0000
3000
0000
0000
,  // measure 54
0101
0000
0000
1000
0010
0000
0100
0010
0100
0000
0000
0001
1000
0000
1000
0100
,  // measure 55
1000
0000
0100
0000
0011
0000
0100
0000
0001
0010
0001
0010
0100
1000
0100
0010
,  // measure 56
0001
0000
0010
1000
0100
0000
1000
0001
1000
0001
0100
0000
0010
1000
0001
1000
,  // measure 57
0010
0000
1100
0000
0010
0001
0010
0000
0010
0000
0100
0000
1000
0100
0010
0100
,  // measure 58
0010
0000
0001
0010
0001
0000
0000
0010
0001
0010
0001
0000
0100
0000
0010
0100
,  // measure 59
1000
0000
0100
0000
0011
0000
0011
0000
0010
0100
0010
0000
0011
0000
0200
0300
,  // measure 60
0001
0000
0001
0000
1010
0000
1000
0100
0010
0100
0010
0001
1000
0100
0010
0001
,  // measure 61
0010
0000
0100
0000
1001
0000
0010
1000
0100
0000
1001
0000
0010
1000
0100
0010
,  // measure 62
0001
0000
0000
1000
0100
0000
0001
0010
0001
0000
1000
0100
1000
0000
0001
0010
0001
0000
1010
0000
0101
0000
0110
0000
1010
0000
0101
0000
1000
0100
0010
0001
,  // measure 63
0010
0000
1000
0100
0010
0000
0001
0010
0001
0010
0100
0000
1010
0000
0000
1000
,  // measure 64
0100
0000
0010
0000
0001
0010
0001
0010
0100
0000
1001
0000
0010
0100
0001
0010
,  // measure 65
0100
0000
0000
0000
1000
0000
0000
0000
0100
0000
0000
0000
0010
0000
0000
0000
0100
0000
0000
0000
0010
0000
0000
0000
0001
0000
0000
0000
0000
0000
0000
0000
0000
0100
0000
0000
0010
0000
0000
0100
0000
0000
0020
0000
0000
0030
0000
0000
,  // measure 66
1100
0110
0011
0110
1100
0110
0011
0110
,  // measure 67
1100
0000
0000
0000
0000
0000
0000
0000
0000
1000
0000
0000
0100
0000
0000
0000
0000
0000
0000
0000
0000
0001
0000
0000
0010
0000
0000
0100
0000
0000
1000
0000
0000
0000
0000
0000
0110
0000
0000
0000
0000
0000
1000
0000
0100
0000
0010
0000
,  // measure 68
0001
0000
0100
0000
1001
0000
1001
0000
1000
0100
1000
0010
1000
0001
1000
0010
,  // measure 69
1000
0000
0000
0000
0100
0000
0010
0000
1001
0000
0000
0000
1000
0000
0100
0010
0001
0000
0010
0000
0100
0000
0010
0000
1001
0000
0000
0000
0220
0000
0330
0000
,  // measure 70
1010
0000
0000
0000
0001
0000
0010
0000
1100
0000
0000
0000
0010
0000
1000
0100
1000
0000
0100
0000
0010
0000
0001
0000
0110
0000
0000
0000
2002
0000
3003
0000
,  // measure 71
0110
0000
0000
0000
1000
0000
0001
0000
0110
0000
0000
0000
1000
0000
0001
0010
0001
0000
0010
0000
0100
0000
1000
0000
0110
0000
0000
0000
0202
0000
0303
0000
,  // measure 72
1010
0000
0100
1000
0100
0000
0020
0000
0032
0000
0023
0000
0230
0000
2300
0000
,  // measure 73
3001
0000
0010
0000
1001
0000
1000
0100
0010
0000
0101
0000
0010
0100
1000
0100
,  // measure 74
0010
0000
0001
1000
0001
1000
0100
0000
0011
0000
0100
0000
0011
0000
0000
0100
,  // measure 75
1000
0000
0100
0000
0011
0000
0011
0000
0011
0000
0010
1000
0100
1000
0100
0000
,  // measure 76
1000
0000
0100
0010
0001
0010
0001
0000
1010
0000
1010
0000
1000
0100
0010
0001
,  // measure 77
0010
0000
0100
0000
1010
0000
1000
0100
1000
0100
0010
0000
0001
1000
0001
1000
,  // measure 78
0100
0000
1010
0000
1010
0000
0100
0000
1000
0010
0100
0010
0100
0001
0100
0001
,  // measure 79
0010
0000
0001
0000
1010
0000
0100
0010
0100
0010
0001
0000
1010
0000
0001
0100
,  // measure 80
0010
0000
2000
0000
3001
0010
0001
0010
0100
0000
1001
0000
1001
0000
1001
0000
,  // measure 81
1001
0000
0000
1000
0100
0000
0001
0010
0001
0000
0000
1000
0100
1000
0100
0010
,  // measure 82
0001
0000
0010
0000
1001
0000
0010
0000
1000
0100
1000
0001
0010
0000
0001
0010
,  // measure 83
0100
0000
1000
0100
0010
0000
0001
0010
0100
1000
0100
0000
0010
0100
0001
1000
,  // measure 84
0100
0000
0011
0000
0100
0000
0100
0000
0100
0000
0010
0000
1000
0100
1000
0010
,  // measure 85
0100
0000
0000
0001
1000
0000
0000
0001
0010
0100
0010
0100
0010
0000
1000
0100
,  // measure 86
0010
0000
0001
0000
1010
0000
1010
0000
0100
0010
0100
0000
1001
0000
0020
0030
,  // measure 87
1000
0000
1000
0000
0110
0000
0001
0010
0100
0010
0100
1000
0001
0010
0100
1000
,  // measure 88
0001
0000
0010
0000
1001
0000
0100
0010
0100
0000
1001
0000
0010
1000
0100
0010
,  // measure 89
0001
0000
0001
0010
0001
0000
0010
0100
0010
0100
0001
0000
0110
0000
0001
0010
,  // measure 90
0100
0000
0100
0000
0011
0000
0010
0001
0010
0100
1000
0000
0010
0100
1000
0100
,  // measure 91
0010
0000
0010
0000
1001
0000
0100
0010
0001
0010
0100
0000
1001
0000
0000
0010
,  // measure 92
0100
0000
0100
0000
1001
0000
0010
1000
0100
0010
0100
0000
1000
0010
1000
0010
,  // measure 93
1000
0000
0000
0000
1000
0000
0100
0000
1010
0000
0000
0000
0100
0000
0010
0001
0010
0000
0000
0000
0010
0000
0000
0000
1001
0000
0000
0000
1000
0000
0100
0000
,  // measure 94
0010
0001
0010
0000
0001
0010
0001
0010
0100
0000
0100
0000
1001
0000
0010
1000
,  // measure 95
0010
0100
0001
0000
0001
1000
0001
1000
0002
0000
0000
0000
0000
0000
0000
0000
,  // measure 96
0000
0000
0000
0000
0000
0000
0000
0003
1000
0000
0100
0000
0010
0000
0001
0000
,  // measure 97
0010
1010
0101
0110
1001
0010
0100
1000
,  // measure 98
0100
0011
0110
1100
0110
0001
0010
0100
,  // measure 99
1000
0110
0001
0110
1001
0100
0010
0101
,  // measure 100
1000
0110
1001
0110
1100
0010
0001
1000
,  // measure 101
0010
0101
1010
0101
1010
0100
1000
0101
,  // measure 102
0010
0101
0010
1010
0110
0001
0010
0100
,  // measure 103
1010
0000
0100
1001
0010
0000
1100
0000
0110
0000
0001
0000
1000
0000
0010
0000
,  // measure 104
1001
0100
0011
0100
1010
0100
0010
0001
,  // measure 105
0010
1001
0110
0011
1100
0010
0001
1010
,  // measure 106
0100
1010
0100
0011
1100
0010
0001
0010
,  // measure 107
0100
1010
0110
1001
0110
1000
0100
0011
,  // measure 108
0100
1010
0100
1001
0000
0000
0000
0000
;
