#TITLE:Brace Yourself;
#SUBTITLE:;
#ARTIST:µ-ziq;
#TITLETRANSLIT:;
#SUBTITLETRANSLIT:;
#ARTISTTRANSLIT:;
#CREDIT:;
#BANNER:braceyourself.png;
#BACKGROUND:braceyourself-bg.png;
#LYRICSPATH:;
#CDTITLE:!apTitle.png;
#MUSIC:Brace Yourself (Remix).mp3;
#OFFSET:-0.084;
#SAMPLESTART:30.700;
#SAMPLELENGTH:12.000;
#SELECTABLE:YES;
#BPMS:0.000=97.875,32.000=195.750,252.500=176.000,253.000=156.000,253.500=136.000,254.000=116.000,254.250=96.000,254.500=71.980,254.750=46.360,255.000=22.200,255.750=195.750;
#STOPS:;
#BGCHANGES:;
// cache tags:
#FIRSTBEAT:0.000;
#LASTBEAT:447.000;
#SONGFILENAME:Songs/All Songs/Brace Yourself/Brace Yourself.sm;
#HASMUSIC:1;
#HASBANNER:1;
#MUSICLENGTH:149.655;
// end cache tags

//---------------dance-single - ----------------
#NOTES:
     dance-single:
     :
     Hard:
     12:
     1.000,1.000,1.000,0.728,0.999,986.000,223.000,109.000,0.000,3.000:  // measure 1
1000
0100
1000
0100
1000
0100
1000
0100
0010
0001
0010
0001
0010
0001
0010
0001
,  // measure 2
0010
0100
0010
0100
0010
0100
0010
0100
1000
0100
0010
0100
1000
0100
0010
0100
,  // measure 3
0010
0001
0010
0100
0010
0001
0010
0100
0001
0010
0001
0100
0001
0010
0001
0100
,  // measure 4
1000
0000
0100
0000
1000
0000
0010
0000
1000
0000
0001
0000
1000
0000
0010
0000
1000
0100
0010
0000
0001
0000
0010
0100
0001
0000
0000
0100
0000
0000
1000
0000
,  // measure 5
0100
0000
0001
0000
0100
0000
0100
0000
0000
0000
0100
0000
0000
0000
0001
0000
0010
0000
0000
0000
0010
0000
0000
0000
0010
0000
0000
0000
0010
0000
0100
0010
,  // measure 6
1000
0000
0000
0000
1000
0000
0000
0000
1000
0000
0000
0000
1000
0000
0000
0000
0100
0000
0000
0000
0100
0000
0000
0000
0100
0000
0000
0000
0100
0000
0100
0010
,  // measure 7
0001
0000
0000
0000
0001
0000
0000
0000
0001
0000
0000
0000
0001
0000
0000
0000
0001
0100
0010
0000
0100
0000
0000
0000
0100
0000
0000
0000
0100
0000
0000
0000
,  // measure 8
1000
0000
0000
0000
0010
0000
0000
0000
0100
0000
0000
0000
1000
0000
0000
0000
0001
0100
1000
0100
0001
0000
0010
0100
0010
0000
0010
0000
0101
0000
0000
0000
,  // measure 9
1001
0100
1001
0010
1001
0100
1001
0010
,  // measure 10
0101
0010
0101
1000
0101
0010
0101
1000
,  // measure 11
0110
1000
0110
0001
0110
1000
0110
0001
,  // measure 12
1100
0000
0010
0000
1100
0000
0001
0000
1100
0000
0010
0000
1100
0010
0001
0010
,  // measure 13
0101
0000
0000
0000
1000
0100
0010
0001
1010
0000
0100
0000
1010
0000
0001
0000
,  // measure 14
0110
0000
0001
0000
0110
0000
1000
0000
0110
1000
0001
0010
0100
0000
0010
0000
,  // measure 15
0100
1000
0010
0000
0010
0001
1000
0000
1000
0000
0100
0000
0010
0000
0100
0000
,  // measure 16
1000
0000
0010
0000
0100
0000
0000
0000
1000
0100
0010
0001
1000
0010
0100
0001
,  // measure 17
1020
0000
0030
0000
2010
0000
3000
0000
1020
0000
0030
0000
0100
0001
0010
0001
,  // measure 18
0010
0100
1000
0000
0000
0000
1000
0100
0010
0000
0101
0000
0010
1000
0010
0100
,  // measure 19
1001
1001
1001
1001
,  // measure 20
1000
0000
0000
0000
0100
0000
0000
0000
0010
0000
0000
0000
0001
0000
0000
0000
0000
0000
0000
0000
0000
0000
0000
0000
0001
0000
0000
0000
0010
0000
0000
0000
0100
0000
0000
0000
0010
0000
0000
0001
0000
0000
0010
0000
0000
0100
0000
0000
,  // measure 21
1001
0000
0010
0000
0100
0001
0100
1000
0000
0000
1000
0010
1000
0100
0010
0000
,  // measure 22
1001
0000
0000
0000
1010
0000
0000
0000
1010
0100
0010
1000
0101
0000
0000
0000
,  // measure 23
2010
0000
0000
0000
3011
0000
0100
1000
0100
0000
0100
0010
0001
0010
0100
0000
,  // measure 24
0010
0001
0010
0100
1000
0000
0000
0000
0010
0100
1000
0100
0010
0001
0010
0100
,  // measure 25
1001
0000
1000
0100
0010
0100
0010
0001
,  // measure 26
0001
0010
0001
0000
0010
0000
0100
0000
0010
0001
0100
0000
1000
0000
0001
0000
,  // measure 27
0100
0000
1000
0001
0100
0000
0010
0000
1001
0000
1000
0000
1000
0000
1000
0000
,  // measure 28
0100
0010
0100
0000
1001
0000
0000
0000
0000
0000
0000
0000
0001
0010
0100
1000
,  // measure 29
0001
0000
0000
0000
0011
0000
0000
0000
0010
0000
0000
0000
0010
0100
0010
0000
,  // measure 30
0100
0000
0100
0000
0100
0000
0100
0000
0100
0000
0100
0000
0100
0000
0100
0010
,  // measure 31
0001
0001
0001
0001
0001
0001
0001
0001
,  // measure 32
1001
0000
0000
0100
1001
0000
0000
0000
1001
0000
0000
0000
0101
0000
0000
0000
,  // measure 33
0110
0000
1000
0000
0110
0000
0001
0000
0110
0000
1000
0101
0010
0100
0000
0000
,  // measure 34
0011
0100
1000
0000
0000
0000
1010
0100
0010
0000
0000
0000
0011
0100
1000
0100
,  // measure 35
0011
0000
0000
0010
0011
0000
0000
0010
0011
0000
0010
0000
0010
0100
1000
0000
,  // measure 36
0010
0100
0010
0100
0010
0001
0010
0100
1000
0100
0010
0001
0010
0000
0000
0000
,  // measure 37
0000
0000
0000
0000
0010
0100
1000
0100
1000
0100
1000
0100
0010
0001
0010
0100
,  // measure 38
1010
0000
0100
0010
0101
0000
0010
0000
0101
0000
0010
0000
0100
1000
0100
0000
,  // measure 39
1001
0000
0100
0010
0001
0000
0010
0000
0100
1000
0010
0100
0001
0000
0100
0000
,  // measure 40
0010
0000
0000
0000
0010
0000
0000
0100
0010
0000
0000
0000
0010
0000
0000
0000
,  // measure 41
2000
3000
0000
0000
0200
0300
0000
0000
0002
0003
0000
0000
0020
0030
0000
0000
,  // measure 42
2000
3000
0200
0300
0020
0030
0000
0000
0002
0003
0000
0000
0200
0300
0000
0000
,  // measure 43
0000
0000
0000
0000
0020
0030
0000
0000
0000
0000
0000
0000
0000
0000
0000
0000
,  // measure 44
0000
0000
0000
0000
0002
0003
0200
0300
2000
3000
0000
0000
0002
0003
0000
0000
,  // measure 45
0000
0000
0000
0000
0020
0030
0000
0000
0000
0000
0000
0000
0000
0000
0000
0000
,  // measure 46
0020
0030
0200
0300
0020
0030
0000
0000
0002
0003
0000
0000
0200
0300
0000
0000
,  // measure 47
0000
0000
0000
0000
,  // measure 48
0200
0320
2030
3002
,  // measure 49
0003
0000
0000
0000
0020
0030
0000
0000
0200
0300
0000
0000
0000
0000
0000
0000
,  // measure 50
0002
0003
0020
0030
0200
0300
0000
0000
2000
3000
0000
0000
0200
0300
0000
0000
,  // measure 51
0002
0003
0000
0000
0020
0030
0000
0000
0200
0300
0000
0000
0000
0000
0000
0000
,  // measure 52
2000
0000
3000
0000
,  // measure 53
2020
0000
0000
3030
0202
0000
0000
0303
2002
0000
0000
3003
0220
0000
0000
0330
,  // measure 54
2000
0000
3200
0000
0320
0000
0030
0000
0022
0000
0000
0033
2200
0000
0000
3300
,  // measure 55
0000
2002
3003
0202
,  // measure 56
0303
0000
0000
0000
0002
0003
0200
0300
0020
0030
0000
0000
2000
3000
0000
0000
,  // measure 57
0002
0000
0203
0000
2320
0000
0000
3030
0220
0000
0000
0330
2002
0000
0000
3003
,  // measure 58
2002
0000
0000
3003
2020
0000
0000
3030
2200
0000
0000
3300
0022
0000
0000
0033
,  // measure 59
0002
0000
0000
0003
0020
0000
0000
0030
2000
0000
0000
0000
3000
0000
0000
0000
,  // measure 60
2020
0000
0000
3030
0220
0000
0000
0330
2002
0000
0000
3003
0220
0000
0000
0330
,  // measure 61
0000
0000
0000
0000
0020
0030
0000
0000
0200
0300
0000
0000
0000
0000
0000
0000
,  // measure 62
2000
3000
0200
0300
0020
0030
0000
0000
0002
0003
0000
0000
0020
0030
0000
0000
,  // measure 63
0002
0003
0000
0000
0020
0030
0000
0000
0200
0300
0000
0000
0000
0000
0000
0000
,  // measure 64
2002
0000
0000
0000
0000
0000
0000
0000
0000
0000
0000
0000
0000
3003
0000
0000
,  // measure 65
1100
0010
0001
0000
0010
0000
0000
0000
0010
0100
1001
0100
0010
0000
0100
0000
,  // measure 66
0001
0010
0100
0000
0010
0000
0001
0100
0010
0001
0100
0000
0010
0100
1000
0010
,  // measure 67
0100
0011
1010
0110
1001
1001
1001
0110
,  // measure 68
0001
0010
0100
1000
0001
0000
0000
0000
0001
0010
1100
0010
0001
0000
0100
0000
,  // measure 69
0011
0000
1010
0000
0110
0000
0001
0010
1100
0000
0000
0000
0100
0001
0010
0100
,  // measure 70
1010
0101
0000
0010
0101
0000
0100
0000
,  // measure 71
1000
0100
0010
0100
1000
0100
0010
0100
1000
0100
0010
0001
0010
0100
0010
0001
,  // measure 72
0010
0000
0100
0000
1000
0000
0001
0000
0010
0000
0100
0000
1000
0000
0001
0000
0010
0000
1000
0000
0010
0000
0001
0000
0100
0010
0001
0010
0100
0000
0000
0000
,  // measure 73
1010
0000
1010
0000
1000
0100
0010
0001
0110
0000
0010
0000
1001
0000
0100
0000
,  // measure 74
0101
0000
0101
0000
0001
0010
0100
1000
0110
0000
0100
0000
1001
0000
0010
0000
,  // measure 75
1010
0000
0101
0000
0001
0010
0100
0010
1001
0000
0100
0000
0011
0000
0100
0000
,  // measure 76
0101
0000
1010
0000
1000
0100
0010
0100
1001
0000
0010
0000
1100
0000
0010
0000
,  // measure 77
0011
0000
1010
0000
0110
0001
0010
0100
1001
0000
0100
0000
1001
0000
0010
0000
,  // measure 78
1001
1001
1001
0000
0010
0100
0001
1000
0110
0000
1000
0000
0110
0000
0001
0000
,  // measure 79
0110
1000
0101
0010
1001
0100
1010
0001
,  // measure 80
1010
0000
0000
0000
0100
0000
0000
0000
0011
0000
0000
0000
0100
0000
0000
0000
1001
0010
0100
1000
0100
0010
0001
0010
0100
0000
1000
0000
0100
0000
0000
0000
,  // measure 81
0011
0000
0101
0000
0001
0010
0100
0010
1001
0000
0100
0000
1010
0100
0001
0010
,  // measure 82
1100
0000
1010
0000
1000
0100
0010
0100
1001
0000
0010
0000
0101
0000
0000
0000
,  // measure 83
0001
0010
0001
1000
0100
1000
0001
0010
0001
0100
0010
0100
1000
0100
1000
0100
,  // measure 84
0010
0100
0001
0010
0001
0010
1000
0100
1000
0100
0010
0100
0010
0001
0010
0100
,  // measure 85
1001
0000
0110
0000
1000
0100
0010
0100
0011
0000
0100
0000
1010
0100
0010
0100
,  // measure 86
1001
0000
0110
0000
0001
0010
0100
0010
1100
0000
0010
0000
0101
0010
0100
0001
,  // measure 87
1010
0000
1001
0000
0010
0100
0001
1000
0110
0000
0001
0000
1010
0100
0010
0001
,  // measure 88
1020
0031
1020
0031
1020
0031
1020
0130
,  // measure 89
0001
0000
0000
0000
0010
0000
0000
0100
0010
0001
0000
0000
0010
0000
0101
0000
,  // measure 90
1000
0010
0100
0010
0001
0100
0010
0100
1001
0000
0010
1000
0100
0000
0000
0000
,  // measure 91
0011
0000
1100
0000
0001
0010
0100
0010
1001
0010
0100
1000
0200
0000
0000
0000
,  // measure 92
0300
0000
0000
0000
0000
0000
0000
0000
0000
0000
0000
0000
0000
0000
0000
0000
0000
0000
0000
0000
0000
0000
0000
0000
0000
0000
0000
0000
1000
0100
0010
0001
,  // measure 93
1100
0000
0010
0000
1100
0001
0010
0100
1001
0000
0110
0000
0010
0000
0110
0000
,  // measure 94
0011
0000
0000
0000
1000
0000
0000
0000
0100
0000
0000
0000
0011
0000
0000
1000
0000
0000
0100
0000
0000
0010
0000
0000
1001
0000
0000
0000
0000
0000
0110
0000
0000
0000
0000
0000
0100
0000
0000
0010
0000
0000
0001
0000
0000
0000
0000
0000
,  // measure 95
1000
0100
1000
0100
0010
0001
0010
0001
1010
0000
0100
0000
0001
0010
0100
0000
,  // measure 96
1001
0000
0110
0000
1010
0100
0010
0001
1100
0000
0011
0000
1010
0000
0101
0000
,  // measure 97
0001
0000
0000
0000
0010
0000
0000
0000
0100
0000
0000
0000
1000
0000
0000
0100
0000
0000
0010
0000
0000
0001
0000
0000
0110
0000
0000
1000
0000
0000
0100
0000
0000
0010
0000
0000
1001
0000
0000
0000
0000
0000
0000
0000
0000
0000
0000
0000
,  // measure 98
0000
0000
1000
0100
0011
0000
0100
0000
0011
0100
1000
0100
0011
0100
0010
0001
,  // measure 99
1010
0000
0000
0000
0000
0000
0000
0000
1000
0100
1000
0100
0010
0100
0010
0001
,  // measure 100
1010
0000
2000
0000
,  // measure 101
3011
0100
0000
0011
0100
0000
0011
0100
0000
0011
0100
0000
,  // measure 102
1010
0000
1010
0000
1001
0010
0100
1000
0100
0010
0100
0010
1001
0000
0100
0000
,  // measure 103
0000
0000
0000
0001
0010
0001
0010
0001
0010
0001
0000
0000
,  // measure 104
1000
0000
0100
0000
1000
0000
0100
0000
1000
0100
0010
0001
0010
0000
0000
0000
0000
0000
0000
0000
0000
1000
0000
0000
,  // measure 105
0011
0000
0100
0000
0011
1000
0100
0010
0100
1000
0010
0100
1001
0000
0100
0000
,  // measure 106
1100
0000
0010
0000
1100
0001
0010
0100
0010
0001
0100
0010
1001
0000
0010
0000
,  // measure 107
1100
0000
0001
0000
1010
0000
0100
0010
1001
0000
0001
0010
1100
0010
0001
0010
,  // measure 108
1001
0000
1010
0000
1010
0100
0010
0001
0010
0100
0010
0100
1001
0000
0100
0000
,  // measure 109
1001
0000
0101
0000
0101
0010
0100
1000
0100
0010
0100
0010
1001
0000
0010
0000
,  // measure 110
1001
0000
1010
0000
1010
0100
0010
0001
0010
0100
0010
0100
1001
0000
0110
0000
,  // measure 111
1010
0101
0011
0110
0101
1010
0101
0110
,  // measure 112
1000
0100
0010
1000
0100
0010
2200
0000
0000
3300
0000
0000
;
