#TITLE:Absolute;
#SUBTITLE:(Rock Guitar);
#ARTIST:dj TAKA feat.good-cool;
#TITLETRANSLIT:;
#SUBTITLETRANSLIT:;
#ARTISTTRANSLIT:;
#CREDIT:;
#BANNER:absolute.png;
#BACKGROUND:absolute-bg.png;
#LYRICSPATH:;
#CDTITLE:!a0Title.png;
#MUSIC:absoluterock.mp3;
#OFFSET:-1.102;
#SAMPLESTART:19.350;
#SAMPLELENGTH:12.000;
#SELECTABLE:YES;
#BPMS:0.000=144.000,268.000=85.000,268.750=75.000,269.000=90.000,269.500=95.000,270.000=72.500,270.500=67.500,270.750=72.500,273.000=65.000,274.000=60.000;
#STOPS:;
#BGCHANGES:;
// cache tags:
#FIRSTBEAT:0.000;
#LASTBEAT:280.000;
#SONGFILENAME:Songs/All Songs/Absolute (Rock Guitar)/absoluterock.sm;
#HASMUSIC:1;
#HASBANNER:1;
#MUSICLENGTH:131.004;
// end cache tags

//---------------dance-single - ----------------
#NOTES:
     dance-single:
     :
     Hard:
     12:
     1.000,1.000,1.000,0.015,1.000,769.000,184.000,2.000,0.000,0.000:  // measure 1
1100
0000
0000
0001
0010
0100
0010
0000
0000
1000
0000
0000
0101
0000
0000
1000
0010
0100
0010
0000
0000
0001
0000
0000
,  // measure 2
1010
0000
0000
0000
0000
0000
0000
1000
,  // measure 3
1100
0000
0000
0001
0010
0100
0010
0000
0000
1000
0000
0000
0101
0000
0000
1000
0010
0100
0010
0000
0000
0001
0000
0000
,  // measure 4
1010
0000
0000
0000
0000
0000
0000
0000
0000
0000
0000
0000
0010
0100
0000
0000
0000
0000
0000
0000
1000
0001
0000
0000
1000
0001
0000
0000
0100
0000
0000
0000
,  // measure 5
0011
0000
0000
1000
0100
0010
0100
0000
0000
0001
0000
0000
1010
0000
0000
0001
0100
0010
0100
0000
0000
1000
0000
0000
,  // measure 6
0101
0000
0000
0000
0000
0000
0000
0000
0000
0000
0000
0000
0010
0000
0000
0000
0000
0000
0000
0000
1000
0010
0000
0000
0000
0000
0000
0000
0001
0100
0000
0000
,  // measure 7
1010
0000
0000
0100
0001
1000
0001
0000
0000
0010
0000
0000
1100
0000
0000
0010
0001
1000
0001
0000
0000
0100
0000
0000
,  // measure 8
0011
0000
0000
0000
,  // measure 9
0101
0000
0010
0000
1000
0100
0010
0001
0000
0001
0010
0100
1000
0010
0100
0001
,  // measure 10
1000
0100
1000
0001
1000
0010
1000
0100
1000
0010
1000
0001
1000
0100
1000
0001
1000
0010
1000
0001
1000
0100
1000
0010
,  // measure 11
1000
0000
0000
0000
0000
0000
0000
0000
0100
0000
0000
0000
0000
0000
0000
0000
1000
0000
0000
0000
0000
0000
0000
0000
0001
0000
0000
0000
0000
0000
0000
0000
1000
0000
0000
0000
0000
0000
0000
0000
0010
0000
0000
0000
0000
0000
0000
0000
1000
0000
0000
0000
0000
0000
0000
0000
0100
0000
0000
0000
0000
0000
0000
0000
1000
0000
0000
0000
0000
0000
0000
0000
0001
0000
0000
0000
0000
0000
0010
0000
0000
0000
0000
0000
0000
0000
0000
0000
0000
0000
0000
0000
0000
0000
0000
0000
0100
0000
0000
0000
0000
0000
1000
0000
0000
0000
0000
0000
0000
0000
0000
0000
0000
0000
0000
0000
0000
0000
0000
0000
0001
0000
0000
0000
0000
0000
0000
0000
0000
0000
0000
0000
0010
0000
0000
0000
0000
0000
0000
0000
0000
0000
0000
0000
1001
0000
0000
0000
0000
0000
0000
0000
0000
0000
0000
0000
0000
0000
0000
0000
0000
0000
0000
0000
0000
0000
0000
0000
0010
0000
0000
0000
0000
0000
0000
0000
0000
0000
0000
0000
0000
0000
0000
0000
0000
0000
0000
0000
0000
0000
0000
0000
,  // measure 12
1100
0000
0000
0000
0000
0000
0001
0000
0010
0000
0100
0000
0010
0000
0000
0000
0000
0000
1000
0000
0000
0000
0000
0000
0101
0000
0000
0010
0000
0000
1000
0000
0010
0000
0100
0000
0010
0000
0000
0000
0000
0000
0001
0000
0000
0000
0000
0000
,  // measure 13
1100
0010
1000
0001
0010
0100
0000
0100
0010
0100
1000
0010
0100
0001
0000
0000
,  // measure 14
0101
0000
0000
0000
0000
0000
0010
0000
1000
0000
0001
0000
1000
0000
0000
0000
0000
0000
0001
0000
0000
0000
0000
0000
1010
0000
0000
0001
0000
0000
0100
0000
0001
0000
1000
0000
0001
0000
0000
0000
0000
0000
0100
0000
0000
0000
0000
0000
,  // measure 15
0001
0100
0010
1000
0010
0100
0000
0001
0100
0010
1000
0001
0010
0000
0100
1000
,  // measure 16
0101
0000
0000
0000
0000
0000
0001
0000
0010
0000
1000
0000
0010
0000
0000
0000
0000
0000
0100
0000
0000
0000
0000
0000
0011
0000
0000
1000
0000
0000
0001
0000
0100
0000
1000
0000
0100
0000
0000
0000
0000
0000
0001
0000
0000
0000
0000
0000
,  // measure 17
1000
0001
0010
0001
0100
0010
0000
1000
0010
0100
0010
1000
0001
0000
0000
0000
,  // measure 18
0101
0000
0000
0000
0000
0000
0010
0000
1000
0000
0100
0000
1000
0000
0000
0000
0000
0000
0001
0000
0000
0000
0000
0000
1010
0000
0000
0001
0000
0000
0100
0000
0001
0000
0010
0000
0001
0000
0000
0000
0000
0000
1000
0000
0000
0000
0000
0000
,  // measure 19
0010
1000
0001
0000
0010
0001
0000
1000
0010
0100
0001
0100
0010
1000
0100
0010
,  // measure 20
0001
0000
1000
0010
0101
0000
0001
0000
1000
0010
0100
0001
1100
0000
0010
0000
,  // measure 21
0001
0000
0000
0000
0000
0000
1000
0000
0010
0000
0100
0000
0001
0000
0000
0000
0000
0000
0100
0000
0000
0010
0000
0000
1000
0000
0000
0001
0000
0000
0100
0000
0010
0000
1000
0000
0100
0000
0000
0000
0000
0000
0000
0000
0000
0000
0000
0000
,  // measure 22
0100
0000
0010
0001
1010
0000
0100
0000
0010
0001
1000
0010
0101
0000
0001
0000
,  // measure 23
1100
0000
1001
0000
0011
0000
0100
0001
1000
0010
0001
0010
0100
0000
1000
0010
,  // measure 24
0101
0000
1000
0001
1100
0000
0010
0000
1000
0100
0010
0100
1001
0000
1000
0100
,  // measure 25
0010
0001
0010
0001
0010
0100
0010
0100
1000
0100
1000
0100
1001
0000
0000
0000
,  // measure 26
0011
0000
0100
0010
1100
0000
0010
0000
0100
0010
1000
0010
0101
0000
0010
0100
,  // measure 27
0010
0000
0000
1000
0000
0000
0100
0000
1000
0000
0001
0000
0010
0000
0000
0100
0000
0000
1000
0000
0000
0001
0000
0000
1000
0000
0000
0010
0000
0000
0100
0000
0000
0001
0000
0000
0010
0000
0000
0001
0000
0000
1000
0000
0000
0010
0000
0000
,  // measure 28
0100
0000
0000
0010
0000
0000
1000
0000
0000
0100
0000
0000
0010
0000
0001
0000
0100
0000
0010
0000
1000
0000
0100
0000
0010
0000
0000
0001
0000
0000
0000
0000
0000
1000
0000
0000
0010
0000
0000
0000
0000
0000
0000
0000
0000
0000
0000
0000
,  // measure 29
1010
0000
1000
0010
0101
0000
0001
0000
1001
0100
0010
0100
1010
0000
0001
0000
,  // measure 30
0010
0001
1000
0001
0100
0010
1000
0010
0100
0000
0001
0000
1000
0000
0000
0000
,  // measure 31
0101
0000
0001
0100
1010
0000
1000
0000
1001
0010
0100
0010
0101
0000
1000
0000
,  // measure 32
0100
1000
0001
1000
0010
0000
0000
0000
1000
0001
0100
0001
0010
0100
1000
0000
,  // measure 33
0110
0000
0100
0010
1001
0000
1000
0000
1100
0001
0010
0001
0110
0000
0100
1000
,  // measure 34
0001
0100
0010
0100
0001
0100
0010
0100
0001
0100
0010
0100
0001
0100
0010
0100
,  // measure 35
1001
0000
1000
0001
0110
0000
0010
0000
1010
0100
0001
0100
1001
0000
0010
0000
,  // measure 36
0001
0010
0001
0100
0010
0100
0001
1000
0001
0100
0010
0100
0001
0010
0001
1000
0100
1000
0010
0100
0010
1000
0001
1000
,  // measure 37
0010
0000
0100
0000
0001
0000
0010
0000
0100
0000
1000
0000
0010
0000
0100
0000
0001
0000
0010
0000
0100
0000
1000
0000
0010
0000
0000
0000
0000
0000
0100
0000
0000
0001
0000
0000
0101
0000
0000
0000
0000
0000
0100
0000
0000
1000
0000
0000
,  // measure 38
1010
0001
1100
0001
1000
0101
0010
0001
,  // measure 39
1000
0000
0100
0000
0001
0000
0010
0000
1000
0000
0110
0000
0001
0000
0010
0001
,  // measure 40
1100
1001
0101
1001
0010
1001
1010
1001
,  // measure 41
0011
0000
1001
0000
1100
0000
1001
0010
0100
0010
1001
0000
0100
0000
0010
0001
,  // measure 42
0101
0010
1000
0100
0001
0110
0001
0100
,  // measure 43
1000
0010
0001
1000
0010
0101
0010
1000
,  // measure 44
0001
1100
0110
0011
1001
1010
0101
0011
,  // measure 45
0110
0000
1100
0000
0101
0000
1000
0100
0110
0000
0011
0000
1001
0000
1010
0000
,  // measure 46
0011
0100
1010
0001
1100
0011
0110
1000
,  // measure 47
0011
0000
0100
0000
1010
0000
0001
0000
0110
0000
1100
0000
0011
0000
0000
0010
,  // measure 48
0101
1000
0110
0001
1100
0101
1010
0100
,  // measure 49
0001
0000
1000
0000
0011
0000
0100
0000
1001
0010
0101
0000
1100
0000
0100
1000
,  // measure 50
1010
0100
0011
0100
0011
1001
1100
0001
,  // measure 51
1000
0000
0010
0000
0101
0000
1000
0000
0110
0010
1100
0000
0101
0000
0000
0000
,  // measure 52
0011
0000
1000
0000
0101
0000
0010
0001
0101
0000
1010
0000
0101
0000
0110
0000
,  // measure 53
1010
0100
0110
0000
0011
0000
0001
1000
1010
0100
0101
0000
0101
0010
1000
0100
,  // measure 54
0011
0000
1000
0000
0110
0000
0001
0000
1010
0000
0101
0000
0011
0000
0010
0100
,  // measure 55
1100
0000
0001
0000
1010
0000
0100
0000
1001
0000
0101
0000
0110
0000
0010
1000
,  // measure 56
1100
0000
0010
0000
1100
0000
0001
0000
0110
0000
0101
0000
1100
0000
1000
0010
,  // measure 57
0110
0000
0001
0000
0101
0000
0000
0000
0101
0010
1010
0000
0101
0000
0001
1000
,  // measure 58
1010
0000
0100
0000
1001
0000
0010
0000
0101
0000
0110
0000
1000
0000
0010
0100
,  // measure 59
0101
1000
0110
0000
0101
1010
0011
0000
,  // measure 60
0011
0000
0100
0000
1010
0000
0010
0100
0101
0000
0110
1000
1010
0000
0101
0000
,  // measure 61
1100
0110
0011
0101
0110
1010
1100
0010
,  // measure 62
1001
0000
0000
0000
0000
0000
0001
0000
0010
0000
0100
0000
0010
0000
0000
0000
0000
0000
1000
0000
0000
0000
0000
0000
0101
0000
0000
0010
0000
0000
1000
0000
0010
0000
0100
0000
0010
0000
0000
0000
0000
0000
1000
0000
0000
0000
0000
0000
,  // measure 63
1100
0010
1000
0001
0010
0000
0000
0100
0010
0100
1000
0010
0100
0000
0000
0010
,  // measure 64
0101
0000
0000
0000
0000
0000
0010
0000
1000
0000
0001
0000
1000
0000
0000
0000
0000
0000
0001
0000
0000
0000
0000
0000
1010
0000
0000
0001
0000
0000
0100
0000
0001
0000
1000
0000
0001
0000
0000
0000
0000
0000
1000
0000
0000
0000
0000
0000
,  // measure 65
1001
0000
0001
1000
0110
0000
0010
1000
0010
0100
0001
0010
1100
0000
0100
0010
,  // measure 66
1001
0000
0000
0000
0000
0000
0001
0000
0010
0000
1000
0000
0010
0000
0000
0000
0000
0000
0100
0000
0000
0000
0000
0000
0011
0000
0000
1000
0000
0000
0001
0000
0100
0000
1000
0000
0100
0000
0000
0000
0000
0000
0010
0000
0000
0000
0000
0000
,  // measure 67
0101
0010
1000
0000
0101
0010
1000
0010
0100
0010
1000
0010
0100
0010
1000
0001
,  // measure 68
0101
0000
0000
0001
1000
0100
1000
0000
0000
0010
0000
0000
1001
0000
0000
1000
0001
0100
0001
0000
0000
0010
0000
0000
,  // measure 69
1001
0000
0000
0000
0000
0000
0200
0000
0000
0320
0000
0000
0000
0000
0000
0000
,  // measure 70
0000
0000
0000
0000
,  // measure 71
0030
0000
0000
0000
;
