#TITLE:Rislim;
#SUBTITLE:;
#ARTIST:ric;
#TITLETRANSLIT:;
#SUBTITLETRANSLIT:;
#ARTISTTRANSLIT:;
#CREDIT:;
#BANNER:Rislim.png;
#BACKGROUND:Rislim-bg.png;
#LYRICSPATH:;
#CDTITLE:jammitch!.png;
#MUSIC:Rislim.mp3;
#OFFSET:-7.769;
#SAMPLESTART:37.294;
#SAMPLELENGTH:13.000;
#SELECTABLE:YES;
#BPMS:0.000=130.040;
#STOPS:;
#BGCHANGES:;
// cache tags:
#FIRSTBEAT:0.000;
#LASTBEAT:224.500;
#SONGFILENAME:Songs/All Songs/Jammitch! - Rislim/Rislim.sm;
#HASMUSIC:1;
#HASBANNER:1;
#MUSICLENGTH:113.624;
// end cache tags

//---------------dance-single - ----------------
#NOTES:
     dance-single:
     :
     Hard:
     10:
     0.945,0.864,1.000,0.009,0.304,506.000,245.000,1.000,0.000,0.000:  // measure 1
1001
0000
0010
0000
1001
0000
0100
0000
0001
0010
0100
1000
0100
0010
0001
0100
,  // measure 2
0011
0000
0100
0000
1010
0000
0001
0000
0100
1000
0001
0010
0100
1000
0010
0100
,  // measure 3
1001
0000
0100
0000
0011
0000
1000
0000
0010
0001
1000
0100
1000
0010
0100
0001
,  // measure 4
0100
0010
1000
0000
0100
0000
1000
0000
0010
0000
0100
0000
0010
0000
1000
0000
0001
0000
0100
0000
0010
0000
0100
0000
0001
0000
0010
0000
0100
0000
1000
0000
,  // measure 5
0110
0000
0001
0000
1100
0000
0010
0000
1000
0100
0010
0001
0100
0010
0100
0001
,  // measure 6
1010
0000
0100
0000
0011
0000
0100
0000
1010
0100
0001
0010
0100
1000
0001
0100
,  // measure 7
1001
0000
0100
0000
1010
0000
0100
0000
0011
0100
1000
0010
0100
0001
0010
0100
,  // measure 8
1001
0000
0010
0000
1100
0000
0001
0000
0110
0001
0010
0100
1000
0010
0100
0001
,  // measure 9
1100
0000
0010
0000
0101
0000
1000
0010
0101
0000
1000
0000
0011
0000
1100
0000
,  // measure 10
0110
0000
1001
0000
0011
0000
1000
0010
0101
0000
0001
0000
1010
0000
0100
0000
,  // measure 11
1001
0000
0100
0000
1010
0000
0001
0010
1100
0000
0010
0000
1001
0000
0100
0000
,  // measure 12
0001
1000
0010
0000
0100
0000
0001
0000
0010
0000
0001
0000
0100
0000
0010
0000
1000
0000
0010
0000
0100
0000
0001
0000
0010
0000
0100
0000
1000
0000
0010
0000
,  // measure 13
1001
0010
1000
0101
0010
0001
1010
0001
,  // measure 14
1100
0101
1000
0011
0100
0010
1100
0001
,  // measure 15
0101
1010
1000
0011
0100
0010
1001
1000
,  // measure 16
0011
1100
0001
1010
0101
0011
1100
1001
,  // measure 17
0110
0001
0100
1010
0100
0001
0110
1000
,  // measure 18
0011
0110
0001
1100
0010
0001
1010
0100
,  // measure 19
0011
1000
0100
1001
0010
0100
0011
1000
,  // measure 20
0110
0011
0100
1010
0101
1100
0011
1001
,  // measure 21
0110
0000
0000
0000
,  // measure 22
1000
0100
1000
0000
0001
0100
0001
0000
1000
0010
0100
0000
0001
0010
0100
0000
,  // measure 23
1001
0010
1000
0110
0001
1000
0011
1100
,  // measure 24
1001
0010
0001
1100
0010
1000
0101
1010
,  // measure 25
1001
0010
0100
1010
0100
0001
1100
0010
,  // measure 26
1001
0101
0010
0101
1000
0010
0101
1010
,  // measure 27
0100
0001
0010
1001
0110
1000
0101
0010
,  // measure 28
1100
0011
0100
1001
0110
0011
1010
1100
,  // measure 29
0101
0010
1000
0101
0010
1000
0110
0001
,  // measure 30
0110
1010
0001
1100
0010
0001
1010
0101
,  // measure 31
1001
0010
0100
0011
1000
0100
1010
0100
,  // measure 32
0011
1100
0010
1001
0110
0011
1010
1100
,  // measure 33
0101
0011
0101
0011
1100
1010
1100
0010
,  // measure 34
1001
0101
1001
0101
0110
1010
0110
1000
,  // measure 35
0011
0110
0011
0110
1001
1100
1001
0100
,  // measure 36
1010
0000
0101
0000
1010
0000
0101
0000
1001
0000
0110
0000
0001
1000
0100
1000
,  // measure 37
0011
0110
1100
1001
0101
0110
1010
0100
,  // measure 38
0011
1001
1010
0110
0101
1001
1100
0010
,  // measure 39
1001
1010
0101
1001
0011
1100
1001
0010
,  // measure 40
1100
0000
0011
0000
0101
0000
1010
0000
1001
0100
1001
0000
1001
0100
1001
0000
,  // measure 41
0101
1010
0101
0110
1100
0011
1100
0001
,  // measure 42
0110
1010
0101
1100
0011
1010
1001
0100
,  // measure 43
0011
1100
0101
1010
0011
1100
1001
0100
,  // measure 44
0011
1100
1010
0011
0101
1100
1001
0010
,  // measure 45
1001
0110
0011
1100
1001
0011
1100
0010
,  // measure 46
1001
0110
1010
0011
1100
0101
0011
0100
,  // measure 47
1001
0110
0011
1100
0101
0011
1010
0100
,  // measure 48
0011
0110
1010
0101
0110
1100
1001
0010
,  // measure 49
1001
0100
0010
0101
1000
0100
0011
0100
,  // measure 50
1010
0001
0100
1001
0010
0100
1010
0100
,  // measure 51
0001
0010
0001
0100
0010
0100
0001
1000
0100
1000
0010
0100
0010
1000
0100
0010
,  // measure 52
0002
0000
0000
1000
0000
0000
1000
0000
,  // measure 53
1003
0000
0000
0000
1010
0000
0100
0000
1010
0000
0100
0001
1010
0000
0100
0000
,  // measure 54
1001
0000
0010
0000
0101
0000
0010
0000
1100
0000
0001
1000
0110
0000
0010
0000
,  // measure 55
0101
0000
0010
0000
1100
0000
0010
0000
1001
0000
1000
0010
0101
0000
1000
0000
,  // measure 56
0011
0000
0100
0000
1010
0000
0100
0000
1001
0000
0010
1000
0101
0000
0010
0000
,  // measure 57
1100
0010
0000
0000
0000
0000
0000
0000
;
