#TITLE:Dignity;
#SUBTITLE:(Full Version);
#ARTIST:Crash;
#TITLETRANSLIT:;
#SUBTITLETRANSLIT:;
#ARTISTTRANSLIT:;
#CREDIT:;
#BANNER:dignity-bn.png;
#BACKGROUND:dignity-bg.png;
#LYRICSPATH:;
#CDTITLE:!b00mbaTitle.png;
#MUSIC:Dignity (Full ver).mp3;
#OFFSET:-1.323;
#SAMPLESTART:126.780;
#SAMPLELENGTH:12.000;
#SELECTABLE:YES;
#BPMS:0.000=195.000;
#STOPS:;
#BGCHANGES:;
// cache tags:
#FIRSTBEAT:4.000;
#LASTBEAT:481.250;
#SONGFILENAME:Songs/All Songs/Boomba - Dignity (full-version)/Dignity.sm;
#HASMUSIC:1;
#HASBANNER:1;
#MUSICLENGTH:151.797;
// end cache tags

//---------------dance-single - ----------------
#NOTES:
     dance-single:
     :
     Hard:
     11:
     1.000,1.000,1.000,0.072,1.000,1194.000,187.000,11.000,0.000,0.000:  // measure 1
0000
0000
0000
0000
,  // measure 2
0010
0000
1000
0000
0001
0000
0010
0000
1000
0100
0010
0001
0010
0100
1000
0010
,  // measure 3
1000
0000
0100
0000
0001
0000
1000
0000
0010
0100
0010
0001
1000
0100
1000
0010
,  // measure 4
0100
0000
0001
0000
0100
0000
1000
0000
0010
0001
0010
0100
1000
0010
1000
0001
,  // measure 5
0100
0010
0001
0100
1000
0001
0010
1000
,  // measure 6
1001
0000
0010
0000
0100
0000
0010
0000
0100
1000
0100
1000
0001
0010
0100
1000
,  // measure 7
0001
0000
1000
0000
0010
0000
0001
0000
0100
0001
0010
0001
0010
0100
1000
0100
,  // measure 8
0010
0000
1000
0000
0100
0000
1000
0000
0010
0100
0010
0001
1000
0100
1000
0010
,  // measure 9
1000
0000
0001
0000
0100
0000
1000
0000
1000
0100
0010
0001
0010
0100
1000
0010
,  // measure 10
1001
0000
0010
0000
0100
0000
1000
0000
0001
0010
0001
0010
0100
1000
0100
1000
,  // measure 11
0001
0000
0100
0000
0010
0000
0001
0000
1000
0100
0010
0001
0010
0100
1000
0010
,  // measure 12
1000
0000
0001
0000
0100
0000
0010
0000
0001
1000
0001
1000
0100
1000
0001
1000
,  // measure 13
0010
0100
1000
0001
0010
0100
0001
1000
,  // measure 14
0101
0000
0001
0000
0010
0000
0100
0000
1000
0100
0010
0001
0010
0100
1000
0010
,  // measure 15
0100
0000
0001
0000
0010
0000
0100
0000
0001
0010
0100
1000
0100
1000
0100
1000
,  // measure 16
0010
0000
1000
0000
0001
0000
0100
0000
1000
0010
1000
0010
1000
0001
0010
0100
,  // measure 17
0010
0100
1000
0010
1000
0001
0100
0010
1000
0001
0010
0100
0010
0001
1000
0000
,  // measure 18
1100
0001
0100
1010
0001
1000
0110
0001
,  // measure 19
1100
0001
0100
0010
1000
0001
0011
0100
,  // measure 20
1001
1000
0010
0100
0001
0100
0011
0100
,  // measure 21
1100
0000
0010
0001
0010
0100
1000
0010
1000
0001
0100
0010
1000
0001
0010
0000
,  // measure 22
1010
0000
0110
0000
1001
0000
1001
0000
1000
0001
1000
0000
0100
1000
0100
0000
,  // measure 23
1001
0000
0011
0000
0110
0000
1001
0000
0010
0001
0010
0000
0100
1000
0100
0000
,  // measure 24
1100
0000
0110
0000
1100
0000
1001
0000
0100
0001
1000
0000
0100
1000
0100
0000
,  // measure 25
0110
0000
1001
0000
0110
0000
0101
0000
1000
0100
1000
0000
1000
0000
0100
0000
,  // measure 26
1001
0000
0010
0000
1000
0000
0001
0000
0010
0100
1000
0001
1000
0010
0100
0001
,  // measure 27
1000
0000
0010
0000
0100
0000
1000
0000
1000
0100
0010
0001
0010
0100
1000
0010
,  // measure 28
1000
0000
0001
0000
0100
0000
0010
0000
0001
1000
0001
1000
0100
0010
0001
1000
,  // measure 29
0100
1000
0010
0100
0001
0010
1000
0100
,  // measure 30
1001
0000
0010
0000
0100
0000
0010
0000
1000
0100
1000
0100
1000
0010
1000
0001
,  // measure 31
0100
0000
0010
0000
1000
0000
0001
0000
0001
0010
0100
1000
0100
1000
0001
1000
,  // measure 32
0010
0000
0100
0000
0001
0000
1000
0000
1000
0001
1000
0100
1000
0001
1000
0010
,  // measure 33
0100
0001
0100
0010
1000
0001
0010
0100
,  // measure 34
1001
0000
0010
0000
0001
0000
0100
0000
1000
0001
1000
0100
0010
0001
1000
0010
,  // measure 35
1000
0000
0001
0000
0010
0000
0001
0000
0100
0001
0010
0001
1000
0100
1000
0001
,  // measure 36
1000
0000
0010
0000
0100
0000
1000
0000
1000
0100
1000
0010
1000
0001
0100
0010
,  // measure 37
1000
0001
0100
0001
0010
1000
0100
0010
,  // measure 38
1001
0000
0100
0000
0001
0000
1000
0000
0010
0100
0010
0001
1000
0100
1000
0001
,  // measure 39
0100
0000
0010
0000
0001
0000
0100
0000
0001
1000
0001
0100
0010
0100
0010
1000
,  // measure 40
0100
0000
0010
0000
0100
0000
0001
0000
0010
0100
0010
0100
0010
0100
1000
0010
,  // measure 41
1000
0001
1000
0010
0100
0001
1000
0010
1000
0001
1000
0100
0010
0001
1100
0000
,  // measure 42
0011
0100
1000
1001
0010
0100
1001
0100
,  // measure 43
0011
1000
0010
0001
0100
0010
1100
0001
,  // measure 44
1010
0001
0100
1000
0010
0001
1100
0010
,  // measure 45
0011
0100
1000
0010
1000
0001
1000
0100
,  // measure 46
1001
0010
0100
0001
0010
0100
0011
0100
,  // measure 47
1001
0100
1000
0010
0100
0001
0110
0001
,  // measure 48
1100
0010
0001
1000
0100
1000
1001
0010
,  // measure 49
0101
0000
1001
0000
1010
0000
1001
0000
1000
0100
1000
0001
0010
0100
1000
0001
,  // measure 50
1000
0000
1010
0000
0101
0000
1010
0000
1000
0001
0010
0000
0010
0100
1000
0000
,  // measure 51
1001
0000
1010
0000
0101
0000
1010
0000
0001
1000
0001
0000
0100
0010
0100
0000
,  // measure 52
1001
0000
1010
0000
0101
0000
1010
0000
1000
0100
0010
0000
0010
0001
1000
0000
,  // measure 53
1100
0000
1001
0000
0110
0000
1001
0000
1000
0001
0010
0000
0100
1000
0001
0000
,  // measure 54
0011
1100
0000
1010
0101
0000
1010
2002
,  // measure 55
0000
0000
0000
0000
0000
0000
0000
3003
,  // measure 56
0011
0110
0000
1100
0110
0000
1001
0210
,  // measure 57
0000
0010
0010
0010
0310
1010
1010
1010
,  // measure 58
1001
0100
0001
0010
1000
0100
0010
1000
,  // measure 59
0101
1010
0000
1010
0101
0000
0011
0110
,  // measure 60
0100
1000
0001
0010
0001
0100
0010
1000
,  // measure 61
0001
0010
0100
0001
1000
0010
0100
0000
,  // measure 62
1100
0010
0001
0010
1000
0100
0001
0010
,  // measure 63
1100
1001
0000
0011
0110
0000
1100
0010
,  // measure 64
0001
1000
0010
0001
1000
0100
0010
0001
,  // measure 65
1000
0000
0010
0000
0001
0000
1000
0000
0220
0000
0000
0000
0000
0330
0000
0000
,  // measure 66
1001
0010
0100
0001
0010
1000
0100
0010
,  // measure 67
1001
1010
0000
0101
0110
0000
1010
0110
,  // measure 68
0001
1000
0100
0001
0010
1000
0100
0010
,  // measure 69
1000
0010
1000
0100
0010
0001
1000
0010
,  // measure 70
0101
0100
0010
0001
1000
0010
0100
0001
,  // measure 71
0110
1100
0000
1010
0101
0000
0110
1001
,  // measure 72
0100
0010
0100
0001
0010
0100
0010
0100
,  // measure 73
1000
0010
1000
0001
0100
0010
1001
0100
,  // measure 74
0101
0011
0000
0110
1001
0000
1100
0101
,  // measure 75
0000
0110
1001
0000
0110
0011
1010
0101
,  // measure 76
1001
0011
0000
0110
1100
0000
1001
1100
,  // measure 77
0000
0011
1010
0000
0110
0011
1100
0011
,  // measure 78
0011
1100
0000
0011
0110
0000
0110
1010
,  // measure 79
0000
0110
0011
0000
0011
1100
0110
1100
,  // measure 80
1001
0110
0000
0011
1010
0000
1001
0110
,  // measure 81
0000
0110
0011
1100
1001
0110
0022
0033
,  // measure 82
0001
1000
0010
1000
0001
0100
0010
1000
0001
0010
0100
1000
,  // measure 83
0001
1000
0010
0100
0001
0100
0001
1000
0001
1000
0001
0100
,  // measure 84
0001
0100
0010
0000
0001
0010
0100
0000
0100
0010
0100
0010
1000
0000
0001
0000
,  // measure 85
1001
0000
0110
0000
1100
0000
0101
0000
0010
0100
1000
0000
1000
0100
0010
0000
,  // measure 86
0011
0000
1100
0000
1001
0000
1010
0000
0100
0001
0100
0000
1000
0010
1000
0000
,  // measure 87
1001
0000
1100
0000
0011
0000
0110
0000
1000
0100
0010
0000
0001
0010
0100
0000
,  // measure 88
1010
0000
1001
0000
0110
0000
1001
0000
0001
0010
0100
0000
1000
0100
0010
0000
,  // measure 89
0001
1000
0100
1000
0010
1000
0001
0100
0010
0100
0001
1000
0010
1000
0001
0010
,  // measure 90
0100
1000
0001
1000
0010
0100
0001
1000
0100
0010
0001
0010
0100
1000
0010
1000
,  // measure 91
0001
0100
0010
1000
0001
1000
0100
0010
0100
0010
0001
1000
0100
1000
0010
1000
,  // measure 92
0001
0100
0010
1000
0001
1000
0100
0010
0001
0010
0100
1000
0010
1000
0001
0100
,  // measure 93
0001
0100
0001
0100
0001
0100
0001
0100
0001
0010
0001
0010
0001
0010
0001
0010
,  // measure 94
0001
1000
0100
1000
0100
1000
0100
1000
0010
1000
0010
1000
0010
1000
0010
1000
,  // measure 95
0010
0100
0010
0100
0010
0100
0010
0100
0001
0100
0001
0100
0001
0100
0001
0100
,  // measure 96
0001
0010
0001
0010
0001
0010
0001
0010
0100
0010
0100
0010
0100
0010
0100
0010
,  // measure 97
0100
1000
0100
0010
0001
1000
0010
1000
0001
0100
0010
1000
0001
0010
0100
1000
,  // measure 98
0001
1000
0010
0100
0001
0100
0010
1000
0001
0010
0100
1000
0100
0010
0001
0010
,  // measure 99
0100
1000
0100
1000
0010
1000
0001
0100
0010
1000
0001
0010
0100
0010
0001
1000
,  // measure 100
0100
1000
0100
1000
0010
1000
0001
1000
0010
0100
0001
1000
0010
1000
0100
1000
,  // measure 101
0020
0000
0000
0000
0000
0000
0000
0000
0000
0000
0000
0000
0000
0000
0000
0030
,  // measure 102
1001
0000
0000
0000
0100
0100
0010
0010
,  // measure 103
1001
0000
0100
0000
1000
0000
0001
0000
0100
0010
0100
0001
1000
0010
1000
0001
,  // measure 104
0010
0000
1000
0000
0100
0000
1000
0000
0010
0100
0010
0001
1000
0100
1000
0010
,  // measure 105
0100
0000
0001
0000
0010
0000
1000
0000
1000
0001
1000
0100
0010
0001
0010
0100
,  // measure 106
1000
0010
0100
0001
0010
1000
0100
1000
,  // measure 107
0011
0000
0100
0000
1000
0000
0010
0000
0001
0100
0010
0100
0001
1000
0100
0010
,  // measure 108
0001
0000
1000
0000
0100
0000
1000
0000
0010
0100
0010
1000
0010
1000
0100
1000
,  // measure 109
0010
0000
1000
0000
0001
0000
0100
0000
0001
0010
0001
0010
0001
1000
0100
0010
,  // measure 110
1001
0000
1010
1001
,  // measure 111
0110
0000
0001
0000
1000
0000
0010
0000
0001
0010
0100
1000
0010
1000
0001
0100
,  // measure 112
0010
0000
1000
0000
0001
0000
0010
0000
1000
0100
1000
0001
0010
0100
1000
0010
,  // measure 113
1000
0000
0001
0000
0100
0000
0010
0000
0001
1000
0001
1000
0100
0010
0001
1000
,  // measure 114
0100
1000
0010
0100
0001
1000
0010
0100
,  // measure 115
0011
0000
0100
0000
1000
0000
0001
0000
0100
0010
0100
0001
1000
0010
1000
0001
,  // measure 116
0010
0000
0100
0000
0010
0000
1000
0000
0001
0100
0010
0100
0001
1000
0010
1000
,  // measure 117
0001
0000
0010
0000
1000
0000
0100
0000
1000
0100
0010
0001
0010
0100
1000
0010
,  // measure 118
1000
0000
0001
0000
0100
0000
0010
0000
1000
0001
1000
0100
0010
0001
1000
0100
,  // measure 119
0020
0000
0000
0030
,  // measure 120
1001
0110
0000
1010
0101
0000
1001
2002
,  // measure 121
0000
0000
0000
0000
0000
3003
0000
0000
0000
0000
0000
0000
0000
0000
0000
0000
;

//---------------dance-double - ----------------
#NOTES:
     dance-double:
     :
     Hard:
     13:
     1.000,1.000,0.744,0.277,0.685,1033.000,113.000,42.000,0.000,30.000:  // measure 1
00000000
00000000
00000000
00000000
,  // measure 2
10010000
00000000
00100000
00000000
01000000
00000000
00010000
00000000
00100000
00001000
00100000
00000000
00010000
00001000
00000100
00000000
,  // measure 3
00000010
00000000
00000001
00000000
00001000
00000000
00000100
00000000
00010000
00001000
00010000
00000000
00100000
01000000
10000000
00000000
,  // measure 4
00010000
00000000
01000000
00000000
00100000
00000000
00010000
00000000
00001000
00000100
00001000
00000000
00010000
00100000
01000000
00000000
,  // measure 5
10000000
00000000
00100000
00000000
00010000
00000000
00001000
00000000
00000100
00000010
00000001
00000000
00000001
00001000
00000100
00000000
,  // measure 6
00001000
00000000
00010000
00000000
00100000
00000000
01000000
00000000
10000000
00010000
10000000
00000000
01000000
00100000
00010000
00000000
,  // measure 7
00001000
00000000
00000100
00000000
00000010
00000000
00000001
00000000
00000100
00001000
00010000
00000000
00001000
00010000
00100000
00000000
,  // measure 8
01000000
00000000
10000000
00000000
00010000
00000000
01000000
00000000
00100000
00010000
00001000
00000000
00000100
00000010
00000001
00000000
,  // measure 9
00000010
00000000
00001000
00000000
00010000
00000000
01000000
00000000
10000000
00010000
10000000
00000000
10010000
00000000
00000000
00000000
,  // measure 10
00110000
00000000
01000000
00000000
00001000
00000000
00010000
00000000
00000100
00001000
00000100
00000000
00000010
00000001
00001000
00000000
,  // measure 11
00000001
00000000
00000100
00000000
00001000
00000000
00010000
00000000
00100000
01000000
00100000
00000000
00010000
00001000
00000100
00000000
,  // measure 12
00000010
00000000
00000001
00000000
00001000
00000000
00000100
00000000
00010000
00001000
00010000
00000000
00100000
01000000
10000000
00000000
,  // measure 13
00010000
00000000
01000000
00000000
00100000
00000000
00010000
00000000
00001000
00000100
00001000
00000000
00000100
00000010
00000001
00000000
,  // measure 14
00001000
00000000
00000100
00000000
00010000
00000000
00001000
00000000
00100000
01000000
00100000
00000000
00010000
10000000
01000000
00000000
,  // measure 15
00100000
00000000
00010000
00000000
00001000
00000000
00000100
00000000
00000010
00000001
00000010
00000000
00000100
00001000
00010000
00000000
,  // measure 16
00100000
00000000
01000000
00000000
10000000
00000000
00010000
00000000
00100000
00001000
00100000
00000000
00010000
00001000
00000100
00000000
,  // measure 17
00000010
00000000
00000001
00000000
00000100
00000000
00000010
00000000
00010000
00001000
00010000
00001000
00010000
00001000
00100000
00000000
,  // measure 18
02022000
00000000
03033000
00111000
,  // measure 19
00022200
00000000
00033300
00011010
,  // measure 20
00022200
00000000
00033300
00111000
,  // measure 21
00100000
00010000
00100000
00010000
01000000
00001000
01000000
00001000
00100000
00010000
00100000
00010000
01000000
00001000
01000000
00001000
,  // measure 22
00010000
00000000
00100000
00000000
01000000
00000000
10000000
00000000
00100000
00010000
00001000
00000000
00000100
00000000
00000010
00000000
,  // measure 23
00000001
00000000
00000100
00000000
00000010
00000000
00010000
00000000
00001000
00100000
01000000
00000000
10000000
00000000
00100000
00000000
,  // measure 24
00010000
00000000
00001000
00000000
00000100
00000000
00000010
00000000
00000001
00001000
00000001
00000000
00000100
00000000
00001000
00000000
,  // measure 25
00010000
00000000
00100000
00000000
01000000
00000000
10000000
00000000
00100000
00010000
00100000
00000000
01000000
00000000
00001000
00000000
,  // measure 26
00010000
00000000
00000100
00000000
00000010
00000000
00000001
00000000
00001000
00000100
00010000
00000000
00000100
00000000
00001000
00000000
,  // measure 27
00010000
00000000
00100000
00000000
01000000
00000000
10000000
00000000
00100000
01000000
00001000
00000000
00010000
00000000
00000100
00000000
,  // measure 28
00000010
00000000
00000001
00000000
00000100
00000000
00001000
00000000
00010000
00100000
01000000
00000000
10000000
00000000
00100000
00000000
,  // measure 29
00010000
00000000
00001000
00000000
00000100
00000000
00001000
00000000
00010000
00100000
01000000
00000000
10000000
00000000
00100000
00000000
,  // measure 30
01000000
00000000
00010000
00000000
00001000
00000000
00000010
00000000
00000100
00000001
00000100
00000000
00000001
00000000
00000010
00000000
,  // measure 31
00000100
00000000
00001000
00000000
00010000
00000000
00100000
00000000
01000000
10000000
01000000
00000000
00100000
00000000
00010000
00000000
,  // measure 32
10000000
00000000
00100000
00000000
01000000
00000000
00001000
00000000
00010000
00000100
00010000
00000000
00000010
00000000
00000100
00000000
,  // measure 33
00000001
00000000
00000100
00000000
00001000
00000000
00010000
00000000
00100000
01000000
10000000
00000000
01000000
00000000
00010000
00000000
,  // measure 34
00011000
00000000
00001000
00000000
00000100
00000000
00000010
00000000
00000001
00000100
00001000
00000000
00010000
00000000
00100000
00000000
,  // measure 35
01000000
00000000
10000000
00000000
00100000
00000000
00010000
00000000
00001000
00000100
00000010
00000000
00000001
00001000
00000001
00000000
,  // measure 36
00000100
00000000
00001000
00000000
00010000
00000000
00100000
00000000
01000000
10000000
00010000
00000000
00100000
00000000
00001000
00000000
,  // measure 37
00010000
00000000
00000100
00000000
00000010
00000000
00000001
00000000
00000100
00001000
00010000
00000000
00100000
01000000
00100000
00000000
,  // measure 38
00010000
00000000
00001000
00000000
00000100
00000000
00000010
00000000
00000001
00001000
00000001
00000000
00000100
00000000
00001000
00000000
,  // measure 39
00010000
00000000
00100000
00000000
01000000
00000000
10000000
00000000
00010000
00100000
00010000
00000000
01000000
00001000
00010000
00000000
,  // measure 40
00001000
00000000
00000100
00000000
00000010
00000000
00000001
00000000
00000100
00000010
00001000
00000000
00000100
00000000
00010000
00000000
,  // measure 41
00000010
00010000
00000010
00010000
00000100
00001000
00000100
00001000
00000010
00010000
00000010
00010000
00000100
00001000
00000100
00001000
,  // measure 42
00022200
00000000
00033300
00111000
,  // measure 43
02202000
00000000
03303000
01011000
,  // measure 44
22020000
00000000
33030000
10011000
,  // measure 45
00222000
00000000
00333000
00011100
,  // measure 46
00022020
00000000
00033030
01011000
,  // measure 47
22020000
00000000
33030000
00111000
,  // measure 48
00022200
00000000
00033300
00010110
,  // measure 49
00001000
00000010
00001000
00000010
00010000
00000100
00010000
00000100
00001000
00000010
00001000
00000010
00010000
00000100
00010000
00000100
,  // measure 50
00001100
00000000
00001000
00000000
00000001
00000000
00000100
00000000
00001000
00010000
00001000
00000000
00010000
00100000
01000000
00000000
,  // measure 51
10000000
00000000
00100000
00000000
01000000
00000000
00001000
00000000
00010000
00000100
00010000
00000000
00000100
00000010
00000001
00000000
,  // measure 52
00000010
00000000
00000100
00000000
00001000
00000000
00010000
00000000
00100000
01000000
10000000
00000000
01000000
00100000
01000000
00000000
,  // measure 53
00100000
00000000
00010000
00000000
00001000
00000000
00000100
00000000
00000010
00001000
00000010
00000000
00001000
00010000
00100000
00000000
,  // measure 54
01100000
01010000
00000000
00110000
00011000
00000000
00000110
00022200
,  // measure 55
00000000
00033300
00000000
00000000
,  // measure 56
00011000
00101000
00000000
01010000
00110000
00000000
00011000
00011100
,  // measure 57
00010100
00001000
00010000
00100000
01000000
10000000
00100000
00010000
,  // measure 58
00011000
00000000
00001000
00000000
00000100
00000000
00000010
00000000
00000001
00001000
00000001
00000000
00000100
00000000
00001000
00000000
,  // measure 59
00110000
01100000
00000000
11000000
00110000
00000000
00011000
00001100
,  // measure 60
00000010
00000000
00000001
00000000
00000100
00000000
00001000
00000000
00010000
00100000
00010000
00000000
00001000
00000000
00000100
00000000
,  // measure 61
00000010
00000000
00000001
00000000
00000100
00000000
00001000
00000000
00010000
00100000
01000000
00000000
10000000
00000000
00010000
00000000
,  // measure 62
01000000
00000000
00001000
00000000
00010000
00000000
00000010
00000000
00000100
00000001
00000100
00000000
00001000
00000000
00010000
00000000
,  // measure 63
00110000
01100000
00000000
11000000
10010000
00000000
00110000
00011000
,  // measure 64
00001000
00000000
00000100
00000000
00000010
00000000
00000001
00000000
00000100
00001000
00000100
00000000
00000010
00000000
00010000
00000000
,  // measure 65
00001000
00000000
00100000
00000000
00010000
00000000
01000000
00000000
00100000
10000000
01000000
00000000
10000000
00000000
00010000
00000000
,  // measure 66
00100000
00000000
00001000
00000000
00010000
00000000
00000010
00000000
00000100
00000001
00001000
00000000
00000100
00000000
00001000
00000000
,  // measure 67
00011000
00110000
00000000
01100000
11000000
00000000
10010000
00110000
,  // measure 68
01000000
00000000
10000000
00000000
00010000
00000000
00100000
00000000
00001000
00010000
00000100
00000000
00000100
00000000
00000010
00000000
,  // measure 69
00000001
00000000
00000100
00000000
00001000
00000000
00010000
00000000
00100000
01000000
10000000
00000000
01000000
00000000
00100000
00000000
,  // measure 70
10000000
00000000
00010000
00000000
00100000
00000000
00001000
00000000
00010000
00000100
00000010
00000000
00000001
00000000
00001000
00000000
,  // measure 71
00001100
00010100
00000000
00011000
00110000
00000000
10100000
11000000
,  // measure 72
01000000
00000000
00100000
00000000
00010000
00000000
00001000
00000000
00000100
00000010
00000100
00000000
00000001
00000000
00000100
00000000
,  // measure 73
00001000
00000000
00010000
00000000
00100000
00000000
01000000
00000000
10000000
00100000
00010000
00000000
00001000
00000000
00000100
00000000
,  // measure 74
00000110
00000011
00000000
00001010
00001100
00000000
00011000
00110000
,  // measure 75
00000000
00000000
01100000
00000000
11000000
00000000
00000000
00000000
10000000
01000000
00100000
00000000
01000000
00100000
00010000
00000000
,  // measure 76
00011000
00001100
00000000
00000110
00000011
00000000
00001001
00001100
,  // measure 77
00000000
00000000
00011000
00000000
00110000
00000000
00000000
00000000
01000000
10000000
00010000
00000000
10000000
01000000
00100000
00000000
,  // measure 78
00110000
00011000
00000000
00000110
00001100
00000000
00011000
00110000
,  // measure 79
00000000
00000000
01100000
00000000
10010000
00000000
00000000
00000000
10000000
01000000
00100000
00000000
01000000
00100000
00010000
00000000
,  // measure 80
00011000
00001100
00000000
00000110
00001001
00000000
00001100
00011000
,  // measure 81
00000000
00000000
01100000
00000000
01010000
00000000
00000000
00000000
10000000
00000000
01000000
00000000
00100000
00010000
00100000
00001000
,  // measure 82
00010000
00000100
00001000
00000010
00000100
00000001
00000010
00000100
00001000
00000010
00010000
00001000
,  // measure 83
00010000
00100000
00010000
00001000
01000000
00100000
10000000
01000000
10000000
00010000
00100000
00001000
,  // measure 84
00010000
00000100
00010000
00001000
00010000
00000010
00001000
00000100
00001000
00000010
00010000
00001000
00010000
00001000
00100000
00010000
,  // measure 85
01000000
00000000
10000000
00000000
00100000
00000000
01000000
00000000
00010000
00100000
00010000
00000000
00001000
00000100
00000010
00000000
,  // measure 86
00000001
00000000
00000100
00000000
00001000
00000000
00010000
00000000
00100000
01000000
10000000
00000000
01000000
00100000
01000000
00000000
,  // measure 87
10000000
00000000
00010000
00000000
01000000
00000000
00001000
00000000
00010000
00000100
00010000
00000000
00000100
00000010
00000001
00000000
,  // measure 88
00001000
00000000
00000100
00000000
00010000
00000000
00001000
00000000
00100000
01000000
10000000
00000000
01000000
00100000
00010000
00000000
,  // measure 89
00001000
00000000
00000100
00000000
00000010
00000000
00000001
00000000
00000100
00001000
00000100
00000000
00000001
00001000
00000001
00000000
,  // measure 90
00001000
00000000
00000100
00000000
00010000
00000000
00001000
00000000
00100000
00010000
00100000
00000000
01000000
10000000
01000000
00000000
,  // measure 91
10000000
01000000
00100000
00010000
00100000
00001000
00010000
00001000
00010000
00000100
00001000
00000010
00000100
00000001
00000010
00000100
,  // measure 92
00000010
00000001
00001000
00000100
00001000
00000010
00010000
00001000
00100000
00010000
01000000
00100000
10000000
01000000
10000000
00010000
,  // measure 93
00100000
01000000
00100000
00000000
00010000
00000000
00001000
00000000
00000100
00000010
00000001
00000000
00000001
00000000
00000100
00000000
,  // measure 94
00001000
00010000
00001000
00000000
00000100
00000000
00000010
00000000
00000001
00000100
00001000
00000000
00010000
00000000
00100000
00000000
,  // measure 95
01000000
10000000
01000000
00000000
10000000
00000000
00010000
00000000
00100000
00001000
00100000
00000000
00010000
00000000
00001000
00000000
,  // measure 96
00000100
00000010
00000001
00000000
00000010
00000000
00000100
00000000
00001000
00010000
00001000
00000000
00010000
00000000
00100000
00000000
,  // measure 97
01000000
00000000
10000000
00000000
00100000
00000000
01000000
00000000
00001000
00010000
00000100
00000000
00000010
00000000
00000001
00000000
,  // measure 98
00000100
00000000
00001000
00000000
00010000
00000000
00100000
00000000
01000000
10000000
00010000
00000000
10000000
00000000
01000000
00000000
,  // measure 99
00100000
00000000
00010000
00000000
00001000
00000000
00000100
00000000
00000010
00000001
00000100
00000000
00000010
00010000
00001000
00000000
,  // measure 100
00001000
00010000
00100000
00010000
00001000
00100000
00010000
00001000
00010000
00100000
00010000
00001000
00010000
00100000
01000000
00010000
,  // measure 101
20020000
00000000
00000000
00000000
,  // measure 102
01001000
00000000
00000000
00000000
30030000
00000000
00000000
00000000
01000000
00100000
01000000
00000000
00011000
00000000
00011000
00000000
,  // measure 103
00010100
00000000
00001000
00000000
00000010
00000000
00000100
00000000
00000001
00000010
00001000
00000000
00001000
00000000
00010000
00000000
,  // measure 104
00100000
00000000
01000000
00000000
10000000
00000000
00100000
00000000
00010000
00001000
00000100
00000000
00000010
00000000
00000001
00000000
,  // measure 105
00000100
00000000
00001000
00000000
00010000
00000000
00100000
00000000
01000000
10000000
01000000
00000000
10000000
00000000
00010000
00000000
,  // measure 106
00100000
00000000
00001000
00000000
00010000
00000000
00000010
00000000
00000100
00001000
00010000
00000000
00100000
00000000
01000000
00000000
,  // measure 107
10000000
00000000
00010000
00000000
00100000
00000000
00001000
00000000
00010000
00000010
00000100
00000000
00000001
00000000
00000010
00000000
,  // measure 108
00000100
00000000
00000001
00000000
00000100
00000000
00001000
00000000
00010000
00100000
01000000
00000000
10000000
00000000
00100000
00000000
,  // measure 109
00010000
00000000
00001000
00000000
00000100
00000000
00000010
00000000
00000001
00001000
00000100
00000000
00010000
00000000
00001000
00000000
,  // measure 110
00011000
00000000
00000000
00000000
00011000
00011000
01010000
01010000
,  // measure 111
01100000
00000000
00100000
00000000
10000000
00000000
01000000
00000000
00100000
00010000
00001000
00000000
00000100
00000010
00000100
00000000
,  // measure 112
00001000
00000000
00010000
00000000
00100000
00000000
01000000
00000000
10000000
00100000
10000000
00000000
00010000
00100000
00001000
00000000
,  // measure 113
00010000
00000000
00000100
00000000
00000010
00000000
00000100
00000000
00001000
00010000
00100000
00000000
01000000
10000000
01000000
00000000
,  // measure 114
10000000
00000000
00100000
00000000
00010000
00000000
00001000
00000000
00000100
00000010
00000001
00000000
00000001
00000100
00001000
00000000
,  // measure 115
00010000
00000000
00100000
00000000
01000000
00000000
10000000
00000000
00100000
01000000
00001000
00000000
00010000
00000100
00010000
00000000
,  // measure 116
00001000
00000000
00000100
00000000
00000010
00000000
00000001
00000000
00000100
00001000
00010000
00000000
00001000
00010000
00100000
00000000
,  // measure 117
01000000
00000000
10000000
00000000
00100000
00000000
01000000
00000000
00001000
00010000
00000100
00000000
00001000
00010000
00100000
00000000
,  // measure 118
00010000
00001000
00010000
00000100
00001000
00000010
00001000
00000100
00010000
00001000
00010000
00000010
00001000
00000100
00010000
00001000
,  // measure 119
00222200
00300300
00000000
00033000
,  // measure 120
00111000
00111000
00000000
00011100
00011100
00000000
00111000
00222000
,  // measure 121
00000000
00333000
00000000
00000000
00000000
00000000
00000000
00000000
;
