#TITLE:Afronova Vengeance;
#SUBTITLE:;
#ARTIST:RE-VENGE NEO;
#TITLETRANSLIT:;
#SUBTITLETRANSLIT:;
#ARTISTTRANSLIT:;
#CREDIT:;
#BANNER:Afronova Vengeace-bn.png;
#BACKGROUND:Afronova Vengeace-bg.png;
#LYRICSPATH:;
#CDTITLE:XXXPlizit.png;
#MUSIC:Afronova Vengeance.mp3;
#OFFSET:-1.285;
#SAMPLESTART:59.000;
#SAMPLELENGTH:12.420;
#SELECTABLE:YES;
#BPMS:0.000=195.020;
#STOPS:;
#BGCHANGES:12.000=Egg2.avi=1.000=1=0=1,
28.000=Symbols2.avi=1.000=0=0=1,
44.000=Rotation5.avi=1.000=0=0=1,
52.000=Spiral3.avi=1.000=0=0=1,
60.000=Virus1R.avi=1.000=0=0=1,
76.000=Sphere1.avi=1.000=0=0=1,
92.000=Virus1R.avi=1.000=0=1=1,
108.000=Sphere1.avi=1.000=0=1=1,
124.000=FireStar.avi=1.200=0=0=1,
132.000=FireStar.avi=1.200=0=1=1,
140.000=Lava1.avi=1.200=0=0=1,
148.000=Lava1.avi=1.200=0=1=1,
156.000=FireStar.avi=1.200=0=0=1,
164.000=FireStar.avi=1.200=0=1=1,
172.000=Lava1.avi=1.200=0=0=1,
180.000=Lava1.avi=1.200=0=1=1,
188.000=Rotation5.avi=1.000=0=0=1,
204.000=Virus1R.avi=1.000=0=0=1,
220.000=Rotation5.avi=1.000=0=1=1,
236.000=Virus1R.avi=1.000=0=1=1,
252.000=Symbols2.avi=1.000=0=0=1,
268.000=Egg2.avi=1.000=0=0=1,
284.000=Virus1R.avi=1.000=0=1=1,
300.000=Egg2.avi=1.000=0=1=1,
316.000=FireStar.avi=1.000=0=0=1,
332.000=Symbols2.avi=1.000=0=0=1,
348.000=FireStar.avi=1.000=0=1=1,
364.000=Symbols2.avi=1.200=0=1=1,
380.000=Afronova Vengeace-bg.png=1.000=0=0=1,
99999=-nosongbg-=1.000=0=0=0 // don't automatically add -songbackground-
;
// cache tags:
#FIRSTBEAT:12.000;
#LASTBEAT:385.000;
#SONGFILENAME:Songs/All Songs/Afronova Vengeance/Afronova Vengeance.sm;
#HASMUSIC:1;
#HASBANNER:1;
#MUSICLENGTH:123.149;
// end cache tags

//---------------dance-single - ----------------
#NOTES:
     dance-single:
     :
     Easy:
     5:
     0.423,0.469,0.414,0.097,0.000,302.000,51.000,12.000,18.000,0.000:
0000
0000
0000
0000
,
0000
0000
0000
0000
,
0000
0000
0000
0000
,
1000
0000
0100
0000
,
0010
0000
0001
0000
,
1000
0000
0010
0000
,
0001
0000
0100
0000
,
1000
1000
1000
0000
,
0001
0001
0001
0000
,
1000
0100
1000
0000
,
0001
0010
0001
0000
,
1000
0010
0010
0000
,
0001
0010
0010
0000
,
1000
0100
0010
0001
,
0100
0010
1000
0000
,
0001
0001
0001
0001
,
1000
1000
1000
1000
,
0010
0010
0100
0100
,
0010
0100
0010
0000
,
1000
0001
1000
0001
,
0010
0100
0010
0100
,
1000
0100
1000
0100
,
0010
0001
0010
0000
,
0001
0001
0100
0100
,
0010
0010
1000
1000
,
0001
0010
0100
1000
,
0001
0100
0010
0000
,
1000
0100
0001
0100
,
1000
0100
0001
0100
,
1000
0010
0100
0001
,
1000
0001
1000
0001
,
1000
1000
0000
1100
,
0000
1000
0000
0100
,
1000
0001
0000
0100
,
0000
0101
0000
0100
,
0001
1000
0000
0010
,
0000
0110
0000
0010
,
1000
0001
0000
0010
,
0000
0110
0000
0001
,
1001
1000
0000
1001
,
0000
0110
0000
0001
,
0100
0101
0000
1000
,
0000
1100
0000
1000
,
1001
0001
0000
1001
,
0000
0110
0000
1000
,
0010
1010
0000
0001
,
0000
0011
0000
0000
,
1000
1000
0001
0001
,
1001
0000
0110
0000
1001
0MM0
0000
0000
,
0001
1000
0001
1000
,
1001
0000
0110
0000
1001
0MM0
0000
0000
,
1000
0100
0001
0100
,
1001
0000
0110
0000
1001
0MM0
0000
0000
,
0001
0100
0010
1000
,
1001
0000
0110
0000
1001
0MM0
0000
0000
,
0001
0001
1000
1000
,
1001
0000
0110
0000
1001
0MM0
0000
0000
,
1000
0001
1000
0001
,
1001
0000
0110
0000
1001
0MM0
0000
0000
,
0001
0100
1000
0100
,
1001
0000
0110
0000
1001
0MM0
0000
0000
,
1000
0100
0010
0001
,
1001
0000
0110
0000
1001
0MM0
0000
0000
,
0001
0002
0000
2003
,
0000
3001
0010
0100
,
1000
2000
0000
3002
,
0000
1003
0010
0100
,
0001
0200
0000
0320
,
0030
0010
1000
0001
,
1000
0200
0000
0320
,
0030
0010
0001
1000
,
2000
0010
0000
0100
,
0000
0010
3010
1000
,
0002
0010
0000
1000
,
0000
0010
0013
0001
,
0100
0101
0000
1100
,
0000
0010
1000
0001
,
1000
1100
0000
0101
,
0000
0010
0001
1000
,
0001
0001
1000
1000
,
0001
0001
1000
1000
,
0001
0100
0010
1000
,
0001
0100
0010
0010
,
1000
1000
0001
0001
,
1000
1000
0001
0001
,
1000
0100
0010
0001
,
1000
0100
0010
0010
,
0001
1000
0100
1100
,
1000
0001
0100
0101
,
0001
1000
0010
1010
,
1000
0001
0010
0011
,
0001
0100
1000
0010
,
0001
1000
0100
0001
,
0010
0001
1000
0001
,
1001
1001
0110
0110
,
2002
0000
0000
0000
,
3003
M00M
0000
0000
;

//---------------dance-single - ----------------
#NOTES:
     dance-single:
     :
     Medium:
     7:
     0.597,0.703,0.861,0.300,0.000,372.000,106.000,37.000,34.000,0.000:
0000
0000
0000
0000
,
0000
0000
0000
0000
,
0000
0000
0000
0000
,
1000
0100
0010
0001
,
1000
0010
0100
0001
,
1000
0010
0001
0100
,
1000
0010
0001
0100
,
1000
1100
0001
0001
,
1000
1010
0001
0001
,
1000
2100
3100
1200
,
1300
2100
3100
1100
,
0001
0101
1000
1000
,
0001
0011
1000
1000
,
0001
0010
0001
0100
,
1000
1000
0001
0001
,
1001
0010
0001
0100
,
1001
0010
1000
0100
,
0110
0100
0010
0100
,
1001
0100
0010
0100
,
1001
1100
0001
0100
,
1001
0101
1000
0100
,
2000
0010
0010
3010
,
0002
0010
0010
0013
,
0101
1001
1100
1000
,
0010
0001
0010
1000
,
1100
1001
0101
0001
,
0010
1000
0010
0001
,
1000
0110
0001
0110
,
1000
0010
0001
0100
,
1000
0110
0001
0110
,
1000
0001
0010
1001
,
1000
0012
0000
1000
,
0000
0100
0000
1003
,
2000
0010
0010
0001
,
0001
0100
3100
0000
,
0001
2010
0000
0001
,
0000
0100
0000
3001
,
0002
0010
0010
1000
,
1000
0100
0103
0000
,
0001
0100
1000
0100
,
0002
0203
2300
3200
,
0301
1000
0010
0001
,
1000
0100
0001
0000
,
0001
0010
1000
0010
,
0002
0023
2030
3020
,
0031
1000
0100
0001
,
1000
0010
0220
0330
,
1001
0100
1001
0100
,
1001
M11M
2MM2
3003
,
1001
1100
1001
0101
,
1001
M11M
2MM2
3003
,
1001
0100
1001
0010
,
1001
M11M
2MM2
3003
,
1001
0101
1001
1100
,
1001
M11M
2MM2
3003
,
1001
0010
1001
0010
,
1001
M11M
2MM2
3003
,
1001
1010
1001
0011
,
1001
M11M
2MM2
3003
,
1001
0010
1001
0100
,
1001
M11M
2MM2
3003
,
1001
0011
1001
1010
,
1001
M11M
2MM2
3003
,
0001
0000
1000
0001
0000
0100
0000
0010
,
0000
1000
0000
0100
0010
0000
0001
0000
,
1000
0000
0001
1000
0000
0100
0000
0010
,
0000
0001
0000
0100
0010
0000
1000
0000
,
0101
0000
1000
1000
0000
0010
0000
0100
,
0000
0001
0000
0010
0100
0000
1000
0000
,
1100
0000
0001
0001
0000
0010
0000
0100
,
0000
1000
0000
0010
0100
0000
0001
0000
,
1001
0000
1000
0001
0000
0100
0000
1000
,
0000
0100
0000
0001
1000
0000
1100
0000
,
1001
0000
0001
1000
0000
0100
0000
0001
,
0000
0100
0000
1000
0001
0000
0101
0000
,
1001
0000
0100
0010
0000
0110
0000
1001
,
0000
1100
0000
0001
0100
0000
0101
0000
,
1001
0000
0100
0010
0000
0110
0000
1001
,
0000
0101
0000
1000
0100
0000
1100
0000
,
1001
0000
0001
0000
1000
0100
1000
0000
,
0001
0100
0001
0000
1000
0100
0010
0000
,
0001
0000
1000
0000
0010
1000
0010
0000
,
1000
0010
1000
0000
0001
0100
0010
0000
,
1000
0000
0100
0000
0010
0001
0010
0000
,
0100
1000
0100
0000
0010
0001
1000
0000
,
0001
0000
0100
0000
0001
0100
0010
0000
,
0100
0010
1000
0000
0010
1000
0001
0000
,
1000
0001
0101
0101
,
0001
1000
1100
1100
,
0001
0010
0011
0011
,
1000
0010
1010
1010
,
0001
0100
1000
0010
,
0001
1000
0100
0001
,
0010
0001
1000
0010
,
1100
0000
0101
0000
0100
0010
0100
0000
,
2002
0000
0000
0000
,
3003
M00M
0000
0000
;

//---------------dance-single - ----------------
#NOTES:
     dance-single:
     :
     Hard:
     9:
     0.773,0.664,0.544,0.146,0.000,581.000,67.000,18.000,50.000,0.000:
0000
0000
0000
0000
,
0000
0000
0000
0000
,
0000
0000
0000
0000
,
1000
0000
1001
0000
0100
0001
1000
0000
,
0001
0000
1001
0000
0100
1000
0001
0000
,
0010
0000
0110
0000
0100
1000
0010
0000
,
0010
0000
0110
0000
0100
0001
0010
0000
,
0001
0000
0101
0000
1000
1000
0010
0000
,
1000
0000
1100
0000
0001
0001
0010
0000
,
0011
0000
1000
0000
0010
0001
0010
0000
,
1010
0000
0001
0000
0010
1000
0010
0000
,
1100
0000
0101
0000
1000
0010
0001
0000
,
1100
0000
0101
0000
1000
0100
0001
0000
,
0001
0100
0010
1000
0001
0010
0100
1000
,
0010
0001
0010
1000
0001
0100
0001
0000
,
1001
0000
0001
0100
0010
1000
0001
0000
,
1000
0100
1000
1000
0100
0000
0010
1000
,
0100
0000
1100
0000
0010
0001
0100
0000
,
0001
0010
0001
0001
0100
0000
0010
0001
,
1000
0000
1100
0000
0001
0100
1000
0000
,
0100
0001
1000
1000
0100
0000
0010
1000
,
0001
0000
0101
0000
1000
0100
0001
0000
,
0100
1000
0010
0010
0100
0000
0010
0001
,
0101
0011
1010
1100
,
1000
0010
0100
1000
0100
0010
1000
0100
,
0001
0110
1100
0110
,
0001
0010
0100
0001
0100
0010
0001
0100
,
1000
0110
1010
0101
,
1000
0010
0001
0010
0100
1000
0100
0001
,
1000
1010
0110
0011
,
1000
0100
0001
1000
0010
0000
1001
0000
,
0010
0100
0001
0100
0010
0100
0001
0100
,
0010
1000
0010
0100
0010
1000
0010
0100
,
0001
0010
0100
0010
0001
1000
0010
0001
,
0010
1000
0100
0010
0100
1000
0001
0000
,
0010
0100
1000
0100
0010
0100
1000
0100
,
0010
0001
0010
0100
0010
0001
0010
0100
,
1000
0010
0100
0010
1000
0001
0010
1000
,
0010
0001
0100
0010
0100
0001
1000
0000
,
0001
0100
1000
0100
0001
0100
1000
0100
,
0010
1000
0010
0001
0010
1000
0010
0001
,
0010
1000
0100
0010
0001
1000
0010
0100
,
1000
0100
0001
0010
0100
0001
0100
0000
,
1000
0100
0001
0100
1000
0100
0001
0100
,
0010
0001
0010
1000
0010
0001
0010
1000
,
0010
0001
0100
0010
1000
0001
0010
0100
,
0001
0100
1000
0010
0100
1000
0100
0000
,
0001
0100
0000
1000
0100
0001
0010
0000
,
0110
01M1
2M02
3003
,
100M
0100
0000
0001
0100
1000
0010
0000
,
0110
11M0
2M02
3003
,
M001
0010
0000
1000
0010
0001
0100
0000
,
0110
0M11
20M2
3003
,
100M
0010
0000
0001
0010
1000
0100
0000
,
0110
1M10
20M2
3003
,
M001
0100
100M
0100
M001
0100
100M
0000
,
1010
M110
2MM2
3003
,
100M
0100
M001
0100
100M
0100
M001
0000
,
101M
M110
2MM2
3003
,
0001
0010
010M
0010
1M00
0010
M001
0000
,
101M
11M0
2M02
3003
,
100M
0010
M100
0010
0M01
0010
100M
0000
,
M011
01M1
2M02
3003
,
0001
0100
0010
1000
0000
0100
0001
0100
,
0000
1000
0010
0100
0001
0000
0101
0000
,
0001
0010
1000
0010
0000
0001
0100
0001
,
0000
0010
0100
0001
0100
0000
1100
0000
,
1000
0010
0001
0010
0000
1000
0100
0001
,
0000
0100
1000
0001
0010
0000
1010
0000
,
0001
0100
1000
0100
0000
0010
0001
0010
,
0000
1000
0001
0100
0010
0000
1001
0000
,
1000
0100
0010
0001
0100
0010
1000
0001
,
0000
0010
1000
0001
0100
0000
0011
0000
,
0001
0100
0010
1000
0100
0010
0001
1000
,
0000
0010
0001
1000
0100
0000
1010
0000
,
0001
0010
0100
0010
1000
0010
0001
0100
,
0000
0010
0001
0010
1000
0000
0101
0000
,
1000
0010
0100
0010
0001
0010
1000
0100
,
0000
0010
1000
0010
0001
0000
1100
0000
,
0001
0001
0100
010M
0010
0M10
1000
10M0
,
0001
M100
0001
0010
1000
0000
0110
0000
,
1000
1000
0010
M010
0001
0001
0010
001M
,
0100
0001
0010
0100
1000
0000
M101
0000
,
1000
0010
1000
0100
1000
0001
M010
0001
,
0100
100M
0100
0001
1000
0000
0101
0000
,
1000
0100
0010
0100
1000
0010
0100
0010
,
0001
0010
1000
0100
0001
0000
0011
0000
,
1000
0100
0010
0001
0100
0010
1000
0001
,
0010
1000
0010
0100
1000
0001
0010
0100
,
1000
0010
0100
0001
0100
0010
1000
0001
,
1000
0010
0001
0010
0100
1000
0100
0001
,
0010
1000
0010
1000
0001
0100
0001
0100
,
1000
0010
0100
0001
0010
0100
1000
0010
,
0100
1000
0100
1000
0001
0010
0001
0010
,
1000
0001
0100
0010
1000
0001
0010
0100
,
2002
0000
0000
0000
,
3003
M00M
0000
0000
;

//---------------dance-double - ----------------
#NOTES:
     dance-double:
     :
     Hard:
     9:
     0.748,0.664,0.276,0.244,0.000,581.000,34.000,30.000,25.000,0.000:
00000000
00000000
00000000
00000000
,
00000000
00000000
00000000
00000000
,
00000000
00000000
00000000
00000000
,
10100000
01010000
01000000
0M001000
,
00011000
00010100
00001000
0000M010
,
000001M1
00000110
00000010
000010M0
,
0000M101
00000000
00000011
00000000
0000001M
00001000
00010000
00000000
,
00101000
00000000
00100000
01000000
10000000
01000000
00100000
00000000
,
00110000
00000000
00010000
01000000
00100000
01000000
00010000
00000000
,
10100000
00000000
01000000
00001000
00010000
00100000
01000000
00000000
,
10100000
00000000
10000000
01000000
00010000
00001000
00010000
00000000
,
00010100
00000000
00000100
00001000
00000100
00000000
00000010
00001000
,
00000010
00000000
00001000
00010000
00000010
00000100
00000001
00000000
,
00000010
00001000
00000010
00001000
00010000
00100000
00010000
00100000
,
10000000
00010000
01000000
00100000
00010000
00001000
00100000
00000000
,
02000000
23000000
3M200000
M0320000
,
00M31000
00000000
000M1000
00100000
01000000
00010000
00001000
00000000
,
00000200
00000302
00000M23
0000203M
,
000130M0
00000000
0001M000
00000010
00000100
00001000
00010000
00000000
,
00200000
00000000
20300000
00000000
30100000
00010000
M0001000
00000000
,
01001000
00000000
00100000
00001000
00010000
00001000
00000010
00000000
,
00000020
00000000
00000032
00000000
00000013
00001000
0001000M
00000000
,
00010100
00000000
00000010
00010000
00001000
00010000
00100000
00000000
,
00010000
00000000
00001000
00000000
00010000
00000100
00001000
00000000
,
00001010
00000000
00000001
00000100
00001000
00010000
00100000
00000000
,
00010000
00000000
00001000
00000000
00010000
00000010
00001000
00000000
,
00001100
00000000
00000001
00000010
00001000
00010000
01000000
00000000
,
10000000
00010000
01000000
00100000
00010000
00001000
00001000
00000000
,
00010000
00001000
00000010
00000001
00001000
00000100
00000100
00000000
,
00001000
00000010
00000100
00000001
00000010
00001000
00010000
00000000
,
00010000
00100000
00100000
10000000
10000000
00000000
01100000
00000000
,
01000000
10000000
01000000
10000000
01000000
00010000
01000000
00010000
,
00001000
00000100
00001000
00000100
00000001
00000100
00000001
00000100
,
00000010
00010000
00000100
00001000
00000010
00010000
00001000
00100000
,
00010000
01000000
00100000
00010000
00001000
00000100
00000010
00000000
,
00000100
00000001
00000100
00000001
00000100
00001000
00000100
00001000
,
00010000
01000000
00010000
01000000
10000000
01000000
10000000
01000000
,
00100000
00001000
01000000
00010000
00100000
00001000
00010000
00000010
,
00001000
00000100
00000010
00001000
00010000
01000000
00100000
00000000
,
00001000
00010000
00001000
00010000
00000010
00001000
00000010
00001000
,
00000001
00000010
00000001
00000010
00000100
00001000
00000100
00001000
,
00000010
00000100
00000001
00000010
00000100
00001000
00000010
00010000
,
00001000
01000000
00010000
00100000
01000000
10000000
00100000
00000000
,
00010000
00001000
00010000
00001000
00100000
00010000
00100000
00010000
,
10000000
00100000
10000000
00100000
01000000
00010000
01000000
00010000
,
00100000
01000000
10000000
00100000
01000000
00010000
00100000
00001000
,
00010000
00000100
00001000
00000010
00000100
00000001
00000010
00000000
,
00000001
00000100
00000000
00001000
00010000
01000000
10000000
00000000
,
00100000
01000000
00100000
00000000
20020000
00000000
30030000
00000000
,
10000000
01000000
00000000
00010000
00001000
00000100
00000001
00000000
,
00000010
00000100
00000010
00000000
00002002
00000000
00003003
00000000
,
0000M001
00000010
00000000
00000100
00010000
00001000
00100000
00000000
,
00010000
10000000
00100000
00000000
20020000
00000000
30030000
00000000
,
1000M000
00100000
00000000
01000000
00001000
00010000
00000010
00000000
,
00001000
00000001
00000010
00000000
00002002
00000000
00003003
00000000
,
0000100M
00000010
00000010
00010000
00001000
00001000
00100000
00000000
,
01000000
10000000
10000000
00000000
20020000
00000000
30030000
00000000
,
M0010000
00100000
00100000
00001000
00010000
00010000
00000010
00000000
,
00000100
00000001
00000001
00000000
00002002
00000000
00003003
00000000
,
0000M001
00000100
00000010
00000100
00000001
00000010
00001000
00000000
,
00010000
00100000
00100000
00000000
20020000
00000000
30030000
00000000
,
100M0000
01000000
00100000
01000000
10000000
00100000
00010000
00000000
,
00001000
00000010
00000010
00000000
00002002
00000000
00003003
00000000
,
0000M001
00000100
00000100
00000001
00000000
00000010
00001000
00000010
,
00000000
00000100
00010000
00001000
00010000
00000000
00010010
00000000
,
00000100
00001000
00001000
00010000
00000000
00001000
01000000
00001000
,
00000000
00010000
00100000
01000000
00100000
00000000
01010000
00000000
,
10000000
01000000
01000000
10000000
00000000
00100000
00010000
00100000
,
00000000
01000000
00001000
00010000
00001000
00000000
00101000
00000000
,
01000000
00010000
00010000
00001000
00000000
00010000
00000100
00010000
,
00000000
00001000
00000010
00000100
00000010
00000000
00001100
00000000
,
00000001
00000010
00000001
00000010
00000000
00000100
00010000
00000100
,
00000000
00001000
00000010
00010000
00001000
00010000
00100000
00000000
,
10000000
00100000
10000000
00100000
00000000
01000000
00010000
01000000
,
00000000
00001000
00100000
00001000
00010000
00001000
00000010
00000000
,
00000100
00000001
00000100
00001000
00000000
00000100
00000010
00001000
,
00000000
00010000
00000010
00010000
00100000
10000000
00010000
00000000
,
01000000
10000000
01000000
00010000
00000000
01000000
00100000
00010000
,
00000000
00001000
00100000
00001000
00000010
00000001
00001000
00000000
,
00000001
00000010
00000100
00001000
00000010
00010000
00001000
00010000
,
00000000
00010000
01000000
00010000
00001000
00010000
00100000
00000000
,
10000000
00100000
01000000
00010000
00100000
00001000
00010000
00001000
,
00000000
00001000
00000100
00001000
00010000
00001000
00000010
00000000
,
00000001
00000100
00001000
00000100
00000001
00000010
00001000
00010000
,
00000000
01000000
01000000
10000000
00100000
00010000
00100000
00000000
,
10000000
01000000
00010000
01000000
10000000
00100000
00010000
00001000
,
00000000
00000100
00000100
00000001
00000010
00001000
00000010
00000000
,
00000001
00000010
00000100
00001000
00000010
00010000
00001000
00100000
,
00010000
10000000
01000000
00100000
00010000
00000000
01100000
00000000
,
00100000
00001000
00010000
00000010
00001000
00000100
00000010
00000001
,
00000100
00001000
00010000
00100000
01000000
00000000
01010000
00000000
,
10000000
00100000
01000000
00100000
10000000
01000000
00010000
00001000
,
00010000
00000010
00000100
00000001
00000100
00000000
00001010
00000000
,
00000100
00000010
00000001
00000010
00001000
00000100
00010000
00100000
,
10000000
00010000
01000000
10000000
01000000
00010000
00100000
00000000
,
00022000
00000000
00000000
00000000
,
00033000
000MM000
00000000
00000000
;

//---------------dance-single - Damn mines----------------
#NOTES:
     dance-single:
     Damn mines:
     Challenge:
     9:
     0.858,0.782,0.512,0.146,0.227,659.000,63.000,18.000,187.000,0.000:
0000
0000
0000
0000
,
0000
0000
0000
0000
,
0000
0000
0000
0000
,
0001
0100
001M
0M00
0010
1000
00M1
0000
,
1000
0001
M100
000M
0100
1000
0100
0000
,
MM01
0010
0100
0000
0100
1000
0M10
0000
,
1000
0010
M100
0000
0M10
0001
0010
0000
,
0001
0100
100M
0100
M001
0100
001M
0M00
,
1000
0100
M001
0100
100M
0100
M010
0000
,
1000
0100
0001
0100
1000
0010
0100
0000
,
1M00
0010
0100
0001
0100
001M
1M00
00M0
,
1100
0000
M101
0000
1M0M
0010
0100
0010
,
1010
0000
M1M1
0000
100M
0100
0001
0100
,
0010
1000
0001
0100
1000
0001
0010
1000
,
0001
0100
1000
0001
0010
0100
1000
0000
,
M1M1
0000
0000
0000
0M1M
0000
1000
0000
0100
0000
0010
M000
0001
0M00
0000
00M0
,
1000
000M
0100
0000
0010
0000
1000
0000
0010
0000
0100
0000
1000
0000
0010
0000
,
M110
0000
00M1
0100
0001
0010
010M
00M0
,
0001
0100
0010
0001
0010
0100
0001
0100
,
0110
0000
00M1
0100
0001
0010
100M
0000
,
M010
0001
0100
0010
0M01
1000
0100
0010
,
1010
0000
10M0
0100
0010
0100
1000
0000
,
M010
0100
10M0
0M01
0010
100M
0100
0100
,
1001
0000
0001
0100
0010
1000
00M1
0100
,
100M
0100
M001
0010
100M
0010
0001
0000
,
1001
0000
100M
0100
0010
0001
10M0
0100
,
M001
0100
100M
0010
M001
0010
100M
0000
,
1010
0000
11M0
0100
0010
1M00
0010
M001
,
0100
0010
0010
0M01
0001
0010
100M
0000
,
0011
0000
0101
0100
0010
0M01
0010
1000
,
0001
M100
0010
0010
1010
1000
1001
0001
,
0101
0000
0001
0100
0000
0100
001M
0000
0010
1M00
0000
1000
,
01M0
0000
0100
M001
0000
0001
0100
0000
0100
100M
0000
1000
,
0M10
0001
0010
1000
0100
0001
1000
0010
,
0001
0100
1000
0100
0001
1000
0100
0100
,
1100
0000
1000
0100
0000
0100
M001
0000
0001
1M00
0000
1000
,
001M
0000
0010
M001
0000
0001
01M0
0000
0100
100M
0000
1000
,
0100
0100
M001
0M01
1000
100M
0010
M010
,
0001
0001
0010
010M
1000
0100
0001
0001
,
0011
0000
0010
0100
0000
1000
0010
0000
0100
0001
0000
0010
,
0100
0000
1000
0010
0000
0001
0010
0000
1000
0100
0000
0001
,
0100
1000
0001
0010
1000
0001
0100
1000
,
0010
0001
1000
0100
0001
0010
1000
1000
,
1010
0000
0010
0100
0000
1000
0010
0000
0100
1000
0000
1000
,
0100
0000
0001
0010
0000
1000
0010
0000
0010
1000
0000
0001
,
0100
1000
0010
0001
1000
0100
0001
0010
,
1000
0001
0100
1000
0001
0010
0011
0000
,
0001
0100
0000
0001
0100
0000
0010
0000
100M
0000
0100
0000
0010
0000
0001
0000
,
1000
0100
0011
0000
2002
0000
3003
0000
,
100M
0100
0000
1000
0100
0000
0010
0000
M001
0000
0100
0000
0010
0000
1000
0000
,
0001
0100
1010
0000
20M2
0000
3003
0000
,
M001
0010
0000
0001
0010
0000
0100
0000
100M
0000
0010
0000
0100
0000
0001
0000
,
1000
0010
0101
0000
2M02
0000
3003
0000
,
100M
0010
0000
1000
0010
0000
0100
0000
M001
0000
0010
0000
0100
0000
1000
0000
,
0001
0010
1100
0000
2M02
0000
3003
0000
,
M001
0100
0000
0010
0100
0000
0001
0000
0100
0000
0010
0000
1000
0000
0001
0000
,
1001
1000
110M
0000
2M02
0000
3003
0000
,
100M
0100
0000
0010
0100
0000
1000
0000
0100
0000
0010
0000
0001
0000
1000
0000
,
1001
0001
M101
0000
2M02
0000
3003
0000
,
M001
0010
0000
0001
1000
0000
0100
0000
0001
0000
0100
0000
1000
0000
0010
0000
,
0101
1000
110M
0000
2M02
0000
3003
0000
,
100M
0010
0000
1000
0001
0000
0100
0000
1000
0000
0100
0000
0001
0000
0010
0000
,
1100
0001
M101
0000
2M02
0000
3003
0000
,
M001
0100
0100
100M
0000
0100
0010
0M01
,
0010
100M
0100
M010
0011
0000
101M
0000
,
10M0
0100
0100
M001
0000
0100
0010
1M00
,
0010
M001
0100
001M
1010
0000
M101
0000
,
1M0M
0010
0001
M001
0000
001M
0100
10M0
,
0100
M001
0010
010M
11M0
0000
1M10
0000
,
M001
0010
0010
100M
0000
M010
0100
00M1
,
0100
100M
0010
M100
01M1
0000
0011
0000
,
00M1
0100
0010
1000
0100
0010
0001
1000
,
0010
0001
10M0
0100
M001
0010
0011
0000
,
100M
0100
0010
0001
0100
0010
1000
0001
,
0010
1000
00M1
0100
100M
0010
1010
0000
,
M001
0010
010M
0010
1M00
0010
M001
0100
,
0010
0001
1000
0100
M110
0000
0M11
0000
,
100M
0010
M100
0010
0M01
0010
100M
0100
,
0010
1000
00M1
0100
0110
0000
1010
0000
,
M0M1
0100
100M
1000
0100
M001
0010
0100
,
1000
0100
0010
1M00
1000
0010
M110
0000
,
01M0
0001
0001
0100
100M
0010
M100
00M1
,
0100
0010
0M01
0001
0010
100M
1100
0000
,
M100
0010
1000
1000
0010
M001
0100
001M
,
1000
0100
0010
0100
1000
0010
0101
0000
,
010M
1000
0100
M010
0001
0010
100M
0100
,
M001
0M01
1000
100M
0010
0100
0011
0000
,
0001
0100
0010
1000
0100
0010
0001
0100
,
0001
0010
0100
0010
0001
1000
0010
0100
,
0101
0001
0010
0100
1000
0010
0100
0001
,
0010
0000
100M
0000
0010
M000
0001
0000
1000
0000
0001
0000
0100
0000
0001
0000
,
1001
0000
1000
0000
0001
0000
0100
0000
0010
0000
1000
0000
0001
0000
0010
000M
,
1000
00M1
M100
0010
0M01
1000
001M
M100
,
0110
0010
1000
0001
0100
1000
0M01
M010
,
0001
0000
10M0
000M
0100
0000
M001
0000
0M10
0000
0001
0000
10M0
0001
1000
0000
,
2002
0000
0000
0000
,
3003
M00M
0000
0000
;

//---------------dance-single - ----------------
#NOTES:
     dance-single:
     :
     Beginner:
     2:
     0.187,0.234,0.073,0.016,0.000,150.000,9.000,2.000,0.000,0.000:
0000
0000
0000
0000
,
0000
0000
0000
0000
,
0000
0000
0000
0000
,
1000
0000
0000
0000
,
1000
0000
0000
0000
,
0001
0000
0000
0000
,
0001
0000
0000
0000
,
1000
0000
1000
0000
,
0001
0000
0001
0000
,
1000
0000
0001
0000
,
1000
0000
0001
0000
,
0010
0000
0010
0000
,
0010
0000
0010
0000
,
0100
0000
0100
0000
,
0100
0000
0100
0000
,
0001
0000
0000
0000
,
0000
0000
0001
0000
,
1000
0000
0000
0000
,
0000
0000
1000
0000
,
0010
0000
0000
0000
,
0000
0000
0010
0000
,
0100
0000
0000
0000
,
0000
0000
0100
0000
,
0001
0000
0000
0000
,
0001
0000
0100
0000
,
0001
0000
0000
0000
,
1000
0000
0100
0000
,
1000
0000
0000
0000
,
0001
0000
0010
0000
,
0001
0000
0000
0000
,
1000
0000
0010
0000
,
1000
0000
0000
0000
,
0001
0000
0001
0000
,
0001
0000
0000
0000
,
1000
0000
1000
0000
,
0100
0000
0000
0000
,
0100
0000
0100
0000
,
0010
0000
0000
0000
,
0010
0000
0010
0000
,
0001
0000
0000
0000
,
0100
0000
0001
0000
,
1000
0000
0000
0000
,
0100
0000
1000
0000
,
0001
0000
0000
0000
,
0010
0000
0001
0000
,
1000
0000
0000
0000
,
0010
0000
1000
0000
,
0001
0000
0001
0000
,
1000
1000
1000
0000
,
1000
0000
0001
0000
,
0001
0001
0001
0000
,
0010
0000
0010
0000
,
0100
0100
0100
0000
,
0100
0000
0100
0000
,
0010
0010
0010
0000
,
1000
0000
0001
0000
,
0100
0100
0100
0000
,
0001
0000
1000
0000
,
0100
0100
0100
0000
,
1000
0000
0001
0000
,
0010
0010
0010
0000
,
0001
0000
1000
0000
,
0010
0010
0010
0000
,
1000
0000
0000
0000
,
0001
0000
0000
0000
,
1000
0000
0000
0000
,
0001
0000
0000
0000
,
0010
0000
0000
0000
,
0100
0000
0000
0000
,
0010
0000
0000
0000
,
0100
0000
0000
0000
,
0001
0000
0100
0000
,
0001
0000
0000
0000
,
0001
0000
1000
0000
,
0001
0000
0000
0000
,
1000
0000
0100
0000
,
1000
0000
0000
0000
,
1000
0000
0010
0000
,
1000
0000
0001
0000
,
1001
0000
0000
0000
,
1000
0000
0001
0000
,
1001
0000
0000
0000
,
0001
0000
1000
0000
,
1001
0000
0000
0000
,
0010
0000
0100
0000
,
1001
0000
0000
0000
,
0100
0000
0010
0000
,
1001
0000
0000
0000
,
0010
0000
1000
0000
,
1001
0000
0000
0000
,
0010
0000
0001
0000
,
1001
0000
0000
0000
,
0100
0000
1000
0000
,
1001
0000
0000
0000
,
0100
0000
0001
0000
,
2002
0000
0000
0000
,
3003
0000
0000
0000
;

//---------------dance-double - ----------------
#NOTES:
     dance-double:
     :
     Easy:
     5:
     0.377,0.430,0.138,0.211,0.000,282.000,17.000,26.000,2.000,0.000:
00000000
00000000
00000000
00000000
,
00000000
00000000
00000000
00000000
,
00000000
00000000
00000000
00000000
,
10000000
00000000
01000000
00000000
,
10000000
00000000
01000000
00000000
,
00100000
00000000
00010000
00000000
,
00100000
00000000
00010000
00000000
,
01000000
01000000
01000000
00000000
,
00001000
00001000
00001000
00000000
,
00010000
00001000
00010000
00000000
,
00000010
00001000
00000010
00000000
,
00001000
00001000
00000010
00000010
,
00000100
00000100
00000001
00000000
,
00000010
00000010
00001000
00001000
,
00010000
00010000
00100000
00000000
,
10000000
10000000
10000000
00000000
,
00010000
00010000
00010000
00000000
,
00100000
00100000
00100000
00000000
,
01000000
01000000
01000000
00000000
,
10000000
00100000
00010000
00000000
,
00100000
00010000
00001000
00000000
,
00010000
00001000
00000010
00000000
,
00001000
00000010
00000001
00000000
,
00000010
00000001
00001000
00000000
,
00001000
00000001
00001000
00000000
,
00000001
00000100
00001000
00000000
,
00000100
00001000
00010000
00000000
,
00001000
01000000
00001000
00000000
,
01000000
00010000
01000000
00000000
,
00100000
10000000
00100000
00000000
,
01000000
00010000
10000000
00010000
,
10010000
10000000
00000000
01000000
,
00000000
00010000
00000000
00001000
,
00000100
00000001
00000000
00000010
,
00000000
00001000
00000000
00010000
,
01000000
10000000
00000000
00100000
,
00000000
00010000
00000000
00001000
,
00000010
00000001
00000000
00000100
,
00000000
00001000
00010000
00001000
,
00011000
00010000
00000000
00001000
,
00000000
00000010
00000000
00000001
,
00000100
00001000
00000000
00010000
,
00000000
01000000
00000000
10000000
,
00100000
00010000
00000000
00001000
,
00000000
00000100
00000000
00000001
,
00000010
00001000
00000000
00010000
,
00000000
01000000
10000000
00000000
,
10000000
01000000
00010000
01000000
,
10000000
00010000
20020000
30030000
,
10000000
01000000
00010000
00001000
,
00000100
00000001
00002002
00003003
,
00000001
00000100
00001000
00000100
,
00000001
00001000
00002002
00003003
,
00000001
00000100
00001000
00010000
,
01000000
10000000
20020000
30030000
,
10000000
00100000
00010000
00100000
,
10000000
00010000
20020000
30030000
,
10000000
00100000
00010000
00001000
,
00000010
00000001
00002002
00003003
,
00000001
00000010
00001000
00000010
,
00000001
00001000
00002002
00003003
,
00000001
00000010
00001000
00010000
,
00100000
10000000
20020000
30030000
,
10000000
02000000
00000000
03020000
,
00000000
00031000
00010000
00100000
,
01000000
00020000
00000000
20030000
,
00000000
30100000
00010000
00001000
,
00000010
00002000
00000000
00023000
,
00000000
00031000
00010000
00001000
,
00000100
00000002
00000000
00000203
,
00000000
00000310
00000110
00000000
,
00000001
00000001
00000001
00000001
,
00000000
00000010
00000010
00000000
,
00001000
00001000
00001000
00001000
,
00000000
00000010
00000010
00000000
,
00000001
00000100
00001000
00010000
,
00000000
00001000
00010000
00000000
,
00010000
00100000
10000000
00010000
,
00000000
10000000
01000000
00000000
,
10000000
10000000
01000000
01000000
,
00010000
00010000
01000000
00000000
,
00100000
00001000
00010000
00000000
,
00000010
00001000
00001000
00000000
,
00000001
00000001
00000100
00000100
,
00001000
00001000
00000100
00000000
,
00000010
00010000
00001000
00000000
,
00100000
00010000
00010000
00000000
,
00100000
00010000
00110000
00000000
,
01000000
00001000
01001000
00000000
,
01000000
00001000
00010000
00100000
,
10000000
01000000
11000000
00000000
,
10000000
00100000
10000000
01000000
,
00010000
00001000
00011000
00000000
,
00010000
00100000
00010000
00001000
,
00000100
00000001
00001000
00000110
,
00002002
00000000
00000000
00000000
,
00003003
0000M00M
00000000
00000000
;

//---------------dance-double - ----------------
#NOTES:
     dance-double:
     :
     Medium:
     7:
     0.565,0.586,0.641,0.227,0.000,380.000,79.000,28.000,2.000,0.000:
00000000
00000000
00000000
00000000
,
00000000
00000000
00000000
00000000
,
00000000
00000000
00000000
00000000
,
10000000
01000000
10000000
00010000
,
00100000
01000000
00100000
00001000
,
00010000
00000010
00010000
00001000
,
00000100
00000001
00000100
00000010
,
00000001
00000101
00001000
00001100
,
00000010
00010000
00001000
00100000
,
00010000
01010000
10000000
11000000
,
00100000
01000000
00001000
00010000
,
00001000
00011000
00010000
00011000
,
00001000
00000010
00000001
00000100
,
00001000
00010000
00100000
10000000
,
01000000
00010000
01000000
10000000
,
10010000
00100000
10000000
01000000
,
00010000
00001000
00100000
00001000
,
00011000
00100000
00001000
01000000
,
00001000
00010000
00000010
00000010
,
00001001
00000010
00000001
00000100
,
00001000
00010000
00000010
00010000
,
00011000
00000010
00010000
00000100
,
00010000
00001000
00100000
00100000
,
10010000
01100000
00010000
00100000
,
00001000
00010000
00001000
00000010
,
00001001
00000110
00001000
00000010
,
00010000
00001000
00010000
00100000
,
10010000
01100000
10000000
00100000
,
00010000
00001000
00000010
00000001
,
00001001
00000110
00000001
00000010
,
00001000
00010000
00100000
10000000
,
00120000
01000000
00000000
10000000
,
00000000
00130000
00001000
00010000
,
00100000
00100000
10000000
10000000
,
01000000
00010000
00001000
00000100
,
00002010
00000100
00000000
00000001
,
00000000
00003010
00010000
00001000
,
00000010
00000010
00000001
00000001
,
00000100
00001000
00010000
00000000
,
10010000
22000000
33000000
02020000
,
03030000
00101000
00110000
00010000
,
01000000
10000000
01000000
00100000
,
00010000
00001000
00000100
00000010
,
00001001
00000202
00000303
00002020
,
00003030
00010010
00001010
00001000
,
00000100
00000001
00000100
00000010
,
00001000
00010000
01000000
00000000
,
10000000
01000000
00000000
01000000
10000000
00000000
00100000
00000000
,
01000000
01001000
00022000
00033000
,
00010000
00000010
00000000
00000010
00010000
00000000
00001000
00000000
,
00000100
00000110
00002002
00003003
,
00000001
00000100
00000000
00000100
00000001
00000000
00000010
00000000
,
00000100
00010100
00022000
00033000
,
00001000
00100000
00000000
00100000
00001000
00000000
00010000
00000000
,
01000000
01100000
20020000
30030000
,
10000000
00100000
00000000
10000000
00010000
00000000
00100000
00000000
,
01100000
01001000
00022000
00033000
,
00010000
00000100
00000000
00001000
00000100
00000000
00010000
00000000
,
00010010
00001010
00002002
00003003
,
00000001
00000010
00000000
00000001
00001000
00000000
00000010
00000000
,
00000110
00010100
00022000
00033000
,
00001000
01000000
00000000
00010000
01000000
00000000
00001000
00000000
,
00101000
00110000
20020000
30030000
,
10000000
00000000
10000000
01000000
00000000
00100000
00000000
00010000
,
00000000
01000000
00000000
00001000
00010000
00000000
00100000
00000000
,
00010000
00000000
00010000
00001000
00000000
00000010
00000000
00001000
,
00000000
00010000
00000000
00000100
00000010
00000000
00000001
00000000
,
00001000
00000000
00000010
00000010
00000000
00000100
00000000
00000001
,
00000000
00000010
00000000
00001000
00001000
00000000
00010000
00000000
,
00100000
00000000
00010000
00010000
00000000
00001000
00000000
00100000
,
00000000
01000000
00000000
10000000
10000000
00000000
00010000
00000000
,
00110000
00000000
01000000
00010000
00000000
00100000
00000000
00001000
,
00000000
00010000
00000000
00001000
00000010
00000000
00001010
00000000
,
00000110
00000000
00000001
00000001
00000000
00001000
00000000
00000010
,
00000000
00000100
00000000
00001000
00001000
00000000
00001100
00000000
,
00011000
00000000
01000000
00001000
00000000
01001000
00000000
01010000
,
00000000
01100000
00000000
00010000
10000000
00000000
01010000
00000000
,
01001000
00000000
00001000
00010000
00000000
00011000
00000000
00010010
,
00000000
00001010
00000000
00000100
00000001
00000000
00000101
00000000
,
00001001
00000000
00000001
00001000
00000001
00001000
00000001
00000000
,
00000010
00000100
00010000
00001000
,
00101000
00000000
00100000
00010000
00100000
00010000
00100000
00000000
,
01000000
10000000
00100000
01000000
,
01010000
00000000
00010000
10000000
00010000
10000000
00010000
00000000
,
00100000
01000000
00010000
00001000
,
00011000
00000000
00010000
00000100
00010000
00000100
00010000
00000000
,
00001000
00000010
00000100
00001000
,
00001001
00000100
00001010
00001010
,
00000100
00000000
00010000
00000000
00001000
00010000
00001000
00000000
,
00011000
00100000
00101000
00110000
,
01000000
00000000
10000000
00000000
00100000
10000000
00100000
00000000
,
10010000
01010000
00100000
00001000
,
00010000
00000000
00011000
00000000
00010000
00000010
00001000
00000000
,
00000001
00001100
00000010
00001000
,
00000100
00010000
00001000
00000000
00010000
00100000
10000000
00000000
,
20020000
00000000
00000000
00000000
,
30030000
M00M0000
00000000
00000000
;

//---------------dance-double - Steps by MJEmirzian----------------
#NOTES:
     dance-double:
     Steps by MJEmirzian:
     Challenge:
     9:
     0.784,0.702,0.438,0.016,0.000,620.000,54.000,2.000,0.000,0.000:
00000000
00000000
00000000
00000000
,
00000000
00000000
00000000
00000000
,
00000000
00000000
00000000
00000000
,
10100000
00000000
01000000
00010000
00100000
00000000
01001000
00000000
,
00011000
00000000
00000010
00001000
00000100
00001000
00000010
00000000
,
00000101
00000000
00000010
00000001
00000100
00000000
00001010
00000000
,
00010010
00000000
00001000
00000100
00001000
00010000
00000100
00000000
,
00011000
00000000
00100000
01000000
10000000
00000000
00110000
00000000
,
00101000
00000000
00010000
01000000
10000000
01000000
00100000
00000000
,
10000000
01000000
00100000
00010000
01000000
00001000
00010000
00000000
,
00100000
00010000
00001000
00000000
00101000
00000000
00011000
00000000
,
00010100
00000000
00000010
00000001
00000100
00000000
00001010
00000000
,
00010010
00000000
00001000
00000100
00000001
00000100
00000010
00000000
,
00001000
00000100
00000010
00000001
00000100
00000010
00010000
00001000
,
00010000
00000100
00010000
00100000
10000000
00010000
01000000
00000000
,
10000000
01000000
00010000
00100000
01000000
10000000
00010000
00100000
,
00000000
00100000
10000000
01000000
00010000
01000000
10000000
00000000
,
00100000
00010000
00001000
01000000
00010000
00100000
01000000
00010000
,
00000000
00010000
01000000
00100000
00010000
00001000
00010000
00000000
,
01000000
00010000
00001000
00010000
00000010
00000100
00000001
00001001
,
00000000
00001100
00000010
00000001
00000100
00000010
00001000
00000000
,
00000001
00000010
00000100
00001000
00000001
00000100
00000010
00010000
,
00001000
00000100
00001000
00010000
01000000
00100000
00010000
00000000
,
11000000
10000000
00100000
00010000
00100000
10000000
01000000
00100000
,
00000000
00100000
00010000
00100000
10000000
01000000
00100000
00000000
,
00010000
01000000
00001000
00010000
00000100
00000010
00000001
00001000
,
00000000
00001000
00000100
00000001
00000010
00000001
00000100
00000000
,
00000010
00001000
00000100
00000010
00001000
00010000
00000100
00011000
,
00000000
00101000
00100000
01000000
10000000
00010000
01000000
00000000
,
00100000
10000000
01000000
00100000
00001000
00010000
01000000
10000000
,
00000000
00010000
00010000
00010000
00010000
00000000
01100000
00000000
,
01000000
10000000
00100000
00010000
00001000
00100000
01000000
00010000
,
00001000
00000010
00000100
00001000
00000001
00000100
00001000
00000001
,
00000010
00001000
00000100
00010000
01000000
10000000
00010000
01000000
,
10000000
01000000
00010000
00100000
01000000
00010000
00001000
00000100
,
00000010
00001000
00000100
00000010
00001000
00000010
00000001
00000100
,
00001000
00010000
00100000
10000000
00010000
01000000
10000000
01000000
,
00010000
00100000
01000000
10000000
01000000
00010000
00001000
00000100
,
00000001
00001000
00000010
00000001
00001000
00000100
00000001
00000000
,
00000010
00000001
00000100
00001000
00010000
00000100
00000010
00001000
,
00010000
01000000
00100000
00010000
10000000
00100000
00010000
10000000
,
01000000
00010000
00100000
00001000
00000010
00000001
00001000
00000010
,
00000001
00000010
00001000
00000100
00000010
00001000
00010000
00100000
,
01000000
00010000
00100000
01000000
00010000
01000000
10000000
00100000
,
00010000
00001000
00000100
00000001
00001000
00000010
00000001
00000010
,
00001000
00000100
00000010
00000001
00000010
00001000
00010000
00100000
,
10000000
00010000
01000000
10000000
00010000
00100000
10000000
00000000
,
00010000
11000000
00000000
00100000
00010000
01000000
10000000
01000000
,
00001000
00010000
00000100
00000000
00000011
00000000
00001100
00000000
,
00000001
00001100
00000000
00000010
00001000
00000100
00001000
00000010
,
00010000
00011000
01001000
00000000
01010000
00000000
10100000
00000000
,
01000000
00110000
00000000
10000000
01000000
00100000
00010000
01000000
,
00001000
00010000
00000100
00000000
00010010
00000000
00001100
00000000
,
00000001
00000110
00000000
00000001
00000100
00001000
00000100
00000010
,
00010000
00011000
00010010
00000000
00011000
00000000
01100000
00000000
,
10000000
00010000
01000000
10000000
01000000
00010000
00100000
00000000
,
01000000
10000000
10100000
00000000
01000000
00010000
00100000
00000000
,
00001000
00010000
01000000
00010000
00001000
00010000
00000010
00000000
,
00000100
00000001
00001001
00000000
00000100
00001000
00000010
00000000
,
00000100
00000001
00000010
00001000
00010000
00001000
01000000
00000000
,
00100000
01000000
01010000
00000000
00100000
01000000
10000000
00000000
,
00100000
01000000
00010000
10000000
01000000
00010000
00001000
00010000
,
00000100
00010100
00001100
00000000
00000011
00000000
00001001
00000000
,
00000010
00000100
00000001
00000010
00000000
00000010
00001000
00000100
,
00000000
00000100
00000010
00010000
00001000
00100000
01000000
00000000
,
10000000
00000000
00100000
01000000
00000000
01000000
10000000
00100000
,
00000000
00100000
00010000
10000000
10010000
00000000
11000000
00000000
,
00100000
00001000
00010000
00100000
00000000
00100000
00010000
01000000
,
00000000
01000000
10000000
00100000
00010000
00001000
00000010
00000000
,
00000001
00000000
00000100
00000010
00000000
00000010
00000100
00001000
,
00000000
00001000
00000100
00000001
00001001
00000000
00001100
00000000
,
00000010
00000001
00001000
00000010
00000100
00001000
00010000
00001000
,
00000000
00000100
00001000
00010000
00100000
00010000
00001000
00000000
,
00100000
01000000
10000000
00100000
00010000
00001000
00010000
01000000
,
00000000
00010000
00001000
00010000
00010010
00000000
00001010
00000000
,
00000100
00000001
00000100
00001000
00000001
00000100
00000010
00010000
,
00000000
00001000
00000100
00001000
00010000
01000000
00100000
00000000
,
00010000
01000000
00100000
10000000
01000000
00100000
00010000
01000000
,
00000000
00001000
00010000
00000010
00001010
00000000
00000110
00000000
,
00000001
00000010
00000100
00001000
00000001
00000000
00000100
00001000
,
00010000
00000000
00001000
00000100
00000001
00001000
00000100
00000000
,
00000010
00000100
00010000
00001000
01000000
00000000
00100000
10000000
,
01000000
00100000
00010000
00000000
11000000
00000000
10010000
00000000
,
00100000
10000000
01000000
00010000
00001000
00000000
00010000
01000000
,
10000000
00000000
00010000
01000000
00100000
00010000
00001000
00000000
,
00010000
00000100
00000010
00000001
00000100
00001000
00000001
00000010
,
00001000
00000100
00000010
00000100
00010000
00001000
01000000
00000000
,
00010000
00100000
01000000
10000000
00100000
00000000
10000000
01000000
,
00100000
00000000
00010000
01000000
10000000
01000000
00010000
00000000
,
00100000
00001000
00010000
01000000
00010000
00000000
00001000
00000100
,
00000001
00000000
00000010
00000100
00001000
00000001
00000100
00000000
,
00000010
00001000
00000100
00001000
00000010
00000000
00000100
00000001
,
00000010
00000000
00000100
00001000
00000001
00000100
00001000
00000000
,
00010000
00001000
00100000
01000000
10000000
00100000
01000000
00010000
,
00100000
10000000
00010000
01000000
10000000
00100000
00010000
00001000
,
00022000
00000000
00000000
00000000
,
00033000
00000000
00000000
00000000
;
