#TITLE:Gravity;
#SUBTITLE:;
#ARTIST:TaQ;
#TITLETRANSLIT:;
#SUBTITLETRANSLIT:;
#ARTISTTRANSLIT:;
#CREDIT:;
#BANNER:gravity.png;
#BACKGROUND:gravity-bg.png;
#LYRICSPATH:;
#CDTITLE:!bmrTitle.png;
#MUSIC:gravity.mp3;
#OFFSET:-1.993;
#SAMPLESTART:26.916;
#SAMPLELENGTH:12.000;
#SELECTABLE:YES;
#BPMS:0.000=125.000,16.000=250.000,208.000=125.000,272.000=250.000;
#STOPS:;
#BGCHANGES:;
// cache tags:
#FIRSTBEAT:0.000;
#LASTBEAT:398.000;
#SONGFILENAME:Songs/All Songs/grav/Gravity.sm;
#HASMUSIC:1;
#HASBANNER:1;
#MUSICLENGTH:118.256;
// end cache tags

//---------------dance-single - ----------------
#NOTES:
     dance-single:
     :
     Hard:
     10:
     1.000,1.000,1.000,0.000,0.698,913.000,218.000,0.000,0.000,0.000:  // measure 1
1100
0001
1000
0100
1000
0010
0100
0001
1000
0010
1000
0100
0010
0001
0100
0010
,  // measure 2
1100
0001
1000
0100
1000
0010
0100
0001
1000
0010
1000
0100
0010
0001
0100
0010
,  // measure 3
1100
0001
1000
0100
1000
0010
0100
0001
1000
0010
1000
0100
0010
0001
0100
0010
,  // measure 4
1100
0000
1100
0000
1100
0000
1100
0000
1000
0011
0100
1000
0000
0000
0110
0000
,  // measure 5
1000
0100
1000
0100
0011
0100
1000
0001
,  // measure 6
0100
0000
0001
0000
0100
0000
0001
0000
1010
0000
0100
0000
0001
0000
0010
0100
,  // measure 7
1000
0100
1000
0100
0011
0100
1000
0001
,  // measure 8
0100
0000
0001
0000
0100
0000
0001
0000
1010
0000
0100
0000
0001
0000
0010
0100
,  // measure 9
1000
0100
1000
0100
0011
0100
1000
0001
,  // measure 10
0100
0000
0001
0000
0100
0000
0001
0000
1010
0000
0100
0000
0001
0000
0010
0100
,  // measure 11
1000
0100
1000
0100
0011
0100
1000
0001
,  // measure 12
0100
0000
0001
0000
0100
0000
0001
0000
1010
0000
0100
0000
0001
0000
0010
0100
,  // measure 13
1000
0110
1000
0010
1001
0010
1000
0110
,  // measure 14
1000
0000
0011
0000
1000
0000
0110
0000
1001
0000
0100
0000
0001
0000
0010
0100
,  // measure 15
1000
0110
1000
0010
1001
0010
1000
0110
,  // measure 16
1000
0000
0011
0000
1000
0000
0110
0000
1001
0000
0100
0000
0001
0000
0010
0100
,  // measure 17
1000
0110
1000
0010
1001
0010
1000
0110
,  // measure 18
1000
0000
0011
0000
1000
0000
0110
0000
1001
0000
0100
0000
0001
0000
0010
0100
,  // measure 19
1000
0110
1000
0010
1001
0010
1000
0110
,  // measure 20
1000
0000
0011
0000
1000
0000
0010
0100
0001
0000
0010
0000
1100
0000
0011
0000
,  // measure 21
1000
0100
1000
0010
1001
0100
0010
0100
,  // measure 22
0001
0100
0000
0100
1001
0010
0100
0010
,  // measure 23
1000
0100
1000
0010
1001
0100
0010
0100
,  // measure 24
0001
0100
0000
0100
1001
0010
0100
0010
,  // measure 25
1000
0100
1000
0010
1001
0100
0010
0100
,  // measure 26
0001
0100
0000
0100
1001
0010
0100
0010
,  // measure 27
1000
0100
1000
0010
1001
0100
0010
0100
,  // measure 28
0001
0100
0000
0100
1001
0010
0100
0010
,  // measure 29
1000
0110
1000
0010
1001
0100
0010
0110
,  // measure 30
0001
0101
0000
0110
1001
0010
1000
0010
,  // measure 31
1000
0110
1000
0010
1001
0100
0010
0110
,  // measure 32
0001
0101
0000
0110
1001
0010
1000
0010
,  // measure 33
1000
0110
1000
0010
1001
0100
0010
0110
,  // measure 34
0001
0101
0000
0110
1001
0010
1000
0010
,  // measure 35
1000
0110
1000
0010
1001
0100
0010
0110
,  // measure 36
0001
0000
0101
0000
0000
1000
0010
1000
0001
0000
0100
0000
0010
0000
0000
0000
,  // measure 37
1000
0110
1000
0010
1001
0100
0010
0101
,  // measure 38
1000
0000
0110
0000
1000
0000
0101
0000
1001
0000
0100
0000
0001
0000
0010
0100
,  // measure 39
1000
0110
1000
0010
1001
0100
0010
0101
,  // measure 40
1000
0000
0110
0000
1000
0000
0101
0000
1001
0000
0100
0000
0001
0000
0010
0100
,  // measure 41
1000
0110
1000
0010
1001
0100
0010
0101
,  // measure 42
1000
0000
0110
0000
1000
0000
0101
0000
1001
0000
0100
0000
0001
0000
0010
0100
,  // measure 43
1000
0110
1000
0010
1001
0100
0010
0101
,  // measure 44
1000
0110
1000
0101
1001
0000
1001
0000
,  // measure 45
0001
0110
0001
0010
1001
0100
0010
1100
,  // measure 46
0001
0000
0110
0000
0001
0000
1100
0000
1001
0000
0100
0000
1000
0000
0010
0100
,  // measure 47
0001
0110
0001
0010
1001
0100
0010
1100
,  // measure 48
0001
0000
0110
0000
0001
0000
1100
0000
1001
0000
0100
0000
1000
0000
0010
0100
,  // measure 49
0001
0110
0001
0010
1001
0100
0010
1100
,  // measure 50
0001
0000
0110
0000
0001
0000
1100
0000
1001
0000
0100
0000
1000
0000
0010
0100
,  // measure 51
0001
0110
0001
0010
1001
0100
0010
1100
,  // measure 52
0001
0000
0110
0000
0001
1000
0100
1000
0001
0000
1000
0000
0100
0000
0010
0000
,  // measure 53
1000
0100
1000
0010
1001
0100
0010
0100
0001
1000
0000
0100
1001
0000
0100
0010
,  // measure 54
1000
0100
1000
0010
1001
0100
0010
0100
0001
1000
0000
0100
1001
0000
0100
0010
,  // measure 55
1000
0100
1000
0010
1001
0100
0010
0100
0001
1000
0000
0100
1001
0000
0100
0010
,  // measure 56
1000
0100
1000
0010
1001
0100
0010
0100
0001
1000
0000
0100
1001
0000
0000
0000
,  // measure 57
0001
0100
0001
0010
1001
0100
0010
0100
1000
0001
0000
0100
1001
0000
0100
0010
,  // measure 58
0001
0100
0001
0010
1001
0100
0010
0100
1000
0001
0000
0100
1001
0000
0100
0010
,  // measure 59
0001
0100
0001
0010
1001
0100
0010
0100
1000
0001
0000
0100
1001
0000
0100
0010
,  // measure 60
0001
0100
0001
0010
1001
0100
0010
0100
1000
0001
0000
0100
1001
0000
0000
0000
,  // measure 61
1000
0100
0011
1000
0011
0100
0010
0100
0001
1000
0000
0100
1001
0000
0100
0010
,  // measure 62
1000
0100
0011
1000
0011
0100
0010
0100
0001
1000
0000
0100
1001
0000
0100
0010
,  // measure 63
1000
0100
0011
1000
0011
0100
0010
0100
0001
1000
0000
0100
1001
0000
0100
0010
,  // measure 64
1000
0100
0011
1000
0011
0100
0010
0100
0001
1000
0000
0100
1001
0000
0000
0000
,  // measure 65
0001
0100
1010
0001
1010
0100
0010
0100
1000
0001
0000
0100
1001
0000
0100
0010
,  // measure 66
0001
0100
1010
0001
1010
0100
0010
0100
1000
0001
0000
0100
1001
0000
0100
0010
,  // measure 67
0001
0100
1010
0001
1010
0100
0010
0100
1000
0001
0000
0100
1001
0000
0100
0010
,  // measure 68
0001
0100
1010
0001
1010
0100
0010
0100
1000
0001
0000
0100
1001
0010
0100
0010
,  // measure 69
1000
0100
0011
0100
1001
0100
0010
0100
,  // measure 70
0001
0000
1000
0000
0000
0000
0100
0000
1001
0000
0010
0000
0001
0000
0010
0100
,  // measure 71
1000
0100
0011
0100
1001
0100
0010
0100
,  // measure 72
0001
1000
0000
0100
1001
0000
0010
0000
,  // measure 73
1000
0100
0011
0100
1001
0100
0010
0100
,  // measure 74
0001
0000
1000
0000
0000
0000
0100
0000
1001
0000
0010
0000
0001
0000
0010
0100
,  // measure 75
1000
0100
0011
0100
1001
0100
0010
0100
,  // measure 76
0001
1000
0000
0100
1001
0000
0010
0000
,  // measure 77
0001
0100
1010
0100
1001
0100
0010
0100
,  // measure 78
1000
0000
0001
0000
0000
0000
0100
0000
1001
0000
0010
0000
1000
0000
0010
0100
,  // measure 79
0001
0100
1010
0100
1001
0100
0010
0100
,  // measure 80
1000
0001
0000
0100
1001
0000
0010
0000
,  // measure 81
0001
0100
1010
0100
1001
0100
0010
0100
,  // measure 82
1000
0000
0001
0000
0000
0000
0100
0000
1001
0000
0010
0000
1000
0000
0010
0100
,  // measure 83
0001
0000
0100
0000
1010
0000
0100
0000
1001
0000
0100
0000
0010
0000
1000
0100
,  // measure 84
1000
0001
0100
0010
1001
0000
0000
0000
,  // measure 85
1000
0100
1000
0100
0011
0100
1000
0001
,  // measure 86
0100
0000
0001
0000
0100
0000
0001
0000
1010
0000
0100
0000
0001
0000
0010
0100
,  // measure 87
1000
0100
1000
0100
0011
0100
1000
0001
,  // measure 88
0100
0000
0001
0000
0100
0000
0001
0000
1010
0000
0100
0000
0001
0000
0010
0100
,  // measure 89
1000
0100
1000
0100
0011
0100
1000
0001
,  // measure 90
0100
0000
0001
0000
0100
0000
0001
0000
1010
0000
0100
0000
0001
0000
0010
0100
,  // measure 91
1000
0100
1000
0100
0011
0100
1000
0001
,  // measure 92
0100
0001
0100
0001
1010
0000
0001
0000
,  // measure 93
1000
0110
0011
0100
1001
0010
1000
0110
,  // measure 94
1000
0000
0011
0000
1000
0000
0110
0000
1001
0000
0100
0000
0001
0000
0010
0100
,  // measure 95
1000
0110
0011
0100
1001
0010
1000
0110
,  // measure 96
1000
0000
0011
0000
1000
0000
0110
0000
1001
0000
0100
0000
0001
0000
0010
0100
,  // measure 97
1000
0110
0011
0100
1001
0010
1000
0110
,  // measure 98
1000
0000
0011
0000
1000
0000
0110
0000
1001
0000
0100
0000
0001
0000
0010
0100
,  // measure 99
1000
0110
0011
0100
1001
0010
1000
0110
,  // measure 100
1000
0011
1000
0110
1001
0000
0000
0000
;
