#TITLE:neoMAX;
#SUBTITLE:(full version);
#ARTIST:DM Ashura;
#TITLETRANSLIT:;
#SUBTITLETRANSLIT:;
#ARTISTTRANSLIT:;
#CREDIT:;
#BANNER:neoMAX.png;
#BACKGROUND:neoMAX-BG.jpg;
#LYRICSPATH:;
#CDTITLE:armalyte-cdtitle.png;
#MUSIC:neoMAX.mp3;
#OFFSET:-17.497;
#SAMPLESTART:410.560;
#SAMPLELENGTH:12.000;
#SELECTABLE:YES;
#BPMS:0.000=55.000,94.000=47.360,95.000=36.880,96.000=170.000,312.000=42.500,314.000=170.000,490.000=85.000,506.000=170.000,666.000=85.000,714.000=170.000,940.000=127.500,943.000=85.000,945.000=170.000;
#STOPS:666.000=2.118
,697.000=3.529
,746.000=4.941
;
#BGCHANGES:;
// cache tags:
#FIRSTBEAT:8.500;
#LASTBEAT:951.000;
#SONGFILENAME:Songs/All Songs/neoMAX (full version)/neoMAX.sm;
#HASMUSIC:1;
#HASBANNER:1;
#MUSICLENGTH:475.912;
// end cache tags

//---------------dance-single - ----------------
#NOTES:
     dance-single:
     :
     Hard:
     9:
     0.512,0.724,0.261,0.189,0.497,1491.000,124.000,90.000,0.000,0.000:  // measure 1
0000
0000
0000
0000
,  // measure 2
0000
0000
0000
0000
,  // measure 3
0000
0000
0020
0000
0000
0000
0000
0000
0000
0002
0000
0000
0030
0000
0000
0000
,  // measure 4
0000
0200
0003
0020
0300
2030
0000
3000
,  // measure 5
1000
0100
0010
0001
0100
0000
0010
0000
1000
0010
0100
0001
0010
0000
0100
0000
,  // measure 6
1000
0100
0010
0001
1000
0100
0010
0001
1000
0100
0010
0001
0001
0010
0100
1000
,  // measure 7
0001
0010
0100
1000
0010
0000
0100
0000
0001
0100
0010
1000
0100
0000
0010
0000
,  // measure 8
0001
0100
0010
1000
0001
0100
0010
1000
0001
0100
0010
1000
1000
0010
0100
0001
,  // measure 9
0010
0000
0000
0000
1000
0000
0001
0000
0010
0000
0000
0100
0000
0000
0010
0000
0001
0000
0000
1000
0000
0000
0001
0000
0000
0000
0001
0000
0010
0000
0100
0000
,  // measure 10
1000
0000
0000
0000
0000
0000
0010
0000
0100
0000
0000
0001
0000
0000
0010
0000
0100
0000
0000
0000
0000
0000
0000
0000
0000
0000
0000
0000
1000
0000
0100
0000
,  // measure 11
0010
0000
0000
0000
0001
0000
0100
0000
0010
0000
0000
1000
0000
0000
0010
0000
0100
0000
0000
0001
0000
0000
1000
0000
0000
0000
0001
0000
0100
0000
0010
0000
,  // measure 12
1000
0000
0000
0000
0000
0000
0001
0100
0001
0000
0000
0010
0000
0000
0100
0000
1000
0000
0000
0000
0000
0000
0000
0000
0000
0000
0000
0000
0010
0000
1000
0000
,  // measure 13
0100
0000
0000
0000
0010
0000
0001
0000
0100
0000
0000
0010
0000
0000
1000
0000
0100
0000
0000
0010
0000
0000
0001
0000
0000
0000
0000
0000
0000
0000
1000
0100
,  // measure 14
1000
0000
0000
0010
0000
0000
0100
0000
0001
0000
0000
0010
0000
0000
0100
0000
1000
0000
0000
0010
0000
0000
0100
0000
0000
0000
0000
0000
0000
0000
0000
0000
,  // measure 15
0001
0000
0000
0100
0000
0000
0001
0000
1000
0000
0000
0100
0000
0000
1000
0000
0001
0000
0000
0100
0000
0000
0001
0000
1000
0000
0000
0100
0000
0000
1000
0000
,  // measure 16
0001
0010
0001
0100
0010
1000
0010
0100
0001
0000
0000
0000
0000
0000
1000
0001
,  // measure 17
0010
0000
0000
0000
0001
0000
1000
0000
0010
0000
0000
1000
0000
0000
0001
0000
0010
0000
0000
0001
0000
0000
1000
0000
0000
0000
0001
0000
0100
0000
0001
0000
,  // measure 18
1000
0000
0000
0000
0000
0000
1000
0000
0100
0000
0000
1000
0000
0000
0010
0000
0100
0000
0000
0000
0000
0000
0000
0000
0000
0000
0000
0000
1000
0000
0001
0000
,  // measure 19
0010
0000
0000
0000
0001
0000
1000
0000
0100
0000
0000
1000
0000
0000
0001
0000
0100
0000
0000
0001
0000
0000
1000
0000
0000
0000
0100
0000
0010
0000
0001
0000
,  // measure 20
0100
0000
0000
0000
0000
0000
0001
0010
0001
0000
0000
1000
0000
0000
0010
0000
1000
0000
0000
0000
0000
0000
0000
0000
0000
0000
0000
0000
0001
0000
1000
0000
,  // measure 21
0100
0000
0000
0000
1000
0000
0001
0000
0100
0000
0000
0010
0000
0000
1000
0000
0001
0000
0000
0010
0000
0000
0001
0000
0000
0000
0000
0000
0000
0000
1000
0010
,  // measure 22
1000
0000
0000
0001
0000
0000
0010
0000
0001
0000
0000
0100
0000
0000
0010
0000
1000
0000
0000
0010
0000
0000
1000
0000
0000
0000
0000
0000
0000
0000
0000
0000
,  // measure 23
0010
0000
0000
0001
0000
0000
0100
0000
0010
0000
0000
1000
0000
0000
0100
0000
0010
0000
0000
0001
0000
0000
0100
0000
0010
0000
0000
1000
0000
0000
0100
0000
,  // measure 24
0010
0000
0000
0000
0000
0000
1000
0000
0000
0000
0000
0000
0010
0000
0000
0000
0001
0000
0000
0000
0000
0000
0100
0000
0000
0000
0000
0000
1000
0000
0000
0000
0100
0000
0000
0000
0000
0000
0001
0000
0000
0000
0000
0000
0010
0000
0000
0000
1000
0000
0000
0000
0000
0010
0000
0000
0000
0000
0000
0001
0000
0000
0000
0000
,  // measure 25
1000
1000
0001
0001
,  // measure 26
0100
0100
0010
0010
,  // measure 27
1000
0000
1000
0010
0100
0001
0010
0001
,  // measure 28
0100
0000
0100
0010
1000
0100
0010
0001
,  // measure 29
1000
0000
1000
0010
0100
0001
0010
0100
,  // measure 30
1000
0000
1000
0010
0100
0001
1000
0100
,  // measure 31
0010
0000
0010
0001
0100
0010
1000
0001
,  // measure 32
0100
0000
0100
1000
0010
1000
0100
0010
,  // measure 33
0002
0100
1000
0100
,  // measure 34
0100
0000
0010
0000
0013
0100
1000
0010
,  // measure 35
1001
0000
0000
0110
0000
0000
0000
0000
0000
0000
0000
0000
0000
0000
1000
0000
,  // measure 36
1001
0000
0000
0001
0000
0000
0110
0000
0000
1000
0000
0000
0100
0000
0010
0000
,  // measure 37
1001
0000
0000
0110
0000
0000
0000
0000
0000
0000
0000
0000
0000
0000
0100
0000
,  // measure 38
0110
0000
0000
0100
0000
0000
1001
0000
0000
0001
0000
0000
0010
0000
0100
0000
,  // measure 39
1001
0000
0000
0110
0000
0000
0000
0000
0000
0000
0000
0000
0000
0000
0100
0000
,  // measure 40
1001
0010
0001
0100
1001
0010
1000
0100
,  // measure 41
0010
0000
0001
0000
0000
0010
0000
0001
0010
0000
0100
0000
0000
0010
0000
0001
,  // measure 42
0010
0000
0100
0000
0000
0010
0000
0001
0010
0000
0100
0000
1000
0000
0001
0000
,  // measure 43
0010
0000
0100
0000
0000
1000
0000
0010
0100
0000
0010
0000
0000
1000
0000
0010
,  // measure 44
0100
0000
0010
0000
0000
1000
0000
0010
0100
0000
0010
0000
1000
0000
0001
0000
,  // measure 45
0010
0000
0100
0000
0000
1000
0000
0001
0100
0000
0001
0000
0000
1000
0000
0001
,  // measure 46
0010
0000
0001
0000
0000
1000
0000
0001
0100
0000
0001
0000
1000
0000
0100
0000
,  // measure 47
0010
0000
0001
0000
0000
0100
0000
0001
0010
0000
0001
0000
0000
0100
0000
0010
,  // measure 48
1000
0000
0001
0000
0000
0100
0000
0001
0010
0000
0001
0000
0010
0000
0100
0000
,  // measure 49
0000
0000
1000
0000
0000
0100
0000
0000
1000
0000
0000
0010
0000
0000
0100
0000
,  // measure 50
0000
0000
0001
0000
0000
0010
0000
0000
0001
0000
0000
0100
0000
0000
0010
0000
,  // measure 51
0000
0000
1000
0000
0000
0010
0000
0000
0100
0000
0000
0001
0000
0000
0010
0000
,  // measure 52
0000
0000
0100
0000
0000
1000
0000
0000
0010
0000
0000
0100
0000
0000
0001
0000
,  // measure 53
0000
0000
0010
0000
0000
1000
0000
0000
0100
0000
0000
0010
0000
0000
1000
0000
,  // measure 54
0000
0000
0100
0000
0000
0001
0000
0000
0010
0000
0000
1000
0000
0000
0001
0000
,  // measure 55
0000
0000
0010
0000
0000
1000
0000
0000
0100
0000
0000
0001
0000
0000
0010
0000
,  // measure 56
0000
0000
0100
0000
0000
0001
0000
0000
0010
0000
0000
1000
0000
0000
0100
0000
,  // measure 57
2000
0000
0010
0000
0000
0010
0000
0000
0010
0000
0000
0010
0000
0000
0010
0000
,  // measure 58
3200
0000
0001
0000
0000
0001
0000
0000
0001
0000
0000
0001
0000
0000
0001
0000
,  // measure 59
2300
0000
0010
0000
0000
0010
0000
0000
0010
0000
0000
0010
0000
0000
0010
0000
,  // measure 60
3002
0000
0010
0000
0000
0010
0000
0000
0010
0000
0000
0010
0000
0000
0013
0000
,  // measure 61
2000
0000
0001
0000
0000
0100
0000
0000
0001
0000
0000
0100
0000
0000
0001
0000
,  // measure 62
3020
0000
1000
0000
0000
0100
0000
0000
1000
0000
0000
0100
0000
0000
1000
0000
,  // measure 63
0230
0000
0010
0000
0000
0001
0000
0000
0010
0000
0000
0001
0000
0000
0010
0000
,  // measure 64
0302
0000
1000
0000
0000
0100
0000
0000
1000
0000
0000
0100
0000
0000
1000
0000
,  // measure 65
1003
0000
1000
0000
0000
0100
0000
0000
0100
0000
0000
0010
0000
0000
0010
0000
,  // measure 66
1001
0000
0001
0000
0000
0001
0000
0000
0010
0000
0000
0010
0000
0000
0100
0000
,  // measure 67
1001
0000
0001
0000
0000
0010
0000
0000
0010
0000
0000
1000
0000
0000
1000
0000
,  // measure 68
1001
0000
0000
0100
0000
0000
0100
0000
0001
0000
0000
0001
0000
0000
0010
0000
,  // measure 69
1001
0000
1000
0000
0000
0100
0000
0000
0001
0000
0000
0010
0000
0000
1000
0000
,  // measure 70
1001
0000
0010
0000
0000
1000
0000
0000
0100
0000
0000
0001
0000
0000
0010
0000
,  // measure 71
1001
1000
1000
1000
0100
0100
0100
0100
,  // measure 72
0010
0010
0010
0010
0010
0010
0010
0010
,  // measure 73
1001
0000
1100
0000
0000
1010
0000
0000
0110
0000
0000
0101
0000
0000
1001
0000
,  // measure 74
0000
0000
0110
0000
0000
1010
0000
0000
0011
0000
0000
1001
0000
0000
1010
0000
,  // measure 75
0000
0000
0101
0000
0000
0110
0000
0000
1010
0000
0000
1100
0000
0000
0100
0000
,  // measure 76
0000
0000
0102
0000
0000
0100
0000
0000
0100
0000
0000
0100
0000
0000
0100
0000
,  // measure 77
0000
0000
1000
0000
0000
1000
0000
0000
1000
0000
0000
1000
0000
0000
1000
0000
,  // measure 78
0000
0000
0100
0000
0000
0100
0000
0000
0100
0000
0000
0100
0000
0000
0200
0000
,  // measure 79
0000
0000
0000
0000
0000
0000
0000
0303
1001
0000
0000
1100
0000
0000
0000
0000
,  // measure 80
0000
0000
0000
0000
0000
0000
0100
0000
0101
0000
0000
1000
0000
0000
0011
0000
,  // measure 81
0000
0100
0000
0000
0010
0000
1000
0000
1001
0000
0000
0110
0000
0000
0000
0000
,  // measure 82
0000
0000
0000
0000
0000
0000
0001
0000
0101
0000
0000
0010
0000
0000
1100
0000
,  // measure 83
0000
0010
0000
0000
0001
0000
0100
0000
1001
0000
0000
0110
0000
0000
0000
0000
,  // measure 84
0000
0000
0000
0000
0000
0000
0010
0000
1010
0000
0000
0001
0000
0000
1100
0000
,  // measure 85
0000
0010
0000
0000
0001
0000
0100
0000
1010
0000
0000
0101
0000
0000
0000
0000
,  // measure 86
0000
0000
0000
0010
0110
0001
0100
0010
,  // measure 87
0110
0000
1000
0000
0100
0000
0000
0000
1000
0000
0100
0000
1000
0100
0000
0000
,  // measure 88
0100
0000
0010
0000
0100
0010
0000
0000
0010
0000
0001
0000
0010
0001
0000
0001
,  // measure 89
0010
0000
0100
0000
1000
0000
0000
0000
0001
0000
0100
0000
0001
0100
0000
0000
,  // measure 90
0010
0000
1000
0000
0010
1000
0000
0000
1000
0000
0100
0000
1000
0100
0000
0100
,  // measure 91
1000
0000
0010
0000
0100
0000
0000
0000
0001
0000
0001
0000
0000
0100
0000
0100
,  // measure 92
0010
0000
0010
0000
0000
1000
0000
1000
0100
0000
0100
0000
0000
0010
0000
0010
,  // measure 93
0001
0000
0100
0000
0010
0000
1000
0000
0100
0000
0010
0000
0000
0001
0000
0001
,  // measure 94
1000
0000
1000
0000
0000
0010
0000
0010
0100
0000
0100
0000
0000
0001
0000
0001
,  // measure 95
0010
0000
0100
0000
1000
0000
0010
0000
0100
0000
0001
0000
0000
1000
0000
1000
,  // measure 96
0100
0000
0100
0000
0000
0001
0000
0001
0100
0000
0100
0000
0000
1000
0000
1000
,  // measure 97
0010
0000
0100
0000
0001
0000
0010
0000
0100
0000
1000
0000
0000
0001
0000
0001
,  // measure 98
0100
0000
0100
0000
0000
1000
0000
1000
0100
0000
0100
0000
0000
0001
0000
0001
,  // measure 99
0010
0100
1000
0010
2000
0100
0000
0100
,  // measure 100
0000
0100
0000
0000
3020
0000
0000
0230
,  // measure 101
0000
0000
0302
0000
2003
0010
0000
0010
,  // measure 102
0000
0010
0000
0000
3200
0000
0000
0302
,  // measure 103
0000
0000
0203
0000
2300
0001
0000
0001
,  // measure 104
0000
0001
0000
0000
3020
0000
0000
0230
,  // measure 105
0000
0000
2300
0000
3200
0001
0000
0001
,  // measure 106
0000
0001
0000
0000
0302
0000
0000
0023
,  // measure 107
0000
0000
0032
0000
1003
0100
1001
0000
,  // measure 108
0000
0110
0000
1001
0000
0010
0001
0100
,  // measure 109
1010
0000
0011
0000
0100
0010
1001
0000
,  // measure 110
0000
1100
0000
0101
0000
0010
1000
0100
,  // measure 111
1001
0000
0110
0000
0001
1000
0110
0000
,  // measure 112
0000
0011
0000
1100
0000
0010
0001
0100
,  // measure 113
1001
0000
0101
0000
0010
1000
0110
0000
,  // measure 114
0000
1100
0000
0011
0000
0100
0010
0001
,  // measure 115
0110
0000
0000
1000
0100
0000
0000
0001
,  // measure 116
0100
0000
0000
1000
0000
0000
0010
0000
1000
0000
0000
0100
0000
0000
0001
0000
,  // measure 117
0000
0000
0000
0100
0010
0000
0000
0001
,  // measure 118
0010
0000
0000
1000
0000
0000
0100
0000
1000
0000
0000
0010
0000
0000
0001
0000
,  // measure 119
0000
0000
0000
0000
0000
0000
1000
0001
1000
0000
0000
0000
0000
0000
0001
1000
,  // measure 120
0001
0000
0000
0010
0000
0000
0100
0000
1000
0000
0000
0001
0000
0000
0100
0000
,  // measure 121
0000
0000
0000
0000
0000
0000
0001
0010
0001
0000
0000
0000
0000
0000
1000
0010
,  // measure 122
1000
0000
0000
0100
0000
0000
0010
0000
0001
0000
0000
0100
0000
0000
0110
0000
,  // measure 123
0000
0000
2001
0000
,  // measure 124
0002
3000
0000
0020
0003
0000
0230
0000
2000
0300
0000
0000
0000
0000
0000
0000
,  // measure 125
0002
3000
0000
0200
0003
0000
0310
0000
2000
0010
0000
0010
0000
0010
0000
0000
,  // measure 126
3200
0000
0000
0020
0300
0000
2030
0000
3020
0100
0000
0100
0000
0100
0000
0000
,  // measure 127
0002
0030
0000
2000
0003
0000
3020
0000
0032
0000
0010
0000
0000
0000
0010
0000
,  // measure 128
0000
0010
0000
0000
0020
0003
0000
0200
,  // measure 129
0030
0000
2300
0000
3200
0001
0000
0010
,  // measure 130
0000
0001
0000
0000
0002
0300
0000
0020
,  // measure 131
0003
0000
2030
0000
3020
0100
0000
1000
,  // measure 132
0000
0100
0000
0000
0002
0030
0000
2000
,  // measure 133
0003
0000
0200
3000
0302
0100
0000
0100
,  // measure 134
0000
0100
0000
0000
2000
0003
0000
0020
,  // measure 135
3000
0000
0002
0030
2003
0000
0100
0000
,  // measure 136
0100
0001
0001
0100
,  // measure 137
0001
0100
3020
1000
,  // measure 138
1000
0001
0001
1000
,  // measure 139
0001
1000
0230
0001
,  // measure 140
0001
0010
0010
1000
,  // measure 141
0010
0001
0302
0010
,  // measure 142
0010
1000
1000
0010
,  // measure 143
1000
0000
0000
0000
0010
0000
0000
0000
2003
0000
0100
0000
0000
0100
0000
0000
,  // measure 144
0100
0000
0000
0100
0000
0000
0100
0000
0000
0000
0010
0000
0000
0010
0000
0000
,  // measure 145
0010
0000
0000
0010
0000
0000
0010
0000
3002
0000
0100
0000
0000
0100
0000
0000
,  // measure 146
0100
0000
0000
0100
0000
0000
0100
0000
0000
0000
0010
0000
0000
0010
0000
0000
,  // measure 147
0010
0000
0000
0010
0000
0000
0010
0000
0203
0000
1000
0000
0000
1000
0000
0000
,  // measure 148
1000
0000
0000
1000
0000
0000
1000
0000
0000
0000
0001
0000
0000
0001
0000
0000
,  // measure 149
0001
0000
0000
0001
0000
0000
0001
0000
0320
0000
1000
0000
0000
1000
0000
0000
,  // measure 150
1000
0000
0000
1000
0000
0000
1000
0000
0000
0000
0001
0000
0000
0001
0000
0000
,  // measure 151
0001
0000
0000
0001
0000
0000
0031
0000
1000
0000
0001
0000
1000
0001
0000
0000
,  // measure 152
0100
0000
0010
0000
0100
0010
0000
0000
1000
0000
0100
0000
1000
0100
0000
0100
,  // measure 153
1000
0000
0100
0000
0010
0000
0000
0000
0001
0000
1000
0000
0001
1000
0000
0000
,  // measure 154
0001
0000
0100
0000
0001
0100
0000
0000
0010
0000
1000
0000
0010
1000
0000
1000
,  // measure 155
0010
0000
0100
0000
0001
0000
0000
0000
0001
0000
1000
0000
0001
0100
0000
0000
,  // measure 156
0010
0000
1000
0000
0010
0100
0000
0000
0001
0000
0010
0000
0001
0100
0000
0100
,  // measure 157
0001
0000
0010
0000
0100
0000
0000
0000
1000
0000
0010
0000
1000
0100
0000
0000
,  // measure 158
0010
0000
0001
0000
0010
0100
0000
0000
1000
0000
0100
0000
1000
0010
0000
0010
,  // measure 159
1000
0100
0010
0000
2000
0010
0000
0010
,  // measure 160
0000
0010
0000
3010
0200
0001
0000
0001
,  // measure 161
0000
0001
0000
0301
0020
0100
0000
0100
,  // measure 162
0000
0100
0000
0130
0002
0010
0000
0010
,  // measure 163
0000
0010
0000
0013
2000
0100
0000
0001
,  // measure 164
0000
0100
0000
3001
0020
0100
0000
0001
,  // measure 165
0000
0100
0000
0031
0200
1000
0000
0001
,  // measure 166
0000
0010
0000
1300
0002
0100
0000
0010
,  // measure 167
0000
0000
0000
0000
0100
0000
0000
0000
0000
0000
0000
0000
2000
0000
0000
0000
0000
3003
0000
0000
0100
0000
0010
0000
0001
0000
0000
0000
0100
0000
0010
0000
,  // measure 168
1000
0000
0000
0100
0000
0000
0010
0000
0001
0000
0000
0100
0000
0000
0010
0000
0000
0000
1000
0000
0100
0000
0010
0000
0001
0000
0000
0000
0000
0000
1000
0000
,  // measure 169
0010
0000
0000
0100
0000
0000
0001
0000
0010
0000
0000
0000
0000
0000
0000
0000
0000
0000
0000
0000
0001
0000
0100
0000
0010
0000
0000
0000
1000
0000
0100
0000
,  // measure 170
0010
0000
0000
0001
0000
0000
0100
0000
0010
0000
0000
1000
0000
0000
0100
0000
0000
0000
1000
0000
0010
0000
0100
0000
0001
0000
0000
0000
0000
0000
0001
0010
,  // measure 171
0001
0000
0000
0100
0000
0000
0010
0000
1000
0000
0000
0000
0000
0000
0000
0000
0000
0000
0000
0000
0010
0000
1000
0000
0100
0000
0000
0010
0000
0000
0001
0000
,  // measure 172
0100
0000
0000
0010
0000
0000
1000
0000
0100
0000
0000
0010
0000
0000
0001
0000
0000
0000
0000
0000
0000
0000
1000
0010
1000
0000
0000
0100
0000
0000
0010
0000
,  // measure 173
0001
0000
0000
0100
0000
0000
0001
0000
1000
0000
0000
0100
0000
0000
1000
0000
0000
0000
0000
0000
0000
0000
0000
0000
0001
0000
0000
0001
0000
0000
0001
0000
,  // measure 174
0010
0000
0000
0010
0000
0000
0010
0000
1000
0000
0000
1000
0000
0000
1000
0000
0100
0000
0000
0100
0000
0000
0100
0000
1000
0000
0010
0000
1000
0000
0100
0000
,  // measure 175
1000
0000
0001
0000
0100
0000
0001
0000
1001
0000
0000
0000
0000
0000
0000
0000
1000
0000
0000
1000
0000
0000
1001
0000
0000
0000
0000
0000
0000
0000
0000
0000
,  // measure 176
0000
0000
0000
0000
0000
0000
0010
0000
0010
0000
0000
1000
0000
0000
1000
0000
0100
0000
0000
0100
0000
0000
0110
0000
0000
0000
0000
0000
0000
0000
0000
0000
,  // measure 177
0000
0000
0000
0000
0000
0000
1000
0000
1001
0000
0000
0001
0000
0000
0001
0000
0101
0000
0000
0100
0000
0000
1100
0000
0000
0000
0000
0000
0000
0000
0000
0000
,  // measure 178
0000
0000
0000
0000
0000
0000
1000
0000
0100
0000
0000
0010
0000
0000
0001
0000
0100
0000
0000
0010
0000
0000
1000
0000
0100
0000
0000
0010
0000
0000
0001
0000
,  // measure 179
0100
0000
0000
0010
0000
0000
1000
0000
1001
0000
0000
0000
0000
0000
0000
0000
0100
0000
0000
0000
0000
0000
1100
0000
0000
0000
0000
0000
0101
0000
0000
0000
,  // measure 180
0000
1000
0100
0010
0001
1000
0000
0010
,  // measure 181
1000
0000
0000
0100
0000
0000
0010
0000
1001
0000
0000
1100
0000
0000
0011
0000
,  // measure 182
0000
0001
0010
0100
1000
0010
0000
1000
,  // measure 183
1001
0000
0000
0010
0000
0000
0100
0000
1100
0000
0110
0000
0000
0011
0000
0000
,  // measure 184
0000
1000
0010
0100
0001
0010
0000
1000
,  // measure 185
0010
0000
0000
0100
0000
0000
0010
0000
1000
0000
0000
0100
0000
0000
0010
0000
,  // measure 186
0100
0000
0000
1000
0000
0000
0001
0000
0010
0000
0000
0100
0000
0000
2002
0000
,  // measure 187
0000
0000
0000
0000
0000
0000
0000
0000
0000
3003
0000
0000
0100
0000
0010
0000
,  // measure 188
1001
0000
0000
0000
0100
0000
0010
0000
1000
0000
0000
0100
0000
0000
0010
0000
,  // measure 189
1000
0000
0000
0010
0000
0000
0001
0000
0000
0000
0100
0000
1000
0000
0100
0000
,  // measure 190
1001
0000
0000
0000
0000
0000
0001
0000
0010
0000
0000
0100
0000
0000
0001
0000
,  // measure 191
1001
0000
0000
0000
0000
0000
0001
0100
,  // measure 192
1001
0000
0000
0000
0010
0000
0001
0000
0100
0000
0000
1000
0000
0000
0100
0000
,  // measure 193
0001
0000
0000
0010
0000
0000
0100
0000
0000
0000
1000
0000
0010
0000
0001
0000
,  // measure 194
0110
0000
0000
0000
0000
0000
0001
0010
0001
0000
0000
0100
0000
0000
0010
0000
,  // measure 195
1001
0000
0000
0000
0000
0000
0010
1000
,  // measure 196
0101
0000
0000
0010
0000
0000
0001
0000
1100
0000
0000
0010
0000
0000
1000
0000
,  // measure 197
0101
0000
0000
0010
0000
0000
0001
0000
0000
0000
0000
0000
0000
0000
1000
0010
,  // measure 198
1000
0000
0000
0100
0000
0000
0010
0000
0001
0000
0000
1000
0000
0000
0010
0000
,  // measure 199
0001
0000
0000
0010
0000
0000
1000
0000
0000
0000
0000
0000
0000
0000
0000
0000
,  // measure 200
0200
0000
0000
1000
0000
0000
1000
0000
2300
0000
0000
0010
0000
0000
0010
0000
,  // measure 201
3020
0000
0000
0100
0000
0000
0100
0000
0230
0000
0000
0001
0000
0000
0301
0000
,  // measure 202
1000
0010
1000
0100
1000
0001
0100
0001
,  // measure 203
1001
0000
1000
0000
1000
1000
0100
0010
,  // measure 204
1100
0000
0000
0000
0001
0000
0100
0000
0010
0000
0000
1000
0000
0000
0100
0000
,  // measure 205
1000
0000
0000
0010
0000
0000
0001
0000
0000
0000
0010
0000
1000
0000
0100
0000
,  // measure 206
0011
0000
0000
0000
0000
0000
0100
0000
1000
0000
0000
0010
0000
0000
0001
0000
,  // measure 207
0110
0000
0000
0000
0000
0000
0010
0001
,  // measure 208
0110
0000
0000
0000
0100
0000
0010
0000
1000
0000
0000
0100
0000
0000
0010
0000
,  // measure 209
1000
0000
0000
0010
0000
0000
0001
0000
0000
0000
0100
0000
1000
0000
0100
0000
,  // measure 210
1001
0000
0000
0000
0000
0000
0010
0100
0010
0000
0000
0001
0000
0000
0010
0000
,  // measure 211
1010
0000
0000
0000
0000
0000
0010
0100
,  // measure 212
1001
0000
0000
0010
0000
0000
0100
0000
1010
0000
0000
0100
0000
0000
0010
0000
,  // measure 213
0101
0000
0000
0010
0000
0000
0100
0000
0000
0000
0000
0000
0000
0000
0010
1000
,  // measure 214
0010
0000
0000
0100
0000
0000
0001
0000
1001
0000
0000
0010
0000
0000
0001
0000
,  // measure 215
0110
0000
0000
1000
0000
0000
0100
0000
0000
0000
0000
0000
0000
0000
0000
0000
,  // measure 216
1001
0000
0000
0010
0000
0000
1000
0000
0101
0000
0000
0010
0000
0000
0001
0000
,  // measure 217
1100
0000
0000
0001
0000
0000
0100
0000
0011
0000
0000
1000
0000
0000
0100
0000
,  // measure 218
1010
0000
0000
1100
0000
0000
0100
0000
0101
0000
0000
1010
0000
0000
0010
0000
,  // measure 219
1001
0000
0000
1010
0000
0000
0101
0000
1100
0000
0000
0011
0000
0000
0110
0000
,  // measure 220
1001
0000
0100
0000
0000
0010
0000
0001
0010
0000
0001
0000
0000
1000
0000
0010
,  // measure 221
1000
0000
0010
0000
0000
0001
0000
0100
0001
0000
0100
0000
0010
0000
1000
0000
,  // measure 222
0100
0000
0010
0000
0000
0001
0000
0100
0010
0000
0100
0000
0000
0010
0000
1000
,  // measure 223
0010
0000
0100
0000
0000
0001
0000
0010
0100
0000
0010
0000
0001
0000
1000
0000
,  // measure 224
0100
0000
0010
0000
0000
0001
0000
0100
0010
0000
1000
0000
0000
0001
0000
0010
,  // measure 225
0100
0000
1000
0000
0000
1000
0000
0010
0100
0000
0001
0000
1000
0000
0010
0000
,  // measure 226
0100
0000
0001
0000
0000
0010
0000
0001
1000
0000
0100
0000
0000
0010
0000
0001
,  // measure 227
1000
0000
0010
0000
0000
0100
0000
0001
1000
0000
0100
0000
0010
0000
1000
0000
,  // measure 228
0001
0000
0000
0100
0000
0000
1000
0000
0000
0100
0000
0000
0010
0000
1000
0000
,  // measure 229
0001
0000
0000
0010
0000
0000
1000
0000
0000
0010
0000
0000
0100
0000
1000
0000
,  // measure 230
0010
0000
0000
0001
0000
0000
0010
0000
0000
1000
0000
0000
0010
0000
0100
0000
,  // measure 231
0001
0000
0000
0100
0000
0000
1000
0000
0000
0100
0000
0000
0001
0000
0010
0000
,  // measure 232
1000
0000
0000
0100
0000
0000
1000
0000
0000
0010
0000
0000
0001
0000
0100
0000
,  // measure 233
0010
0000
0000
0001
0000
0000
0100
0000
0000
1000
0000
0000
0010
0000
0001
0000
,  // measure 234
1000
0010
1000
0100
0010
0001
0100
0001
,  // measure 235
0010
0100
0010
0001
1000
0100
0010
0001
,  // measure 236
0200
0000
0000
0000
0000
0000
0020
0000
0300
0000
0000
0000
2000
0030
0000
0000
,  // measure 237
0200
3000
0300
0001
0100
1000
0000
0000
0000
1000
0100
0001
,  // measure 238
0000
0000
0000
0010
0001
0010
1000
0100
0001
0100
0000
0000
;

//---------------dance-single - ----------------
#NOTES:
     dance-single:
     :
     Challenge:
     10:
     0.723,1.000,0.513,0.143,0.831,2096.000,244.000,68.000,0.000,0.000:  // measure 1
0000
0000
0000
0000
,  // measure 2
0000
0000
0000
0000
,  // measure 3
0000
0000
0200
0000
0000
0000
0000
0000
0000
0002
0000
0000
0300
0000
0000
0000
,  // measure 4
0000
0020
0003
0200
0030
2300
0000
3000
,  // measure 5
0010
0001
0100
1000
0100
0000
0001
0000
0010
0001
0100
1000
0100
0000
0001
0000
,  // measure 6
0001
0100
1000
0100
0001
0100
1000
0100
0001
0100
1000
0100
0001
0010
1000
0010
,  // measure 7
0001
0010
1000
0010
0001
0000
0010
0000
0100
1000
0010
0001
0010
0000
1000
0000
,  // measure 8
1000
0010
0001
0010
1000
0010
0001
0010
1000
0010
0001
0010
1000
0100
0011
0110
,  // measure 9
1100
0000
0100
0000
0001
0000
0100
0000
1000
0000
0100
0001
0100
0000
1000
0000
0100
0000
0010
1000
0010
0000
0100
0000
1000
0000
0001
0000
1000
0000
0010
0000
,  // measure 10
1001
0000
0001
0000
0010
0000
1000
0000
0010
0000
0001
1000
0001
0000
0010
0000
1000
0000
0010
0000
0001
0000
0010
0000
1000
0000
0010
0000
1001
0000
0110
0000
,  // measure 11
1001
0000
0010
0000
0100
0000
1000
0000
0010
0000
0001
0010
1000
0000
0010
0000
0001
0000
0010
0001
0010
0000
0001
0000
0100
0000
0010
0000
1000
0000
0100
0000
,  // measure 12
0010
0000
0001
0000
0100
0000
0010
1000
0010
0000
0100
0001
0100
0000
0010
0000
1001
0000
0100
0000
1000
0000
0010
0000
0100
0000
0001
0000
1010
0000
0110
0000
,  // measure 13
0101
0000
1000
0000
0100
0000
0010
0000
0001
0000
0100
1000
0100
0000
0001
0000
1000
0000
0010
0100
0010
0000
1000
0000
0100
0000
0010
0000
0001
0000
1000
0010
,  // measure 14
0001
0000
0010
1000
0100
0000
0010
0000
0001
0000
1000
0010
0100
0000
0001
0000
1000
0000
0001
0010
0100
0000
1000
0000
0001
0000
0100
0000
0010
0000
1000
0000
,  // measure 15
0100
0000
0010
0100
0010
0000
0001
0000
1001
0000
0100
0001
0100
0000
1000
0000
1001
0000
0100
1000
0100
0000
0001
0000
1001
0000
0010
1000
0100
0000
0010
0000
,  // measure 16
1000
0100
1000
0100
0010
0001
0010
0001
0100
0001
0100
0001
1000
0010
1000
0010
0100
0000
0110
0000
0000
0000
0000
0000
0000
0000
0000
0000
0110
0000
0101
0000
,  // measure 17
1010
0000
1000
0000
0110
0000
0011
0000
1001
0000
0010
0100
0010
0000
1001
0000
0011
0000
0100
0001
0100
0000
1010
0000
0001
0000
0110
0000
0101
0000
1001
0000
,  // measure 18
1100
0000
0010
0000
0100
0000
1010
0000
1100
0000
0010
0001
1000
0000
0110
0000
0101
0000
1000
0000
0100
0000
0010
0000
0001
0000
1000
0000
0110
0000
1001
0000
,  // measure 19
1100
0000
0010
0000
0101
0000
0011
0000
0110
0000
0001
1000
0001
0000
1010
0000
1100
0000
0010
0100
0010
0000
0101
0000
1000
0000
1010
0000
0100
0000
0011
0000
,  // measure 20
0101
0000
0010
0000
1000
0000
0100
0001
0100
0000
1000
0001
1000
0000
1001
0000
1100
0000
0010
0000
0001
0000
1000
0000
0100
0000
0010
0000
1100
0000
1010
0000
,  // measure 21
0011
0000
0100
0000
1001
0000
0101
0000
1100
0000
0010
1000
0010
0000
0101
0000
0011
0000
0100
0001
0100
0000
1010
0000
0001
0000
0100
0000
0001
0000
0100
1000
,  // measure 22
0100
0000
0001
0010
0001
0000
1100
0000
0101
0000
1000
0010
0100
0000
0011
0000
1010
0000
0001
1000
0001
0000
0110
0000
1000
0000
0100
0000
0010
0000
0001
0000
,  // measure 23
1010
0000
0010
1000
0100
0000
0011
0000
1100
0000
0010
1000
0100
0000
0101
0000
1010
0000
0100
0010
0001
0000
0011
0000
1100
0000
0010
1000
0010
0000
0101
0000
,  // measure 24
1010
0000
0000
0000
0000
0000
0100
0000
0000
0000
0000
0000
1100
0000
0000
0000
0011
0000
0000
0000
0000
0000
1000
0000
0000
0000
0000
0000
0110
0000
0000
0000
1001
0000
0000
0000
0000
0000
0001
0000
0000
0000
0000
0000
0001
0000
0000
0000
1000
0000
0000
0000
0000
1000
0000
0000
0000
0000
0000
1000
0000
0000
0000
0000
,  // measure 25
1001
0010
0000
0010
0100
0000
0100
1000
0000
1000
0100
0000
0010
0000
0001
0000
,  // measure 26
0001
0100
0000
0100
0010
0000
0010
1000
0000
1000
0100
0000
0010
0000
0010
0000
,  // measure 27
0010
0001
0000
0001
1000
0000
1000
0010
0000
0010
1000
0000
1000
0000
0100
0000
,  // measure 28
0100
0010
0000
0010
0001
0000
0001
0100
0000
0100
0010
0000
1000
0010
1000
0000
,  // measure 29
1000
0100
0000
0100
0010
0000
0010
0001
0000
0001
0100
0000
0001
0100
0001
0000
,  // measure 30
0001
1000
0000
1000
0100
0000
0100
1000
0000
1000
0010
0000
0010
0100
0010
0000
,  // measure 31
0100
0001
0000
0001
0010
0000
0010
0100
0000
0100
1000
0000
0010
1000
0010
0000
,  // measure 32
0010
0100
0000
0100
0001
0000
0001
0100
0000
0100
0010
0000
1000
0010
1000
0000
,  // measure 33
1000
0100
0000
0100
0001
0000
0001
0100
0000
0100
1000
0000
0001
0100
0001
0000
,  // measure 34
0001
0010
0000
0010
1000
0000
1000
0010
0000
0010
0001
0000
1000
0010
1000
0000
,  // measure 35
1000
0100
0000
0100
0001
0000
0001
0100
0000
0100
0010
0000
0010
0001
1000
0000
,  // measure 36
1001
0000
0000
0110
0000
0000
0011
0000
0000
1010
0000
0000
1100
0000
0110
0000
,  // measure 37
0011
0000
0000
0101
0000
0000
0100
0001
0000
0001
0010
0000
0100
0000
1000
0000
,  // measure 38
1010
0000
0000
0110
0000
0000
0101
0000
0000
0011
0000
0000
1100
0000
0110
0000
,  // measure 39
1001
0000
0000
1100
0000
0000
0010
1000
0000
1000
0100
0000
0010
0000
1001
0000
,  // measure 40
0101
1001
1100
1001
0011
1001
1010
1001
,  // measure 41
0010
0000
1000
0000
0001
0100
0000
0100
0001
0000
0010
0000
0100
1000
0000
1000
,  // measure 42
0001
0000
0010
0000
0100
1000
0000
1000
0100
0000
0010
0000
0001
0000
0100
0000
,  // measure 43
0001
0000
0010
0000
0100
1000
0000
1000
0100
0000
0010
0000
0001
0100
0000
0100
,  // measure 44
0001
0000
1000
0000
0010
0100
0000
0100
0010
0000
0100
0000
0001
0000
1000
0000
,  // measure 45
0010
0000
1000
0000
0001
0010
0000
0010
0001
0000
1000
0000
0001
0100
0000
0100
,  // measure 46
0010
0000
1000
0000
0010
0100
0000
0100
0010
0000
1000
0000
0100
0000
0010
0000
,  // measure 47
0001
0000
0100
0000
0010
1000
0000
1000
0010
0000
0100
0000
0001
0010
0000
0010
,  // measure 48
0001
0000
0010
0000
0100
1000
0000
1000
0100
0000
0010
0000
0001
0000
0001
0000
,  // measure 49
0000
0000
0100
0010
0000
0100
0010
0000
0100
0010
0000
0100
0010
0000
0100
0000
,  // measure 50
0000
0000
0100
0001
0000
0100
0001
0000
0100
0001
0000
0100
0001
0000
0100
0000
,  // measure 51
0000
0000
1000
0010
0000
1000
0010
0000
1000
0010
0000
1000
0010
0000
1000
0000
,  // measure 52
0000
0000
0001
0100
0000
0001
0100
0000
0001
0100
0000
0001
0100
0000
0001
0000
,  // measure 53
0000
0000
0010
0100
0000
0010
0001
0000
0010
0100
0000
0010
1000
0000
0100
0000
,  // measure 54
0000
0000
0010
0001
0000
0010
1000
0000
0010
0001
0000
0010
0100
0000
1000
0000
,  // measure 55
0000
0000
0010
1000
0000
0010
0100
0000
0001
0100
0000
0001
0010
0000
0100
0000
,  // measure 56
0000
0000
1000
0010
0000
0100
0010
0000
1000
0100
0000
0010
0100
0000
1000
0000
,  // measure 57
2000
0000
0100
0000
0000
0001
0000
0000
0010
0000
0000
0001
0000
0000
0100
0000
,  // measure 58
3020
0000
0001
0000
0000
0100
0000
0000
1000
0000
0000
0100
0000
0000
0001
0000
,  // measure 59
2030
0000
0100
0000
0000
0010
0000
0000
0001
0000
0000
0010
0000
0000
0100
0000
,  // measure 60
3200
0000
0010
0000
0000
0001
0000
0000
1000
0000
0000
0001
0000
0000
0010
0000
,  // measure 61
2300
0000
0010
0000
0000
0100
0000
0000
0010
0000
0000
0001
0000
0000
0010
0000
,  // measure 62
3200
0000
0001
0000
0000
0010
0000
0000
1000
0000
0000
0010
0000
0000
0001
0000
,  // measure 63
0320
0000
1000
0000
0000
0001
0000
0000
1000
0000
0000
0001
0000
0000
1000
0000
,  // measure 64
0032
0000
0100
0000
0000
0010
0000
0000
0100
0000
0000
1000
0000
0000
0100
0000
,  // measure 65
1003
0000
0010
0100
0000
0010
0100
0000
0010
0100
0000
0010
0100
0000
0100
0000
,  // measure 66
1010
0000
0010
0001
0000
0100
0001
0000
0100
0010
0000
0100
0010
0000
0001
0000
,  // measure 67
0011
0000
1000
0100
0000
1000
0010
0000
0100
0010
0000
0100
0001
0000
0010
0000
,  // measure 68
1001
0000
0010
0001
0000
0100
0010
0000
1000
0100
0000
1000
0010
0000
0100
0000
,  // measure 69
1001
0000
0100
0001
0000
1000
0010
0000
1000
0001
0000
0010
0001
0000
0100
0000
,  // measure 70
1001
0000
0010
1000
0000
0001
0010
0000
0001
1000
0000
0010
1000
0000
0100
0000
,  // measure 71
1010
0001
0100
0001
1000
0010
1000
0001
,  // measure 72
1000
0100
1000
0000
1000
0010
1000
0000
0001
0010
0001
0010
0100
1000
0100
1000
,  // measure 73
0001
0000
0001
0010
0000
0100
1000
0000
0001
0100
0000
0010
1000
0000
0100
0000
,  // measure 74
0000
0000
0100
1000
0000
0001
0100
0000
0010
1000
0000
0001
0010
0000
0100
0000
,  // measure 75
0000
0000
1000
0100
0000
0001
0100
0000
1000
0100
0000
0001
0100
0000
1000
0000
,  // measure 76
0002
0000
0010
0000
0000
0100
0000
0000
0010
0000
0000
1000
0000
0000
0100
0000
,  // measure 77
0000
0000
1000
0000
0000
0010
0000
0000
0100
0000
0000
1000
0000
0000
0100
0000
,  // measure 78
0000
0000
0010
0000
0000
1000
0000
0000
0100
0000
0000
1000
0000
0000
0020
0000
,  // measure 79
0000
0000
0000
0000
0000
0000
0000
0033
1001
0000
0000
0110
0000
0000
0000
0000
,  // measure 80
0000
0000
0000
0000
0000
0000
0110
0000
1001
0000
0000
1100
0000
0000
0101
0000
,  // measure 81
0000
0110
0000
0000
0011
0000
0110
0000
1001
0000
0000
1100
0000
0000
0000
0000
,  // measure 82
0000
0000
0000
0000
0000
0000
1010
0000
0110
0000
0000
0101
0000
0000
1001
0000
,  // measure 83
0000
1010
0000
0000
0110
0000
0011
0000
1001
0000
0000
1010
0000
0000
0000
0000
,  // measure 84
0000
0000
0000
0000
0000
0000
1100
0000
1001
0000
0000
0011
0000
0000
1010
0000
,  // measure 85
0000
0110
0000
0000
1100
0000
1001
0000
0101
0000
0000
1001
0000
0000
0000
0000
,  // measure 86
0000
0000
0000
0110
1010
0110
0011
0110
,  // measure 87
1100
0000
0110
0000
0101
0000
0000
0000
1000
0000
0001
0010
0001
0010
0000
0100
,  // measure 88
1000
0000
0010
0100
0010
0100
0000
0001
1000
0000
0100
0010
0100
0010
0000
0001
,  // measure 89
0100
0000
1010
0000
0101
0000
0000
0000
1000
0000
0001
0100
0001
0100
0000
0010
,  // measure 90
1000
0000
0100
1000
0100
1000
0000
0010
0100
0000
0001
0010
0001
0010
0000
0001
,  // measure 91
0100
0000
0011
0000
1100
0000
0000
0000
1000
0000
0010
0000
0100
0001
0000
0001
,  // measure 92
0100
0000
0010
0000
1000
0100
0000
0100
1000
0000
0001
0000
0010
0100
0000
0100
,  // measure 93
0010
0000
0001
0000
1000
0000
0100
0000
0010
0000
0001
0000
0100
0010
0000
0010
,  // measure 94
0100
0000
0001
0000
0010
0100
0000
0100
0010
0000
0001
0000
1000
0010
0000
0010
,  // measure 95
1000
0000
0100
0000
0010
0000
0001
0000
0100
0000
0010
0000
1000
0001
0000
0001
,  // measure 96
1000
0000
0001
0000
0100
0010
0000
0010
1000
0000
0100
0000
0010
0001
0000
0001
,  // measure 97
0100
0000
0010
0000
1000
0000
0100
0000
0010
0000
0001
0000
0100
1000
0000
1000
,  // measure 98
0100
0000
0001
0000
0010
1000
0000
1000
0010
0000
0001
0000
1000
0010
0000
0010
,  // measure 99
1000
0000
0001
0000
0010
0000
0100
0000
2000
0000
0000
0001
0000
0000
0001
0000
,  // measure 100
0001
0000
0000
0010
0000
0000
0010
0000
3200
0000
0000
0001
0000
0000
0020
0300
,  // measure 101
0000
0000
0000
0000
0002
0030
0000
0000
2003
0000
0000
0100
0000
0000
0010
0000
,  // measure 102
0010
0000
0000
0001
0000
0000
0001
0000
3020
0000
0000
0100
0000
0000
0032
0000
,  // measure 103
0000
0000
0000
0000
0023
0000
0000
0000
2030
0000
0000
0100
0000
0000
0001
0000
,  // measure 104
0001
0000
0000
0010
0000
0000
0010
0000
3200
0000
0000
0001
0000
0000
0320
0000
,  // measure 105
0000
0000
2030
0000
3010
0001
0100
0010
,  // measure 106
1000
0000
0100
0000
0010
0000
0001
0000
1000
0010
1000
0000
0001
0010
0001
0000
,  // measure 107
1000
0010
1000
0010
0100
0001
0100
0001
0100
0000
0001
0000
1100
0000
0000
0000
,  // measure 108
0000
0000
1001
0000
0000
0000
0110
0000
0000
0000
1000
0001
0100
0000
0010
0000
,  // measure 109
1100
0000
1001
0000
0110
1000
0011
0000
,  // measure 110
0000
0000
0101
0000
0000
0000
1100
0000
0000
0000
0100
0001
0010
0000
0100
0000
,  // measure 111
1010
0000
0101
0000
0011
1000
1100
0000
,  // measure 112
0000
0000
0110
0000
0000
0000
0011
0000
0000
0000
0001
1000
0100
0000
0010
0000
,  // measure 113
1001
0000
1100
0000
1010
0001
0110
0000
,  // measure 114
0000
0000
1001
0000
0000
0000
1010
0000
0000
0000
0001
0100
0010
0000
1000
0000
,  // measure 115
1001
0000
0000
0000
0000
0000
0010
0001
0100
0000
0000
0000
0000
0000
0010
1000
,  // measure 116
0100
0000
0000
0010
0000
0000
0001
0000
0010
0000
0000
1000
0000
0000
0101
0000
,  // measure 117
0000
0110
0000
0000
1010
0000
0100
0010
0001
0000
0000
0000
0000
0000
1000
0001
,  // measure 118
0100
0000
0000
0010
0000
0000
1000
0000
0001
0000
0000
0100
0000
0000
1010
0000
,  // measure 119
0000
1001
0000
0000
0101
0000
1000
0010
1000
0000
0000
0000
0000
0000
0010
1000
,  // measure 120
0010
0000
0000
0100
0000
0000
0001
0000
1000
0000
0000
0100
0000
0000
0011
0000
,  // measure 121
0000
0110
0000
0000
1100
0000
0001
0010
0001
0000
1000
0000
0010
0000
0100
0000
,  // measure 122
0001
0000
1000
0000
0010
0000
0100
0000
0001
0010
0001
0000
0001
0100
0001
0000
,  // measure 123
1000
0100
1000
0100
0010
0001
0010
0001
2000
0000
0000
0000
0000
0000
0000
0000
,  // measure 124
0002
3000
0000
0200
0003
0000
0320
0000
2000
0030
0000
0000
0000
0000
0000
0000
,  // measure 125
0002
3000
0000
0020
0003
0000
0230
0000
2300
0010
0000
0100
0000
0100
0000
0010
,  // measure 126
3020
0000
0000
0200
0030
0000
2300
0010
3200
0000
0010
0010
0000
0000
0001
0001
,  // measure 127
0300
0000
0000
0000
0001
0000
0001
0000
0000
1000
0001
1000
0001
1000
0001
1000
0002
0000
0000
0000
1000
0000
0000
0000
0000
0000
0000
0000
0010
0000
0000
0000
,  // measure 128
0000
1000
0000
0010
0200
0003
0000
0020
,  // measure 129
0300
0000
2030
0000
3020
1000
0000
0001
,  // measure 130
0000
1000
0000
0100
0002
0030
0000
0020
,  // measure 131
0003
0000
2030
0000
3200
0010
0000
1000
,  // measure 132
0000
0010
0000
1000
0002
0300
0000
0200
,  // measure 133
0003
0000
2300
0000
3002
0010
0000
1000
,  // measure 134
0000
0100
0000
0010
2000
0003
0000
0200
,  // measure 135
3000
0000
0020
0300
0031
0010
0001
0100
,  // measure 136
0010
1000
0100
1000
0010
1000
0100
0010
,  // measure 137
0001
0010
0100
0010
0001
0100
0010
1000
,  // measure 138
0001
0100
0010
1000
0100
0010
0001
1000
,  // measure 139
0100
0010
0001
0100
0010
1000
0100
0010
,  // measure 140
0001
0100
1000
0100
0001
0010
0001
1000
,  // measure 141
0100
0010
1000
0010
0001
0100
1000
0100
,  // measure 142
0001
0010
1000
0010
0001
0100
1000
0100
,  // measure 143
0001
0000
0010
0000
0100
0000
1000
0000
1001
0000
0001
0100
0000
0100
0010
0000
,  // measure 144
0010
1000
0000
1000
0100
0000
0010
0000
1001
0000
0100
0010
0000
0010
0001
0000
,  // measure 145
0001
0010
0000
0010
0100
0000
1000
0000
1001
0000
0100
0010
0000
0010
1000
0000
,  // measure 146
1000
0100
0000
0100
0010
0000
0001
0000
1001
0000
0010
1000
0000
1000
0001
0000
,  // measure 147
0001
0010
0000
0010
0001
0000
1000
0000
0110
0000
0001
0010
0000
0010
1000
0000
,  // measure 148
1000
0010
0000
0010
0001
0000
0001
0000
0110
0000
1000
0010
0000
0010
0001
0000
,  // measure 149
0001
0010
0000
0010
1000
0000
0001
0000
0110
0000
1000
0100
0000
0100
0001
0000
,  // measure 150
0001
0100
0000
0100
1000
0000
0001
0000
0110
0000
0010
0001
0000
0001
0100
0000
,  // measure 151
0100
1000
0000
1000
0100
0000
0001
0000
1000
0000
0010
0100
0010
0100
0000
0001
,  // measure 152
0010
0000
0010
0100
0010
0100
0000
1000
0010
0000
0100
0001
0100
0001
0000
0010
,  // measure 153
0100
0000
1001
0000
0110
0000
0000
0000
0001
0000
0010
0100
0010
0100
0000
1000
,  // measure 154
0001
0000
0100
0010
0100
0010
0000
1000
0001
0000
0010
0100
0010
0100
0000
1000
,  // measure 155
0001
0000
1010
0000
0011
0000
0000
0000
0010
0000
1000
0001
0010
0001
0000
0100
,  // measure 156
0010
0000
1000
0100
0010
0100
0000
0010
0001
0000
1000
0010
0100
0010
0000
0100
,  // measure 157
0001
0000
1100
0000
0101
0000
0000
0000
1000
0000
0100
0001
0010
0001
0000
0100
,  // measure 158
0010
0000
1000
0100
1000
0010
0000
1000
0010
0000
0100
0001
0100
0010
0000
1000
,  // measure 159
0100
0011
1100
0000
1000
0100
0001
0010
,  // measure 160
0001
0100
1000
0100
0001
0010
1000
0010
,  // measure 161
0001
1000
0010
0001
0010
0100
0001
0010
,  // measure 162
0100
1000
0010
0100
1000
0100
0001
0010
,  // measure 163
0001
0100
1000
0100
0001
0010
1000
0010
,  // measure 164
0001
0100
0010
1000
0100
0001
0100
1000
,  // measure 165
0010
1000
0100
0001
0100
1000
0100
0010
,  // measure 166
0001
0000
0010
0000
1000
0000
0010
0000
0001
1000
0001
0000
1000
0001
1000
0000
,  // measure 167
0010
0100
0010
0100
0010
0100
0010
0100
0001
0000
1000
0100
0010
0000
0001
0010
,  // measure 168
0100
0000
0000
0010
0000
0000
0100
0000
0001
0000
0000
1000
0000
0000
0100
0000
0000
0000
0010
0000
0001
0000
1000
0000
0100
0000
0000
0000
0000
0000
0001
0000
,  // measure 169
0100
0000
0000
1000
0000
0000
0010
0000
0100
0000
0001
0000
0010
0000
0100
0000
1000
0000
0001
0000
0010
0000
0100
0000
1000
0000
0000
0000
0010
0000
0001
0000
,  // measure 170
0100
0000
0000
0010
0000
0000
1000
0000
0100
0000
0000
1000
0000
0000
0010
0000
0000
0000
0100
0000
0010
0000
0001
0000
0100
0000
0000
0000
0000
0000
1000
0100
,  // measure 171
0010
0000
0000
0001
0000
0000
0100
0000
0010
0000
1000
0000
0001
0000
0100
0000
0010
0000
1000
0000
0001
0000
0010
0000
0001
0000
0000
0100
0000
0000
0010
0000
,  // measure 172
1000
0000
0000
0100
0000
0000
0010
0000
0001
0000
0000
0100
0000
0000
0010
0000
1000
0000
0001
0000
0100
0000
0010
0100
0010
0000
0000
1000
0000
0000
0100
0000
,  // measure 173
0010
0000
0000
0001
0000
0000
1000
0000
0100
0000
0000
0010
0000
0000
0001
0000
0010
0000
0100
0000
1000
0000
0010
0000
0100
0000
0000
0001
0000
0000
0010
0000
,  // measure 174
0100
0000
0000
0010
0000
0000
0001
0000
0100
0000
0000
0010
0000
0000
0001
0000
1000
0000
0000
0100
0000
0000
0010
0000
0001
0100
0001
0100
0010
1000
0010
1000
,  // measure 175
0100
1000
0100
1000
0010
0100
0010
0100
0001
0000
0000
0000
0000
0000
0000
0000
0001
0000
0000
0010
0000
0000
1000
0000
0000
0000
0000
0000
0000
0000
0001
0000
,  // measure 176
1001
0000
0000
0000
0000
0000
1000
0000
0100
0000
0000
0001
0000
0000
0010
0000
0001
0000
0000
0100
0000
0000
1001
0000
0000
0000
0000
0000
0000
0000
0100
0000
,  // measure 177
0110
0000
0000
0000
0000
0000
0100
0000
1010
0000
0000
0001
0000
0000
0100
0000
0011
0000
0000
0100
0000
0000
1001
0000
0000
0000
0000
0000
0000
0000
0100
0000
,  // measure 178
0101
0000
0000
0000
0000
0000
1000
0000
0010
0000
0000
0001
0000
0000
0100
0000
1000
0000
0000
0010
0000
0000
0100
0000
1000
0000
0000
0010
0000
0000
0001
0000
,  // measure 179
0100
0000
0000
0001
0000
0000
0010
0000
1001
0000
0000
0000
0000
0000
0000
0000
1000
0000
0000
0000
0000
0000
0110
0000
0000
0000
0000
0000
0101
0000
0000
0000
,  // measure 180
0010
1000
0001
0100
0010
1000
0000
0100
,  // measure 181
1001
0000
0000
1000
0000
0000
0001
0000
0110
0000
0000
0011
0000
0000
1100
0000
,  // measure 182
0000
0010
0100
1000
0010
0100
0000
1000
,  // measure 183
0110
0000
0000
1000
0000
0000
0100
0000
0010
0001
0010
0001
0010
0000
0100
1000
,  // measure 184
0100
1000
0100
0000
1000
0001
1000
0001
1000
0000
0010
0100
0010
0100
0010
0000
,  // measure 185
1000
0100
0010
0100
1000
0000
0100
0010
0100
1000
0100
0000
0010
0001
0010
0100
,  // measure 186
0010
0000
0001
1000
0100
1000
0001
0000
0100
0010
1000
0010
0100
0000
0001
0010
,  // measure 187
0100
1000
0001
0010
0100
1000
0010
0100
0001
0000
0000
0000
1000
0000
0001
0000
,  // measure 188
0110
0000
0000
0000
0001
0000
0010
0000
0100
0000
0000
1000
0000
0000
0100
0000
,  // measure 189
0001
0000
0000
0100
0000
0000
1000
0000
0000
0000
0010
0000
1000
0000
0100
0000
,  // measure 190
1001
0000
0000
0000
0000
0000
0010
0000
0001
0000
0000
1000
0000
0000
0100
0000
,  // measure 191
2010
0000
0010
0000
3010
0000
0001
0100
,  // measure 192
0011
0000
0000
0000
1000
0000
0010
0000
1000
0000
0000
0100
0000
0000
0010
0000
,  // measure 193
1000
0000
0000
0010
0000
0000
0001
0000
0000
0000
1000
0000
0010
0000
0100
0000
,  // measure 194
1001
0000
0000
0000
0000
0000
0001
0100
0010
0000
0000
1000
0000
0000
0010
0000
,  // measure 195
2001
0000
0100
0000
3001
0000
0010
0100
,  // measure 196
1100
0000
0000
0001
0000
0000
0100
0000
0011
0000
0000
0100
0000
0000
1000
0000
,  // measure 197
0110
0000
0000
1000
0000
0000
0100
0000
0000
0000
0000
0000
0000
0000
0100
0010
,  // measure 198
0001
0000
0000
1000
0000
0000
0010
0000
1000
0000
0000
0001
0000
0000
0010
0000
,  // measure 199
0100
0000
0000
1000
0000
0000
0001
0000
0000
0000
0000
0000
0000
0000
0000
0000
,  // measure 200
0020
0000
0000
0100
0000
0000
0100
0000
2030
0000
0000
0010
0000
0000
0010
0000
,  // measure 201
3200
0000
0000
0001
0000
0000
0001
0000
0320
0000
0000
1000
0000
0000
1030
0000
,  // measure 202
0001
0100
0001
0100
0010
0100
0010
0100
0010
1000
0010
1000
0010
1000
0100
1000
,  // measure 203
0100
0000
0010
0000
0001
0010
0100
1000
,  // measure 204
0110
0000
0000
0000
1000
0000
0010
0000
0100
0000
0000
0001
0000
0000
0010
0000
,  // measure 205
1000
0000
0000
0010
0000
0000
0001
0000
0000
0000
1000
0000
0010
0000
0100
0000
,  // measure 206
1010
0000
0000
0000
0000
0000
0001
0000
0010
0000
0000
1000
0000
0000
0010
0000
,  // measure 207
2100
0000
0010
0000
3100
0000
1000
0010
,  // measure 208
0101
0000
0000
0000
0010
0000
1000
0000
0100
0000
0000
0100
0000
0000
0010
0000
,  // measure 209
0001
0000
0000
1000
0000
0000
1000
0000
0000
0000
0100
0000
0010
0000
0001
0000
,  // measure 210
0110
0000
0000
0000
0000
0000
0010
0100
0010
0000
0000
1000
0000
0000
0100
0000
,  // measure 211
1020
0000
0001
0000
1030
0000
0001
0010
,  // measure 212
0110
0000
0000
0010
0000
0000
0001
0000
1010
0000
0000
0010
0000
0000
1000
0000
,  // measure 213
0101
0000
0000
0100
0000
0000
0010
0000
0000
0000
0000
0000
0000
0000
0010
0001
,  // measure 214
0100
0000
0000
0010
0000
0000
1000
0000
0011
0000
0000
0100
0000
0000
0010
0000
,  // measure 215
1100
0000
0000
0001
0000
0000
0100
0000
0000
0000
0000
0000
0000
0000
0000
0000
,  // measure 216
1010
0000
0000
0100
0000
0000
0001
0000
1010
0000
0000
0100
0000
0000
0010
0000
,  // measure 217
1100
0000
0000
0010
0000
0000
1000
0000
0101
0000
0000
0100
0000
0000
1000
0000
,  // measure 218
0011
0000
0000
0110
0000
0000
0001
0000
1010
0000
0000
0011
0000
0000
0100
0000
,  // measure 219
1010
0000
0000
0101
0000
0000
1100
0000
0110
0000
0000
0011
0000
0000
1001
0000
,  // measure 220
1100
0000
0010
0000
0001
0100
0000
0001
0100
0000
0010
0000
1000
0100
0000
1000
,  // measure 221
0100
0000
0010
0000
0001
0100
0000
0001
0010
0000
0100
0000
1000
0000
0010
0000
,  // measure 222
0100
0000
0001
0000
0010
0001
0000
0010
0001
0000
0100
0000
0010
1000
0000
0010
,  // measure 223
1000
0000
0100
0000
0010
0001
0000
1000
0001
0000
0100
0000
0010
0000
1000
0000
,  // measure 224
0100
0000
0010
0000
0001
0100
0000
0001
0100
0000
0010
0000
1000
0001
0000
1000
,  // measure 225
0001
0000
0100
0000
0010
1000
0000
0010
0100
0000
0001
0000
0010
0000
0100
0000
,  // measure 226
1000
0000
0010
0000
0100
0001
0000
0100
0001
0000
1000
0000
0100
0010
0000
0100
,  // measure 227
0010
0000
0001
0000
1000
0010
0000
1000
0100
0000
0010
0000
0001
0000
0100
0000
,  // measure 228
0010
1000
0000
1000
0100
0000
0100
0010
0000
0010
0001
0000
0001
0000
0100
0000
,  // measure 229
0100
0010
0000
0010
1000
0000
1000
0100
0000
0100
0010
0000
0010
0000
0001
0000
,  // measure 230
0001
1000
0000
1000
0010
0000
0010
1000
0000
1000
0100
0000
0100
0000
0010
0000
,  // measure 231
0010
0001
0000
0001
0100
0000
0100
0010
0000
0010
1000
0000
1000
0000
0001
0000
,  // measure 232
0001
0010
0000
0010
1000
0000
1000
0010
0000
0010
0001
0000
0001
0000
0100
0000
,  // measure 233
0100
0001
0000
0001
0010
0000
0010
1000
0000
1000
0010
0000
0010
0000
0001
0000
,  // measure 234
0001
1000
0000
1000
0010
0000
0010
0100
0000
0100
0001
0000
0001
0000
0010
0000
,  // measure 235
0001
0010
0100
0000
1000
0010
0100
0000
0001
0010
0100
1000
0001
0010
0100
1000
,  // measure 236
0020
0000
0000
0000
0000
0000
0200
0000
0030
0000
0000
0000
2000
0300
0000
0000
,  // measure 237
0020
3000
0030
1000
1000
1000
0000
0000
0000
0010
0010
0010
,  // measure 238
0000
0000
0000
0001
0001
0001
0100
0100
0100
1001
0000
0000
;

//---------------dance-single - ----------------
#NOTES:
     dance-single:
     :
     Medium:
     7:
     0.390,0.475,0.130,0.164,0.282,1159.000,62.000,78.000,0.000,0.000:  // measure 1
0000
0000
0000
0000
,  // measure 2
0000
0000
0000
0000
,  // measure 3
0000
0000
2000
0000
0000
0000
0000
0000
0000
3020
0000
0000
0000
0000
0000
0000
,  // measure 4
0000
0230
0000
0302
0000
2003
0000
3000
,  // measure 5
0001
0010
0100
1000
0001
0010
0100
1000
,  // measure 6
0001
0100
0001
0100
0001
0100
0010
1000
,  // measure 7
1000
0100
0010
0001
1000
0100
0010
0001
,  // measure 8
1000
0000
0010
0000
1000
0000
0010
0000
1000
0000
0010
0000
1000
0000
0001
0010
,  // measure 9
0001
0000
0000
0001
0100
0000
0000
0100
0001
0000
0000
0001
0000
0000
0010
0100
,  // measure 10
1000
0000
0000
1000
0100
0000
0000
0100
1000
0000
0000
0000
0000
0000
1000
0100
,  // measure 11
0010
0000
0000
0010
0001
0000
0000
0001
0100
0000
0000
0100
0000
0000
0100
1000
,  // measure 12
0010
0000
0000
0010
0001
0000
0000
0001
0010
0000
0000
0000
0000
0000
0010
0001
,  // measure 13
0100
0000
0000
0100
0010
0000
0000
0010
1000
0000
0000
1000
0000
0000
0000
1000
,  // measure 14
0100
0000
0000
0100
0010
0000
0000
0010
0001
0000
0000
0001
0000
0000
0000
0000
,  // measure 15
0001
0000
0000
0001
0100
0000
0000
0100
0001
0000
0000
0001
1000
0000
0000
1000
,  // measure 16
0100
0000
0010
0000
0001
0000
0100
0000
0010
0000
0000
0000
0000
0000
1000
0001
,  // measure 17
0010
0000
0000
0010
0100
0000
0000
0100
1000
0000
0000
1000
0000
0000
0100
0010
,  // measure 18
0001
0000
0000
0001
0100
0000
0000
0100
0010
0000
0000
0000
0000
0000
0010
0001
,  // measure 19
0100
0000
0000
0100
0001
0000
0000
0001
0010
0000
0000
0010
0000
0000
0010
1000
,  // measure 20
0100
0000
0000
0100
0010
0000
0000
0010
0001
0000
0000
0000
0000
0000
0001
1000
,  // measure 21
0100
0000
0000
0100
0010
0000
0000
0010
0001
0000
0000
0001
0000
0000
0000
0001
,  // measure 22
1000
0000
0000
1000
0010
0000
0000
0010
1000
0000
0000
1000
0000
0000
0000
0000
,  // measure 23
0001
0000
0000
0001
0100
0000
0000
0100
0010
0000
0000
0010
1000
0000
0000
1000
,  // measure 24
0100
0000
0000
0000
0000
0000
0000
0000
0000
0000
0000
0000
0100
0000
0000
0000
1000
0000
0000
0000
0000
0000
0000
0000
0000
0000
0000
0000
1000
0000
0000
0000
0100
0000
0000
0000
0000
0000
0100
0000
0000
0000
0000
0000
0100
0000
0000
0000
0010
0000
0000
0000
0000
0010
0000
0000
0000
0000
0000
0010
0000
0000
0000
0000
,  // measure 25
0001
1000
0001
0100
,  // measure 26
0010
1000
0010
0100
,  // measure 27
0001
0010
0100
0000
1000
0000
0001
0000
,  // measure 28
0100
0010
1000
0000
0100
0000
0010
0000
,  // measure 29
0001
1000
0100
0000
0010
0000
0100
0000
,  // measure 30
1000
0001
0100
0000
0001
0000
1000
0000
,  // measure 31
0010
0100
0001
0000
0010
0000
0100
0000
,  // measure 32
1000
0010
0100
0000
0001
0000
0100
0010
,  // measure 33
2000
0000
0000
0000
,  // measure 34
0000
0000
0000
0000
0000
0000
3100
0010
,  // measure 35
0001
0000
0100
0000
0010
0000
0000
1000
,  // measure 36
0100
0000
0000
0010
0000
0000
0010
0000
0000
0001
0000
0000
0001
0000
0010
0000
,  // measure 37
0100
0000
0000
0100
0000
0000
0000
0000
0000
0000
0000
0000
0000
0000
0010
0000
,  // measure 38
0001
0000
0000
1000
0000
0000
1000
0000
0000
0010
0000
0000
0010
0000
1000
0000
,  // measure 39
0100
0000
0000
0100
0000
0000
0000
0000
0000
0000
0000
0000
0000
0000
1000
0000
,  // measure 40
0001
0010
0001
1000
0001
0010
0001
1000
,  // measure 41
0001
0000
0010
0000
0000
0010
0000
0000
0010
0000
0100
0000
0000
0100
0000
0000
,  // measure 42
0100
0000
1000
0000
0000
1000
0000
0000
1000
0000
0100
0000
0010
0000
0001
0000
,  // measure 43
0100
0000
0010
0000
0000
0010
0000
0000
0010
0000
1000
0000
0000
1000
0000
0000
,  // measure 44
1000
0000
0100
0000
0000
0100
0000
0000
0100
0000
0010
0000
0001
0000
1000
0000
,  // measure 45
0100
0000
0010
0000
0000
0010
0000
0000
0010
0000
0001
0000
0000
0001
0000
0000
,  // measure 46
0001
0000
1000
0000
0000
1000
0000
0000
1000
0000
0010
0000
0100
0000
0001
0000
,  // measure 47
0010
0000
0100
0000
0000
0100
0000
0000
0100
0000
1000
0000
0000
1000
0000
0000
,  // measure 48
1000
0000
0001
0000
0000
0001
0000
0000
0001
0000
0010
0000
0100
0000
1000
0000
,  // measure 49
0000
0000
1000
0000
0000
0100
0000
0000
1000
0000
0000
0100
0000
0000
0010
0000
,  // measure 50
0000
0000
0001
0000
0000
0100
0000
0000
0001
0000
0000
0100
0000
0000
0010
0000
,  // measure 51
0000
0000
1000
0000
0000
0100
0000
0000
1000
0000
0000
0100
0000
0000
0010
0000
,  // measure 52
0000
0000
0001
0000
0000
0100
0000
0000
0001
0000
0000
0100
0000
0000
0010
0000
,  // measure 53
0000
0000
1000
0000
0000
0100
0000
0000
0010
0000
0000
0100
0000
0000
1000
0000
,  // measure 54
0000
0000
0001
0000
0000
0010
0000
0000
0100
0000
0000
0010
0000
0000
0001
0000
,  // measure 55
0000
0000
1000
0000
0000
0010
0000
0000
0100
0000
0000
0010
0000
0000
1000
0000
,  // measure 56
0000
0000
0001
0000
0000
0100
0000
0000
0010
0000
0000
0100
0000
0000
0001
0000
,  // measure 57
0002
0000
0100
0000
,  // measure 58
0023
0000
1000
0000
,  // measure 59
0032
0000
0100
0000
,  // measure 60
2003
0000
0000
0000
0100
0000
0000
3000
,  // measure 61
0002
0000
1000
0000
,  // measure 62
0203
0000
0001
0000
,  // measure 63
0320
0000
0100
0000
,  // measure 64
2030
0000
0001
0000
,  // measure 65
3000
0000
0100
0000
0000
0100
0000
0000
0010
0000
0000
0010
0000
0000
0001
0000
,  // measure 66
0000
0000
1000
0000
0000
1000
0000
0000
0010
0000
0000
0010
0000
0000
0100
0000
,  // measure 67
0000
0000
0001
0000
0000
0001
0000
0000
1000
0000
0000
1000
0000
0000
0010
0000
,  // measure 68
0000
0000
1000
0000
0000
1000
0000
0000
0001
0000
0000
0001
0000
0000
0010
0000
,  // measure 69
0000
0000
0100
0000
0000
0100
0000
0000
1000
0000
0000
1000
0000
0000
0100
0000
,  // measure 70
0000
0000
0010
0000
0000
0010
0000
0000
0001
0000
0000
1000
0000
0000
1000
0000
,  // measure 71
0000
1001
0110
1010
,  // measure 72
0011
0000
1000
0010
1000
0010
1000
0010
,  // measure 73
1000
0000
0100
0000
0000
0010
0000
0000
0001
0000
0000
0010
0000
0000
0100
0000
,  // measure 74
0000
0000
1000
0000
0000
0010
0000
0000
0100
0000
0000
0001
0000
0000
0100
0000
,  // measure 75
0000
0000
0010
0000
0000
1000
0000
0000
0100
0000
0000
0010
0000
0000
0001
0000
,  // measure 76
0000
0002
0000
0000
0100
0000
0000
0000
,  // measure 77
0000
0000
1000
0000
,  // measure 78
0000
0000
0000
0000
0100
0000
0000
0200
,  // measure 79
0000
0000
0000
0000
0000
0000
0303
0000
1001
0000
0000
0010
0000
0000
0000
0000
,  // measure 80
0000
0000
0000
0000
0000
0000
1000
0000
0100
0000
0000
0100
0000
0000
0010
0000
,  // measure 81
0000
0010
0000
0000
0001
0000
0100
0000
0010
0000
0000
0010
0000
0000
0000
0000
,  // measure 82
0000
0000
0000
0000
0000
0000
1000
0000
0010
0000
0000
0010
0000
0000
1000
0000
,  // measure 83
0000
1000
0000
0000
0001
0000
0010
0000
0100
0000
0000
0100
0000
0000
0000
0000
,  // measure 84
0000
0000
0000
0000
0000
0000
0010
0000
0001
0000
0000
0001
0000
0000
0100
0000
,  // measure 85
0000
0100
0000
0000
0010
0000
1000
0000
0100
0000
0000
0100
0000
0000
0000
0000
,  // measure 86
0000
0000
0000
0010
0100
1000
0100
0010
,  // measure 87
0100
1000
0100
0000
1010
0000
0101
0000
,  // measure 88
1010
0101
0011
0110
,  // measure 89
1000
0001
1000
0000
0101
0000
0011
0000
,  // measure 90
1100
1010
0110
1001
,  // measure 91
0100
0000
0010
0000
0100
0000
0000
0000
0001
0000
0010
0000
0000
0010
0000
0000
,  // measure 92
0010
0000
0100
0000
0000
0100
0000
0000
0100
0000
1000
0000
0000
1000
0000
0000
,  // measure 93
1000
0000
0100
0000
0010
0000
0001
0000
0100
0000
0010
0000
0000
0010
0000
0000
,  // measure 94
0010
0000
1000
0000
0000
1000
0000
0000
1000
0000
0100
0000
0000
0100
0000
0000
,  // measure 95
0100
0000
0010
0000
0001
0000
1000
0000
0100
0000
0010
0000
0000
0010
0000
0000
,  // measure 96
0010
0000
0001
0000
0000
0001
0000
0000
0001
0000
0010
0000
0000
0010
0000
0000
,  // measure 97
0010
0000
0001
0000
0100
0000
0010
0000
1000
0000
0100
0000
0000
0100
0000
0000
,  // measure 98
0100
0000
0010
0000
0000
0010
0000
0000
0010
0000
0001
0000
0000
0001
0000
0000
,  // measure 99
0001
0010
0100
1000
0002
0000
0000
0000
,  // measure 100
0000
0000
0000
0000
0203
0000
0000
0320
,  // measure 101
0000
2030
3002
0000
,  // measure 102
0000
0000
0000
0000
0023
0000
0000
0230
,  // measure 103
0000
0320
0032
0000
,  // measure 104
0000
0000
0000
0000
0203
0000
0000
0320
,  // measure 105
0000
2030
3020
0000
,  // measure 106
0000
0000
0000
0000
0230
0000
0000
0302
,  // measure 107
0000
0000
2003
0000
3001
0010
0001
0000
,  // measure 108
0000
0110
0000
1001
0000
0010
0001
0100
,  // measure 109
0010
0000
1001
0000
0100
0010
1000
0000
,  // measure 110
0000
1100
0000
0101
0000
0010
1000
0100
,  // measure 111
0010
0000
1001
0000
0100
1000
0010
0000
,  // measure 112
0000
1010
0000
0101
0000
0010
0001
0100
,  // measure 113
0010
0000
1100
0000
0010
1000
0010
0000
,  // measure 114
0000
1010
0000
0011
0000
0100
0010
0001
,  // measure 115
0100
0000
0000
1000
0100
0000
0000
0100
,  // measure 116
1000
0000
0000
0010
0000
0000
1000
0000
0010
0000
0000
0100
0000
0000
0001
0000
,  // measure 117
0000
0000
0000
0001
0100
0000
0000
0100
,  // measure 118
0001
0000
0000
0010
0000
0000
0001
0000
0010
0000
0000
0100
0000
0000
1000
0000
,  // measure 119
0000
0000
0000
0010
0100
0000
0000
0100
,  // measure 120
0010
0000
0000
1000
0000
0000
0010
0000
0100
0000
0000
0001
0000
0000
0010
0000
,  // measure 121
0000
0000
0000
0100
1000
0000
0000
1000
,  // measure 122
0100
0000
0000
0001
0000
0000
0100
0000
1000
0000
0000
0010
0000
0000
0100
0000
,  // measure 123
0000
0000
1002
0000
,  // measure 124
2000
0003
0000
0200
3000
0000
0320
0000
0002
0030
0000
0000
0000
0000
0000
0000
,  // measure 125
2000
0003
0000
3020
0000
0000
0230
0000
0002
0300
0000
0000
0000
0000
0000
0000
,  // measure 126
0023
0000
0000
0200
0030
0000
2300
0000
0200
3000
0000
0000
0000
0000
0000
0000
,  // measure 127
0020
0300
0000
0032
0000
0000
0203
0000
0020
0300
0000
0000
0000
0000
0000
0000
,  // measure 128
0000
0000
0000
0000
0230
0000
0000
0002
,  // measure 129
0300
2003
3020
0000
,  // measure 130
0000
0000
0000
0000
2000
0030
0000
0200
,  // measure 131
3000
0320
0230
0000
,  // measure 132
0000
0000
0000
0000
2000
0300
0000
0002
,  // measure 133
3000
0000
0200
0003
0020
0300
0000
0000
,  // measure 134
0000
0000
0000
0000
0200
0030
0000
0002
,  // measure 135
0300
2003
3100
0010
,  // measure 136
0001
0100
1000
0010
,  // measure 137
0001
1000
0010
0001
,  // measure 138
0100
0010
0001
0100
,  // measure 139
1000
0010
0100
1000
,  // measure 140
0010
0001
0100
0001
,  // measure 141
0010
1000
0100
0001
,  // measure 142
0010
1000
0001
0100
,  // measure 143
1000
0000
0000
0000
0001
0000
0000
0000
0001
0000
1000
0000
0000
0010
0000
0000
,  // measure 144
1000
0000
0000
0001
0000
0000
0010
0000
0000
0000
0001
0000
0000
1000
0000
0000
,  // measure 145
0100
0000
0000
1000
0000
0000
0001
0000
0000
0000
1000
0000
0000
0100
0000
0000
,  // measure 146
0010
0000
0000
0001
0000
0000
0100
0000
0000
0000
0010
0000
0000
1000
0000
0000
,  // measure 147
0100
0000
0000
0010
0000
0000
0001
0000
0000
0000
1000
0000
0000
0001
0000
0000
,  // measure 148
0100
0000
0000
0001
0000
0000
1000
0000
0000
0000
0010
0000
0000
0100
0000
0000
,  // measure 149
0001
0000
0000
0100
0000
0000
0010
0000
0000
0000
1000
0000
0000
0010
0000
0000
,  // measure 150
0100
0000
0000
0001
0000
0000
0010
0000
0000
0000
0100
0000
0000
1000
0000
0000
,  // measure 151
0100
0000
0000
0010
0000
0000
0001
0000
0100
0000
0000
0000
1001
0000
0000
0000
,  // measure 152
1100
0110
0011
1001
,  // measure 153
1000
0100
0010
0000
0101
0000
1100
0000
,  // measure 154
0011
1010
1001
0110
,  // measure 155
0001
0010
0100
0000
1001
0000
0110
0000
,  // measure 156
1100
1010
0011
0101
,  // measure 157
1000
0010
0100
0000
0011
0000
1100
0000
,  // measure 158
0101
1010
1100
0011
,  // measure 159
1000
0001
0010
0000
2010
0000
0010
0000
,  // measure 160
0010
0010
3200
0001
,  // measure 161
0001
0001
0320
0100
,  // measure 162
0100
0100
0032
1000
,  // measure 163
1000
1000
2003
0001
,  // measure 164
0100
0001
3020
0100
,  // measure 165
0001
0100
0230
0001
,  // measure 166
1000
0001
0302
0010
,  // measure 167
1000
0000
0000
0000
0010
0000
0003
0000
0000
0000
0100
0010
0001
0000
0000
0001
,  // measure 168
0010
0000
0000
0010
0100
0000
0000
0100
0000
0000
1000
0010
0100
0000
0000
0100
,  // measure 169
0001
0000
0000
0001
0100
0000
0000
0000
0000
0000
0010
0100
1000
0000
0000
1000
,  // measure 170
0010
0000
0000
0010
0100
0000
0000
0001
0000
0000
0010
0100
1000
0000
0000
1000
,  // measure 171
0001
0000
0000
0001
1000
0000
0000
0000
0000
0000
0010
0001
0100
0000
0000
0100
,  // measure 172
0010
0000
0000
0010
1000
0000
0000
1000
0000
0000
0000
0010
0100
0000
0000
0100
,  // measure 173
0010
0000
0000
0010
1000
0000
0000
1000
0000
0000
0000
0000
0010
0000
0000
0010
,  // measure 174
0100
0000
0000
0100
0001
0000
0000
0001
0010
0000
0000
0010
0001
0000
1000
0000
,  // measure 175
0100
0000
0010
0000
1001
0000
0000
0000
0010
0000
0000
0010
0000
0000
0000
0000
,  // measure 176
0000
0000
0000
0100
0100
0000
0000
1000
1000
0000
0000
1001
0000
0000
0000
0000
,  // measure 177
0000
0000
0000
0001
0001
0000
0000
0010
0010
0000
0000
0110
0000
0000
0000
0000
,  // measure 178
0000
0000
0000
1000
0100
0000
0000
0001
0100
0000
0000
1000
0100
0000
0000
0001
,  // measure 179
0100
0000
0000
1000
0100
0000
0000
0000
1000
0000
0000
0010
0000
0000
1000
0000
,  // measure 180
0000
0000
0000
0000
0000
0000
0000
0010
,  // measure 181
1000
0000
0000
0100
0000
0000
0010
0000
0001
0000
0000
0100
0000
0000
0010
0000
,  // measure 182
0000
0000
0000
0000
0000
0000
0000
1000
,  // measure 183
0001
0000
0000
0010
0000
0000
0001
0000
1000
0000
0001
0000
0000
0100
0000
0000
,  // measure 184
0000
0000
0000
0000
0000
0000
0000
0001
,  // measure 185
0100
0000
0000
0010
0000
0000
0100
0000
0001
0000
0000
0010
0000
0000
0100
0000
,  // measure 186
0010
0000
0000
0001
0000
0000
1000
0000
0100
0000
0000
0010
0000
0000
2002
0000
,  // measure 187
0000
0000
0000
3003
0000
0000
0100
0010
,  // measure 188
0001
0000
0000
0000
0100
0000
0010
0000
1000
0000
0000
0100
0000
0000
0010
0000
,  // measure 189
0001
0000
0000
0010
0000
0000
0100
0000
0000
0000
1000
0000
0010
0000
0100
0000
,  // measure 190
0001
0000
0000
0000
0000
0000
0001
0000
0010
0000
0000
0100
0000
0000
1000
0000
,  // measure 191
0010
0000
0000
0000
0000
0000
0001
0100
,  // measure 192
0001
0000
0000
0000
0010
0000
0001
0000
0100
0000
0000
0010
0000
0000
1000
0000
,  // measure 193
0100
0000
0000
0010
0000
0000
0100
0000
0000
0000
1000
0000
0010
0000
1000
0000
,  // measure 194
0100
0000
0000
0000
0000
0000
0010
0000
0001
0000
0000
0010
0000
0000
0100
0000
,  // measure 195
1000
0000
0000
0000
0000
0000
0001
1000
,  // measure 196
0100
0000
0000
1000
0000
0000
0010
0000
0100
0000
0000
0001
0000
0000
1000
0000
,  // measure 197
0010
0000
0000
1000
0000
0000
0100
0000
0000
0000
0000
0000
0000
0000
0010
0000
,  // measure 198
0001
0000
0000
0100
0000
0000
1000
0000
0100
0000
0000
0001
0000
0000
0010
0000
,  // measure 199
0100
0000
0000
1000
0000
0000
0010
0000
0000
0000
0000
0000
0000
0000
0000
0000
,  // measure 200
1000
0000
0000
0100
0000
0000
1000
0000
0010
0000
0000
0100
0000
0000
0010
0000
,  // measure 201
1000
0000
0000
0010
0000
0000
1000
0000
0001
0000
0000
0010
0000
0000
0001
0000
,  // measure 202
1000
0100
1000
0100
1000
0010
0100
0010
,  // measure 203
0100
0000
0000
0000
0000
0000
0100
0010
,  // measure 204
1000
0000
0000
0000
0001
0000
0100
0000
0010
0000
0000
1000
0000
0000
0100
0000
,  // measure 205
1000
0000
0000
0010
0000
0000
1000
0000
0000
0000
0001
0000
0010
0000
0100
0000
,  // measure 206
1000
0000
0000
0000
0000
0000
0001
0000
0100
0000
0000
0010
0000
0000
1000
0000
,  // measure 207
0010
0000
0000
0000
0000
0000
0010
1000
,  // measure 208
0100
0000
0000
0000
0010
0000
0001
0000
0100
0000
0000
0010
0000
0000
1000
0000
,  // measure 209
0100
0000
0000
1000
0000
0000
0010
0000
0000
0000
0100
0000
0001
0000
0010
0000
,  // measure 210
0001
0000
0000
0000
0000
0000
1000
0000
0010
0000
0000
0100
0000
0000
0001
0000
,  // measure 211
0010
0000
0000
0000
0000
0000
0001
0010
,  // measure 212
0001
0000
0000
0100
0000
0000
0001
0000
1000
0000
0000
0100
0000
0000
1000
0000
,  // measure 213
0010
0000
0000
0100
0000
0000
0001
0000
0000
0000
0000
0000
0000
0000
0001
0000
,  // measure 214
0100
0000
0000
0010
0000
0000
1000
0000
0100
0000
0000
0010
0000
0000
0100
0000
,  // measure 215
1000
0000
0000
0001
0000
0000
0010
0000
0000
0000
0000
0000
0000
0000
0000
0000
,  // measure 216
0010
0000
0000
0001
0000
0000
0010
0000
0100
0000
0000
0010
0000
0000
0100
0000
,  // measure 217
1000
0000
0000
0001
0000
0000
1000
0000
0010
0000
0000
0100
0000
0000
0010
0000
,  // measure 218
0100
0000
0000
0001
0000
0000
0100
0000
0001
0000
0000
0010
0000
0000
0001
0000
,  // measure 219
0010
0000
0000
1000
0000
0000
0010
0000
0001
0000
0000
0100
0000
0000
0001
0000
,  // measure 220
1000
0000
0100
0000
0000
0100
0000
0000
0010
0000
0001
0000
0000
0001
0000
0000
,  // measure 221
0010
0000
0100
0000
0000
0100
0000
0000
1000
0000
0100
0000
0010
0000
0001
0000
,  // measure 222
1000
0000
0100
0000
0000
0100
0000
0000
0010
0000
0001
0000
0000
0001
0000
0000
,  // measure 223
0100
0000
0010
0000
0000
0010
0000
0000
1000
0000
0010
0000
0100
0000
0001
0000
,  // measure 224
0100
0000
0010
0000
0000
0010
0000
0000
1000
0000
0100
0000
0000
0100
0000
0000
,  // measure 225
0010
0000
0100
0000
0000
0100
0000
0000
1000
0000
0010
0000
1000
0000
0100
0000
,  // measure 226
0010
0000
0001
0000
0000
0001
0000
0000
1000
0000
0010
0000
0000
0010
0000
0000
,  // measure 227
1000
0000
0100
0000
0000
0100
0000
0000
0010
0000
0001
0000
1000
0000
0100
0000
,  // measure 228
0010
0000
0000
0001
0000
0000
0100
0000
0000
0010
0000
0000
1000
0000
0100
0000
,  // measure 229
1000
0000
0000
0010
0000
0000
0100
0000
0000
0010
0000
0000
1000
0000
0100
0000
,  // measure 230
1000
0000
0000
0001
0000
0000
0100
0000
0000
0001
0000
0000
0100
0000
0010
0000
,  // measure 231
0100
0000
0000
0001
0000
0000
0100
0000
0000
0010
0000
0000
1000
0000
0100
0000
,  // measure 232
1000
0000
0000
0010
0000
0000
0001
0000
0000
0010
0000
0000
1000
0000
0100
0000
,  // measure 233
1000
0000
0000
0010
0000
0000
0001
0000
0000
0010
0000
0000
1000
0000
0100
0000
,  // measure 234
1000
0010
1000
0100
0010
0001
0010
0100
,  // measure 235
0010
0001
1000
0010
1000
0100
0010
0001
,  // measure 236
2000
0000
0000
3200
0000
0000
0320
0000
,  // measure 237
0032
0000
0003
1010
0000
0000
0000
0000
0000
0101
0000
0000
,  // measure 238
0000
0011
1100
1001
;

//---------------dance-single - ----------------
#NOTES:
     dance-single:
     :
     Easy:
     4:
     0.256,0.375,0.193,0.063,0.000,731.000,92.000,30.000,0.000,0.000:  // measure 1
0000
0000
0000
0000
,  // measure 2
0000
0000
0000
0000
,  // measure 3
0000
0000
0000
0000
,  // measure 4
0000
0000
0000
0000
,  // measure 5
0001
0010
0100
0000
0001
0010
0100
0000
,  // measure 6
0001
0010
0100
1000
0010
0100
0001
0000
,  // measure 7
1000
0010
0100
0000
1000
0010
0100
0000
,  // measure 8
1000
0010
0100
0001
0010
0001
0010
0001
,  // measure 9
1000
0000
0100
0000
0001
0000
0000
1000
,  // measure 10
0100
0000
1000
0000
0010
0000
0000
1000
,  // measure 11
0001
0000
0010
0000
0100
0000
0000
1000
,  // measure 12
0010
0000
1000
0000
0100
0000
0000
1000
,  // measure 13
0001
0010
0100
0000
,  // measure 14
0001
0100
0010
0000
,  // measure 15
1000
0100
0010
1000
,  // measure 16
1000
0100
0010
0001
0100
0000
0000
1000
,  // measure 17
0100
0000
1000
0000
0100
0000
0000
0100
,  // measure 18
0001
0000
0100
0000
1000
0000
0000
0010
,  // measure 19
0001
0000
0010
0000
1000
0000
0000
0001
,  // measure 20
0100
0000
0010
0000
1000
0000
0000
0100
,  // measure 21
1000
0010
0100
0000
,  // measure 22
1000
0010
0100
0000
,  // measure 23
0001
0100
0010
1000
,  // measure 24
0001
0100
0010
1000
,  // measure 25
0001
0000
0001
0000
,  // measure 26
0010
0000
0010
0000
,  // measure 27
0100
0100
1000
1000
,  // measure 28
0001
0001
0100
0100
,  // measure 29
0010
0010
1000
1000
,  // measure 30
0010
0100
0001
0100
,  // measure 31
0010
1000
0010
0100
,  // measure 32
0001
0010
0100
2000
,  // measure 33
0000
0000
0000
0000
,  // measure 34
0000
0000
0000
3001
,  // measure 35
0100
1000
0010
1000
,  // measure 36
1001
0001
0000
0010
,  // measure 37
0110
1000
0000
0100
,  // measure 38
1001
0010
0000
0100
,  // measure 39
1001
0001
0000
1000
,  // measure 40
1001
0001
0110
0010
,  // measure 41
1001
0000
0010
0000
,  // measure 42
0100
0000
1000
0010
,  // measure 43
0100
0000
0010
0000
,  // measure 44
1000
0000
0100
1000
,  // measure 45
0010
0000
0001
0000
,  // measure 46
0100
0000
1000
0100
,  // measure 47
0010
0000
0001
0000
,  // measure 48
0100
0000
0001
1000
,  // measure 49
0001
0000
1000
0000
,  // measure 50
0100
0000
0010
0001
,  // measure 51
1000
0000
0010
0000
,  // measure 52
1000
0000
0001
0100
,  // measure 53
0001
0000
0010
1000
,  // measure 54
0100
0000
0100
0001
,  // measure 55
0010
0000
0100
1000
,  // measure 56
0001
0000
0010
0100
,  // measure 57
1000
0000
0100
0010
,  // measure 58
0001
0000
1000
0010
,  // measure 59
1001
0000
0100
0001
,  // measure 60
0010
0000
0100
0001
,  // measure 61
1001
0000
1000
0010
,  // measure 62
0100
0000
0001
0010
,  // measure 63
1001
0000
0100
1000
,  // measure 64
0001
0000
0001
0100
,  // measure 65
1001
0000
0100
0010
,  // measure 66
0001
0000
0010
1000
,  // measure 67
0110
0000
1000
0100
,  // measure 68
0001
0000
0001
0010
,  // measure 69
1001
0000
1000
0010
,  // measure 70
0001
0000
0100
0010
,  // measure 71
0000
0001
0001
0001
,  // measure 72
1001
1000
1000
1000
,  // measure 73
2000
0000
0001
0000
,  // measure 74
3002
0000
0100
0000
,  // measure 75
2003
0000
0100
0000
,  // measure 76
3020
0000
0100
0000
,  // measure 77
0230
0000
0001
0000
,  // measure 78
0302
0000
0100
0000
,  // measure 79
2000
3003
1001
0110
,  // measure 80
0000
0100
1001
0100
,  // measure 81
0100
0100
1001
0000
,  // measure 82
0000
1000
0110
0001
,  // measure 83
1000
0001
0110
1000
,  // measure 84
0000
0001
1001
0100
,  // measure 85
1000
0010
1001
0100
,  // measure 86
0000
0000
1001
0110
,  // measure 87
1001
0110
1000
1000
,  // measure 88
0001
0001
1000
1000
,  // measure 89
0110
1001
0010
0010
,  // measure 90
0100
0100
1000
1000
,  // measure 91
0110
1001
0001
0000
,  // measure 92
0010
0000
0100
0000
,  // measure 93
1000
0010
0100
0000
,  // measure 94
1000
0000
0010
0000
,  // measure 95
0100
1000
0100
0000
,  // measure 96
0001
0000
1000
0000
,  // measure 97
0010
0100
1000
0000
,  // measure 98
0001
0000
0010
0000
,  // measure 99
1000
0100
0010
0000
,  // measure 100
0001
0000
0100
0000
,  // measure 101
1000
0010
0100
0000
,  // measure 102
0001
0000
0010
0000
,  // measure 103
0100
0001
0010
0000
,  // measure 104
0100
0000
1000
0000
,  // measure 105
0010
0001
0100
0000
,  // measure 106
1000
0000
0010
0000
,  // measure 107
0100
0000
1000
1001
,  // measure 108
0010
1000
0100
1000
,  // measure 109
0110
1001
0100
1000
,  // measure 110
0100
1001
0110
0001
,  // measure 111
0100
1001
0100
0001
,  // measure 112
0010
1001
0110
0001
,  // measure 113
0010
1001
0010
0010
,  // measure 114
0100
1001
0110
0010
,  // measure 115
0100
0000
0001
0000
,  // measure 116
0100
0000
0010
0100
,  // measure 117
1000
0000
0100
0000
,  // measure 118
0001
0000
0010
0100
,  // measure 119
1000
0000
0100
0000
,  // measure 120
0010
0000
0100
0010
,  // measure 121
0001
0000
1000
0000
,  // measure 122
0100
0001
1000
0100
,  // measure 123
1000
0010
2000
0000
,  // measure 124
3200
0000
2300
0000
,  // measure 125
3020
0000
0230
0000
,  // measure 126
0302
0000
0023
0000
,  // measure 127
0230
0000
2300
0000
,  // measure 128
0000
0000
3002
0000
,  // measure 129
0000
0000
0203
0000
,  // measure 130
0000
0000
0320
0000
,  // measure 131
0000
0000
2030
0000
,  // measure 132
0000
0000
3020
0000
,  // measure 133
0000
0000
0230
0000
,  // measure 134
0000
0000
0302
0000
,  // measure 135
0000
0000
0003
0000
,  // measure 136
0010
0000
1000
0000
,  // measure 137
0001
0000
0100
0000
,  // measure 138
1000
0000
0010
0000
,  // measure 139
0001
0000
0100
0000
,  // measure 140
0010
0000
1000
0000
,  // measure 141
0001
0000
0100
0000
,  // measure 142
0010
0000
0100
0000
,  // measure 143
1000
0000
0100
0000
,  // measure 144
1001
1000
1000
0000
,  // measure 145
0100
0100
0100
0000
,  // measure 146
0010
0010
0010
0000
,  // measure 147
0001
1000
0001
0000
,  // measure 148
0100
0010
0100
0000
,  // measure 149
0001
1000
0010
0000
,  // measure 150
1000
0001
0100
0000
,  // measure 151
0001
0010
0100
0100
,  // measure 152
1000
1000
0010
0010
,  // measure 153
1001
0110
0001
0001
,  // measure 154
0100
0100
0010
0010
,  // measure 155
1001
0110
1000
1000
,  // measure 156
0100
0100
0010
0010
,  // measure 157
1001
0110
0100
1000
,  // measure 158
1000
0001
0001
0110
,  // measure 159
1001
0000
0010
0000
,  // measure 160
0100
0000
0001
0000
,  // measure 161
0100
0000
1000
0000
,  // measure 162
0010
0000
0001
0000
,  // measure 163
1000
0100
0000
0001
,  // measure 164
0100
0001
0000
0100
,  // measure 165
1000
0100
0001
0010
,  // measure 166
0001
0100
1000
0010
,  // measure 167
0001
0000
0010
0000
0000
0010
0001
0000
,  // measure 168
0010
0000
0100
0000
0000
1000
0100
0000
,  // measure 169
0001
0000
0100
0000
0000
0100
1000
0000
,  // measure 170
0010
0000
0100
0000
0000
0001
1000
0000
,  // measure 171
0001
0010
0000
1001
,  // measure 172
0110
1001
0000
0110
,  // measure 173
1001
0110
0000
2000
,  // measure 174
3200
0000
0320
0000
0032
0000
0103
0010
,  // measure 175
1000
0100
1001
0000
0010
0000
1001
0000
,  // measure 176
0000
0100
1001
0100
,  // measure 177
0000
0001
0110
1000
,  // measure 178
0000
0100
1100
0011
,  // measure 179
1010
0101
1000
1000
,  // measure 180
1001
0000
0010
0000
,  // measure 181
1000
0010
0001
0100
,  // measure 182
1001
0000
0100
0000
,  // measure 183
0001
0010
1000
0010
,  // measure 184
1001
0000
0010
0000
,  // measure 185
1001
0100
0110
1000
,  // measure 186
1001
0100
0110
1000
,  // measure 187
1001
0000
0000
0100
,  // measure 188
0001
0100
1000
0010
,  // measure 189
0001
0010
1000
0100
,  // measure 190
0010
0001
0100
0001
,  // measure 191
0010
0000
0000
0001
,  // measure 192
1000
0010
0100
1000
,  // measure 193
0001
0010
0100
0001
,  // measure 194
1000
0100
0001
0010
,  // measure 195
1000
0000
0000
0001
,  // measure 196
0100
0010
0100
1000
,  // measure 197
0001
0100
1000
0000
,  // measure 198
1001
0010
0100
1000
,  // measure 199
0010
0100
0001
0000
,  // measure 200
1000
0001
1000
0010
,  // measure 201
1000
0001
1000
0010
,  // measure 202
1000
0100
0010
0001
,  // measure 203
0100
0000
0000
0100
,  // measure 204
1001
0100
0010
0001
,  // measure 205
0100
0010
0001
0100
,  // measure 206
1000
0010
0100
0001
,  // measure 207
0100
0000
0000
0010
,  // measure 208
1000
0010
0100
1000
,  // measure 209
0010
0001
0100
0001
,  // measure 210
1000
0010
0001
0100
,  // measure 211
0010
0000
0000
0010
,  // measure 212
1001
0010
1000
0010
,  // measure 213
1001
0100
0100
0000
,  // measure 214
0110
0001
0100
1000
,  // measure 215
0110
1000
1000
0000
,  // measure 216
1001
0100
1001
0100
,  // measure 217
1001
0010
1001
0010
,  // measure 218
0110
0001
0110
0001
,  // measure 219
0110
1000
0110
1000
,  // measure 220
0001
0000
0010
1000
,  // measure 221
0010
0000
0001
0010
,  // measure 222
0001
0000
0100
0001
,  // measure 223
0100
0000
1000
0100
,  // measure 224
1000
0000
0010
1000
,  // measure 225
0010
0000
0001
0010
,  // measure 226
0001
0000
0100
0001
,  // measure 227
0100
0000
0010
1000
,  // measure 228
0010
0001
1000
0100
,  // measure 229
0001
0100
1000
0010
,  // measure 230
0001
0010
1000
0100
,  // measure 231
1000
0010
0001
0010
,  // measure 232
1000
0100
0010
0001
,  // measure 233
0100
1000
0100
0001
,  // measure 234
0010
1000
0001
0100
,  // measure 235
1000
0001
0010
0100
,  // measure 236
2002
0000
0000
0000
,  // measure 237
0000
3003
0110
0000
0000
0000
1001
0000
,  // measure 238
0000
0110
1001
0110
;
