#TITLE:Manhattan Sports Club;
#SUBTITLE:;
#ARTIST:simon;
#TITLETRANSLIT:;
#SUBTITLETRANSLIT:;
#ARTISTTRANSLIT:;
#CREDIT:;
#BANNER:manhattan-ban.png;
#BACKGROUND:manhattan-bg.png;
#LYRICSPATH:;
#CDTITLE:!cmcmTitle.png;
#MUSIC:simon - Manhattan Sports Club.mp3;
#OFFSET:-2.765;
#SAMPLESTART:43.166;
#SAMPLELENGTH:10.794;
#SELECTABLE:YES;
#BPMS:0.000=178.000;
#STOPS:;
#BGCHANGES:;
// cache tags:
#FIRSTBEAT:0.000;
#LASTBEAT:279.813;
#SONGFILENAME:Songs/All Songs/Manhattan Sports Club/manhattan.sm;
#HASMUSIC:1;
#HASBANNER:1;
#MUSICLENGTH:98.272;
// end cache tags

//---------------dance-single - ----------------
#NOTES:
     dance-single:
     :
     Hard:
     10:
     1.000,1.000,0.916,0.326,0.875,628.000,90.000,32.000,0.000,0.000:  // measure 1
1001
0000
0000
0000
0001
0100
0001
0100
0001
0000
0000
0000
1001
0000
0000
0000
,  // measure 2
1001
0000
0000
0000
1000
0100
1000
0100
1000
0000
0000
0000
0110
0000
0000
0000
,  // measure 3
0110
0000
0000
0000
0001
0010
0001
0010
0001
0000
0000
0000
1000
0010
1000
0010
,  // measure 4
1000
0010
0001
0010
1000
0100
0001
0100
,  // measure 5
0101
0000
0000
0000
0001
1000
0001
1000
0001
0000
0000
0000
1100
0000
0000
0000
,  // measure 6
1100
0000
0000
0000
0010
0100
0010
0100
0010
0000
0000
0000
1010
0000
0000
0000
,  // measure 7
1010
0000
0000
0000
0010
0001
0010
0001
1000
0000
0000
0000
0010
1000
0010
1000
,  // measure 8
0001
0100
0001
1000
0010
1000
0001
0100
,  // measure 9
0001
1000
0010
1000
0001
1000
0010
1000
0001
1000
0010
1000
0001
1000
0010
1000
,  // measure 10
0001
1000
0010
1000
0001
1000
0010
1000
0001
1000
0010
1000
0100
0010
0100
0000
,  // measure 11
0010
0001
0010
0001
0100
0001
0100
0000
0010
0001
0010
0001
0100
0001
0100
0000
,  // measure 12
0001
0010
0100
1000
0001
0010
0100
1000
0001
0010
0100
1000
0001
0010
0100
1000
,  // measure 13
0001
0010
0001
0010
0001
0010
0001
0010
0001
0010
0001
0010
0100
1000
0100
0000
,  // measure 14
0001
0000
0000
0000
0000
0000
0000
0000
1000
0000
0000
0000
0000
0000
0000
0000
0010
0000
0000
0000
0000
0000
0000
0000
0000
0000
0000
0010
0000
1000
0000
0100
0000
0000
0000
0000
0000
0000
0000
0000
0000
0000
0000
0000
0000
0000
0000
0000
0000
0000
0000
0000
0000
0000
0000
0000
1001
0000
0000
0000
0000
0000
0000
0000
,  // measure 15
0000
0000
1000
0100
1000
0000
0001
0000
0010
0000
0000
0000
1001
0000
0000
0000
,  // measure 16
0000
0000
1000
0100
1000
0000
0001
0000
0010
0000
0000
0000
1001
0000
0000
0000
,  // measure 17
0000
0000
1000
0100
1000
0000
0001
0000
0010
0000
1000
0000
0010
0000
0001
0000
,  // measure 18
0100
0000
0001
0000
1000
0000
0100
0000
1000
0000
0010
0100
0010
0000
0101
0000
,  // measure 19
0000
0000
0100
0010
0100
0000
1000
0000
0001
0000
0000
0000
0011
0000
0000
0000
,  // measure 20
0000
0000
1000
0100
1000
0000
0010
0000
0001
0000
0000
0000
1010
0000
0000
0000
,  // measure 21
0000
0000
0001
0100
0001
0000
0010
0000
1000
0000
0001
0000
0100
0000
1000
0000
,  // measure 22
0010
0000
0100
0000
0001
0000
0010
0000
0100
0000
1000
0100
0001
0000
0100
0000
,  // measure 23
0000
0000
1000
0100
1000
0000
0010
0000
0001
0100
0001
0000
1001
0000
0000
0000
,  // measure 24
0000
0000
1000
0010
1000
0000
0100
0000
0001
0010
0001
0000
1001
0000
0000
0000
,  // measure 25
0000
0000
0010
0100
0010
0000
0010
0000
1000
0000
1000
0000
0001
0000
0001
0000
,  // measure 26
0100
0000
0100
0000
0001
0000
0001
0000
1000
0000
1000
0010
0001
0000
1000
0000
,  // measure 27
0000
0000
0001
0100
0001
0000
0010
0000
0100
1000
0100
0000
0110
0000
0000
0000
,  // measure 28
0000
0000
1000
0010
0100
0000
0100
0000
0001
0010
0100
0000
1001
0000
0000
0000
,  // measure 29
0000
0000
0010
1000
0001
0000
0100
0000
0010
0000
1000
0000
0001
0000
0100
0000
,  // measure 30
0001
0000
1000
0000
0010
0000
0100
0000
0001
0000
0010
0100
1000
0000
1001
0000
,  // measure 31
0102
0000
0000
1003
2100
0000
3010
0010
,  // measure 32
0101
0000
0001
0100
0001
0000
0100
0000
0110
0000
0000
0000
1000
0000
0010
0000
,  // measure 33
1020
0000
0000
0130
1002
0000
0013
0100
,  // measure 34
1100
0000
1000
0010
1000
0000
0100
0000
1001
0000
0000
0000
0100
0000
0001
0000
,  // measure 35
0021
0000
0000
0130
2100
0000
3010
0100
,  // measure 36
0101
0000
1000
0100
1000
0000
0010
0000
1100
0000
0000
0000
0010
0000
0001
0000
,  // measure 37
2100
0000
0000
3001
0102
0000
0013
0100
,  // measure 38
1001
1001
0100
0010
1001
1001
0100
0010
,  // measure 39
2002
0000
3003
0010
0220
0330
0001
1000
,  // measure 40
0001
0000
0010
0001
0100
0000
0010
0000
2200
0000
3300
0000
0011
0000
0011
0000
,  // measure 41
0220
0000
0330
0001
2002
3003
0100
0010
,  // measure 42
1100
0000
0010
1000
0100
0000
0010
0000
0202
0000
0303
0000
1100
0000
1100
0000
,  // measure 43
0202
0000
0303
0001
0022
0033
1000
0010
,  // measure 44
1100
0000
1000
0010
0100
0000
0001
0000
2002
0000
3003
0000
0100
0000
0100
0000
,  // measure 45
0220
0000
0330
0001
2200
3300
0010
0100
,  // measure 46
1001
2002
0000
0000
3003
0000
0110
0110
,  // measure 47
0010
0000
1000
0100
1000
0000
0001
0100
0001
0000
0010
0100
0010
0000
0110
0000
,  // measure 48
0010
1000
0001
0100
0010
0100
0001
1000
0100
0000
0000
0000
0000
0000
0000
0000
,  // measure 49
1001
0000
1000
0100
1000
0000
0001
0000
0010
0000
0000
0000
1001
0000
0000
0000
,  // measure 50
0000
0000
1000
0100
1000
0000
0001
0000
0010
0000
0000
0000
1001
0000
0000
0000
,  // measure 51
0000
0000
1000
0100
1000
0000
1000
0000
0101
0000
1001
0000
0011
0000
1001
0000
,  // measure 52
0110
0000
1010
0000
1100
0000
1001
0000
0110
0000
0010
0100
0001
0000
1000
0000
,  // measure 53
0000
0000
0001
0100
0001
0000
0010
0000
0100
1000
0100
0000
0110
0000
0000
0000
,  // measure 54
0000
0000
1000
0010
0100
0000
0100
0000
0001
0010
0100
0000
1001
0000
0000
0000
,  // measure 55
0000
0000
0010
1000
0001
0000
1001
0000
1010
0000
0011
0000
1100
0000
0011
0000
,  // measure 56
1010
0000
0110
0000
1001
0000
0101
0000
1001
0000
0010
0100
1000
0000
1001
0000
,  // measure 57
0000
0000
0001
0100
0001
0000
1000
0000
0010
0100
0010
0000
0000
0000
1000
0000
,  // measure 58
0001
0010
0001
0000
0000
0000
0100
0000
0001
1000
0001
0000
0001
0010
0100
1000
,  // measure 59
0001
0000
0001
1000
0010
0000
0100
0000
0001
0010
0001
0000
0000
0000
1000
0000
,  // measure 60
0010
0100
0010
0000
0000
0000
1000
0000
0001
0010
0001
0000
0010
0100
1000
0010
,  // measure 61
1000
0000
0001
0010
0001
0100
0010
1000
0001
0100
0001
0000
0000
0000
0100
0000
,  // measure 62
0010
1000
0010
0000
0000
0000
0100
0000
0010
0001
0010
0000
0001
1000
0010
0100
,  // measure 63
0010
0000
0100
0001
0010
0001
0100
0010
1000
0010
0100
0000
0000
0000
0100
0000
,  // measure 64
0010
0001
0100
0001
1000
0010
1000
0100
0010
0001
0100
0001
1000
0100
1000
0010
,  // measure 65
0100
0001
0010
0001
0100
0001
0010
0001
0100
0001
0010
0001
0100
0001
0010
0001
,  // measure 66
0100
0001
0010
0001
0100
0001
0010
0001
0100
0001
0010
0001
0100
0010
1000
0000
,  // measure 67
0001
0100
0001
0100
0010
1000
0100
0000
0001
0100
0001
0100
0010
1000
0100
0000
,  // measure 68
0001
0010
0100
1000
0001
0010
0100
1000
0010
0100
0001
1000
0010
0100
0001
1000
,  // measure 69
0010
0100
0001
0010
0100
1000
0001
0010
0100
1000
0010
0100
0001
0010
0100
0000
,  // measure 70
1001
0000
0000
0000
0000
0000
0000
0000
1010
0000
0000
0000
0000
0000
0000
0000
0011
0000
0000
0000
0000
0000
0000
0000
0000
0000
0000
0010
0000
0001
0000
0100
0000
0000
0000
0000
0000
0000
0000
0000
0000
0000
0000
0000
0000
0000
0000
0000
1100
0000
0000
0000
0000
0000
0000
0000
0000
0000
0000
0001
0100
1000
0000
0000
;
