#TITLE:sync;
#SUBTITLE:(IVKAS Style);
#ARTIST:OutPhase;
#TITLETRANSLIT:;
#SUBTITLETRANSLIT:;
#ARTISTTRANSLIT:;
#CREDIT:;
#BANNER:sync.png;
#BACKGROUND:sync-bg.png;
#LYRICSPATH:;
#CDTITLE:!a0Title.png;
#MUSIC:sync.mp3;
#OFFSET:-2.955;
#SAMPLESTART:37.400;
#SAMPLELENGTH:12.000;
#SELECTABLE:YES;
#BPMS:0.000=167.000;
#STOPS:;
#BGCHANGES:;
// cache tags:
#FIRSTBEAT:0.000;
#LASTBEAT:252.000;
#SONGFILENAME:Songs/All Songs/synciidx/sync.sm;
#HASMUSIC:1;
#HASBANNER:1;
#MUSICLENGTH:99.248;
// end cache tags

//---------------dance-single - ----------------
#NOTES:
     dance-single:
     :
     Hard:
     10:
     1.000,0.984,0.524,0.020,1.000,688.000,52.000,2.000,0.000,0.000:  // measure 1
0001
0100
0010
1000
0100
0010
0100
1000
,  // measure 2
0100
0010
0001
1000
0100
0010
0100
1000
,  // measure 3
0001
0010
0100
1000
0010
0100
0001
0100
,  // measure 4
0010
1000
0100
1000
0001
0010
1001
0100
,  // measure 5
0011
1000
0101
1000
0011
1000
0110
0001
,  // measure 6
1010
0100
0011
0100
1001
0010
1100
0001
,  // measure 7
0110
0001
1010
0100
1001
0100
0011
1000
,  // measure 8
0110
1000
0101
0010
1001
0010
0101
0010
,  // measure 9
1001
0010
1001
0100
0011
0100
1010
0100
,  // measure 10
1001
0010
0101
0010
1001
0100
0011
0100
,  // measure 11
1010
0100
1001
0100
0011
1000
0110
0001
,  // measure 12
1100
0010
1001
0010
0101
0010
1100
0010
,  // measure 13
0101
0000
0010
0000
1001
0000
0100
0000
1010
0000
1000
0100
0010
0100
0010
0001
,  // measure 14
1100
0000
0010
0000
0101
0000
1000
0000
0110
0000
1000
0010
0100
0010
0001
1000
,  // measure 15
0101
0000
0010
0000
1100
0000
0001
0000
0110
0000
0001
1000
0100
1000
0001
0100
,  // measure 16
0010
0100
0001
1000
0100
0010
0001
0100
0010
1000
0100
0010
0001
1000
0010
0100
,  // measure 17
0001
0100
0001
0000
0010
0000
1000
0010
0000
0100
0010
0000
0001
0100
0001
0000
,  // measure 18
1000
0100
1000
0000
0010
0000
0001
0010
0000
0100
0010
0000
1000
0100
1000
0000
,  // measure 19
0100
0010
1000
0000
0100
0010
1000
0000
0001
0100
0010
0000
0001
0100
0010
0000
,  // measure 20
0100
0010
0001
0000
1000
0100
0010
0000
0100
0010
0001
1000
0100
0010
0001
0000
,  // measure 21
1000
0010
1000
0000
0100
0000
0010
0001
0000
1000
0100
0000
1000
0100
1000
0000
,  // measure 22
0001
0010
0001
0000
0100
0000
1000
0100
0000
0001
0100
0000
0001
0100
0001
0000
,  // measure 23
0010
0100
0001
0000
0010
0100
0001
0000
1000
0010
0100
0000
1000
0010
0100
0000
,  // measure 24
0010
0100
1000
0000
0001
0010
0100
0000
0010
0100
1000
0001
0010
0100
1000
0000
,  // measure 25
1000
0100
0001
0100
1000
0000
0010
0100
0000
1000
0010
0000
1000
0010
0100
0000
,  // measure 26
0001
0010
1000
0010
0100
0000
0001
0100
0000
1000
0010
0000
0001
0100
0010
0000
,  // measure 27
1000
0100
0010
0000
1000
0100
0010
0000
0100
0010
0001
0000
0100
0010
0001
0000
,  // measure 28
0010
0100
0001
0000
0010
0100
0001
0000
1000
0010
0100
0001
0010
0100
1000
0000
,  // measure 29
0001
0010
1000
0010
0100
0000
0001
0100
0000
1000
0010
0000
0001
0100
0010
0000
,  // measure 30
1000
0100
0001
0100
0010
0000
1000
0010
0000
0001
0100
0000
1000
0010
0100
0000
,  // measure 31
0001
0010
0100
0000
0001
0010
0100
0000
0010
0100
1000
0000
0010
0100
1000
0000
,  // measure 32
0100
0010
1000
0000
0100
0010
1000
0000
0001
0100
0010
1000
0100
0010
0001
0000
,  // measure 33
0100
0001
1000
0100
0010
0000
0100
1000
0000
0001
0100
0000
0010
1000
0100
0000
,  // measure 34
0001
1000
0100
0001
0100
0000
0010
1000
0000
0010
0100
0000
1000
0100
0001
0000
,  // measure 35
0001
0010
0100
0000
0001
0010
0100
0000
1000
0100
0010
0000
1000
0100
0010
0000
,  // measure 36
0001
0010
0100
0000
1000
0100
0010
0001
0010
0100
1000
0000
0100
0010
0001
0000
,  // measure 37
0010
1000
0001
0010
0100
0000
1000
0001
0000
1000
0010
0000
0100
0001
0010
0000
,  // measure 38
1000
0001
0010
1000
0010
0000
1000
0001
0000
0100
0010
0000
0001
0010
1000
0000
,  // measure 39
1000
0100
0010
0000
1000
0100
0010
0000
0001
0010
0100
0000
0001
0010
0100
0000
,  // measure 40
1000
0100
0010
0000
0001
0010
0100
1000
0100
0010
0001
0000
0010
0100
1000
0000
,  // measure 41
0001
0100
0010
0001
1000
0000
0100
0010
0000
0100
0001
0000
1000
0010
0001
0000
,  // measure 42
0100
0010
0001
0100
0001
0000
1000
0010
0000
1000
0001
0000
0010
0001
0100
0000
,  // measure 43
0100
1000
0001
0000
0100
1000
0001
0000
0010
0001
1000
0000
0010
0001
1000
0000
,  // measure 44
0100
1000
0001
0000
0010
0001
1000
0100
1000
0001
0010
0000
0001
1000
0100
0000
,  // measure 45
1000
0010
0100
1000
0001
0000
0010
0100
0000
0010
1000
0000
0001
0100
1000
0000
,  // measure 46
0010
0100
1000
0010
1000
0000
0010
0100
0000
0001
1000
0000
0100
1000
0010
0000
,  // measure 47
0010
0001
1000
0000
0010
0001
1000
0000
0100
1000
0001
0000
0100
1000
0001
0000
,  // measure 48
0010
0001
1000
0000
0100
1000
0001
0010
0001
1000
0100
0000
1000
0001
0010
0000
,  // measure 49
1000
0100
1000
0000
0100
0000
0010
0001
0000
0010
0001
0000
0010
0001
0010
0000
,  // measure 50
0100
0001
0100
0000
0001
0000
1000
0010
0000
1000
0010
0000
1000
0100
0010
0000
,  // measure 51
1000
0100
0001
0000
1000
0100
0001
0000
1000
0010
0001
0000
1000
0010
0001
0000
,  // measure 52
1000
0100
0010
0000
0001
0010
0100
1000
0100
0010
0001
0000
0010
0100
1000
0000
,  // measure 53
0001
1000
0010
0000
1000
0000
0001
1000
0000
0010
0100
0000
0001
0100
0010
0000
,  // measure 54
0001
0100
1000
0000
0100
0000
0010
0001
0000
1000
0001
0000
0010
0100
0001
0000
,  // measure 55
0010
1000
0100
0000
0010
1000
0100
0000
0010
0001
0100
0000
0010
0001
0100
0000
,  // measure 56
0100
1000
0001
0000
0100
0001
1000
0010
1000
0001
0100
0000
0001
1000
0010
0000
,  // measure 57
1001
0000
0100
0000
0001
0000
0010
0000
1001
0000
0010
0100
0001
0010
1000
0100
,  // measure 58
1001
0000
0100
0000
1000
0000
0100
0000
1001
0000
0010
0100
0001
0010
1000
0100
,  // measure 59
1001
0000
0010
0000
1000
0000
0010
0000
1000
0000
0100
0010
1000
0100
0001
0010
,  // measure 60
1000
0000
0010
0000
0001
0000
0010
0000
1000
0000
0100
0010
1000
0100
0001
0010
,  // measure 61
1001
0100
0010
0100
1001
0010
0001
0100
,  // measure 62
1001
0010
1000
0100
1001
0100
0001
0010
,  // measure 63
2002
0000
0000
0000
,  // measure 64
3003
0000
0000
0000
;
