#TITLE:Arch0wl;
#SUBTITLE:[hard mix];
#ARTIST:DJ Silk Drop Mooney;
#TITLETRANSLIT:;
#SUBTITLETRANSLIT:;
#ARTISTTRANSLIT:;
#CREDIT:;
#BANNER:arch0wlhardmix.png;
#BACKGROUND:arch0wlhardmix-bg.png;
#LYRICSPATH:;
#CDTITLE:!DBStitle.png;
#MUSIC:arch0wlhardmix.mp3;
#OFFSET:-0.030;
#SAMPLESTART:29.083;
#SAMPLELENGTH:12.000;
#SELECTABLE:YES;
#BPMS:0.000=140.000;
#STOPS:;
#BGCHANGES:;
// cache tags:
#FIRSTBEAT:0.000;
#LASTBEAT:265.750;
#SONGFILENAME:Songs/All Songs/Omegix - Arch0wl [hard mix]/arch0wlhardmix.sm;
#HASMUSIC:1;
#HASBANNER:1;
#MUSICLENGTH:116.636;
// end cache tags

//---------------dance-single - ----------------
#NOTES:
     dance-single:
     :
     Hard:
     12:
     1.000,1.000,0.746,0.111,1.000,857.000,87.000,13.000,0.000,0.000:  // measure 1
2000
0000
0000
0000
0000
0000
0000
3000
,  // measure 2
0001
0001
1000
0000
0000
0000
0101
0000
0000
0000
0100
0010
0010
0100
0010
0000
,  // measure 3
1000
1000
0010
0000
0000
0000
1010
0000
0000
0000
0001
0010
0010
0001
0010
0000
,  // measure 4
0001
0001
0100
0000
0000
0000
0101
0000
0000
0000
1000
0001
0001
1000
0100
0000
,  // measure 5
0001
0001
1000
0000
0000
0000
0011
0000
0000
0000
0001
1000
1000
0001
0010
0000
,  // measure 6
1100
0000
0000
1010
0000
1000
1000
1010
0000
0000
0010
0001
0010
0001
0010
0100
,  // measure 7
1001
0100
1000
0001
1000
0100
1000
0010
0001
0001
0011
0000
0000
0000
0011
0000
,  // measure 8
1001
0010
0001
1000
0001
0010
0001
0100
1000
1000
1100
0000
0000
0000
1100
1000
,  // measure 9
1001
0010
1000
0001
1000
0010
1000
0100
0010
0010
0110
0000
0000
0000
1010
0000
,  // measure 10
1001
0100
0001
1000
0001
0100
0001
0010
0100
0100
0110
0000
1000
1000
0101
0001
,  // measure 11
1001
0100
0010
0001
0100
0010
1000
0100
0010
0001
0010
0100
1000
0000
0101
0000
,  // measure 12
1001
0010
0100
1000
0010
0100
0001
0010
0100
1000
0100
0010
0001
0000
1010
1000
,  // measure 13
1100
0010
0001
0100
0010
1000
0001
0010
0100
1000
0010
0100
0001
0000
0110
0000
,  // measure 14
1000
0100
0010
0100
1000
0010
1000
0001
1000
0010
1000
0001
0100
0000
1010
0000
,  // measure 15
0010
0000
0000
0000
0010
0000
0000
0000
0100
0000
0000
0000
0001
0000
1000
0000
0001
0000
0100
0010
0100
0010
0100
0010
1000
0000
0000
0000
0001
0000
0000
0000
,  // measure 16
1000
0000
1000
0000
0100
0100
0000
0011
0000
0000
0000
0000
2000
0000
0000
3000
,  // measure 17
0001
1000
0001
1000
0001
1000
0001
1000
0001
0100
0001
0100
0001
0100
0001
0100
0010
1000
0010
1000
0010
1000
0010
1000
0100
0000
0000
0000
1001
0000
0000
0000
,  // measure 18
1010
0000
0000
0000
0000
0000
0000
0000
1000
0000
0001
0000
1000
0000
0001
0000
1100
0000
0000
0000
0000
0000
0000
0000
0001
1000
0001
1000
0001
1000
0001
1000
,  // measure 19
0100
0000
0000
0000
0000
0000
0000
0000
1000
0000
1000
0000
0100
0000
0010
0000
0110
0000
0000
0000
0000
0000
0000
0000
0010
0100
0010
0100
0010
0100
0010
0100
,  // measure 20
0001
0000
0000
0000
0000
0000
0000
0000
0001
0000
0001
0000
0010
0000
0100
0000
0110
0000
0000
0000
0000
0000
0000
0000
0100
0010
0100
0010
0100
0010
0100
0010
,  // measure 21
1000
0000
0000
0000
0000
0000
0000
0000
0001
0000
0001
0000
1000
0000
1000
0000
0011
0000
0000
0000
0000
0000
0000
0000
0001
0100
0001
0100
0001
0100
0001
0100
,  // measure 22
0010
0000
0000
0000
0000
0000
0000
0000
1000
0000
1000
0000
0001
0000
0001
0000
1100
0000
0000
0000
0000
0000
0000
0000
1000
0010
1000
0010
1000
0010
1000
0010
,  // measure 23
0100
0000
0000
0000
0000
0000
0000
0000
0001
0000
0001
0000
1000
0000
0001
0000
0110
0000
0000
0000
0000
0000
0000
0000
1000
0100
1000
0100
1000
0100
1000
0100
,  // measure 24
0010
0000
0000
0000
0000
0000
0000
0000
1000
0000
1000
0000
0001
0000
1000
0000
0110
0000
0000
0000
0000
0000
0000
0000
0001
0010
0001
0010
0001
0010
0001
0010
,  // measure 25
0100
0000
0000
0000
1000
0001
1000
0001
0110
0000
0000
0110
0000
0000
0000
0000
,  // measure 26
1000
0100
1000
0100
1000
0100
1000
0100
1000
0010
1000
0010
1000
0010
1000
0010
1000
0001
1000
0001
1000
0001
1000
0001
0010
0000
0000
0000
0101
0000
0000
0000
,  // measure 27
1100
1100
1100
1100
1100
1100
1100
1100
,  // measure 28
1001
0100
0010
0001
1000
0100
0010
0001
1000
0100
0010
0001
1000
0100
0010
0001
,  // measure 29
1000
0100
0010
0001
0100
0010
1000
0001
0010
0100
1000
0010
0100
0001
1000
0100
0010
0001
0100
0010
1000
0001
0010
0100
1000
0010
0100
0001
1000
0100
0010
0001
,  // measure 30
0100
0010
1000
0000
0000
0000
0000
0000
0000
0000
0000
0000
0000
0000
0000
0000
0000
0000
0000
0000
0000
0000
0000
0000
0000
0000
0000
0000
0000
0000
0000
0000
,  // measure 31
0000
0000
0000
0000
,  // measure 32
0000
0000
0000
0000
,  // measure 33
1000
0010
0100
0010
0001
0010
0100
0010
0100
0100
0100
0100
0100
0010
0100
0010
,  // measure 34
1000
0100
0010
0100
0001
0100
0010
0100
1000
1000
1000
1000
0001
0100
0010
0100
,  // measure 35
1000
0001
0010
0001
1000
0001
0010
0001
0100
0100
0100
0100
1000
0001
0010
0001
,  // measure 36
0100
1000
0001
1000
0100
1000
0001
1000
0010
0010
0010
0010
0100
1000
0001
1000
,  // measure 37
0100
0010
0001
0010
0100
0010
0001
0010
0001
0001
0001
0001
1000
0010
0001
0010
,  // measure 38
1000
0100
0010
0100
1000
0100
0010
0100
0001
0001
0001
0001
1000
0100
0010
0100
,  // measure 39
1000
0001
1000
0001
1000
0001
1000
0001
0010
0010
0010
0010
1000
0001
1000
0001
,  // measure 40
0100
0010
1000
0010
1000
0010
1000
0010
0100
0100
0100
0100
1000
0010
1000
0010
,  // measure 41
0001
1000
0001
1000
0001
1000
0001
1000
0001
1000
0001
1000
0001
1000
0001
1000
0001
1000
0001
1000
0001
1000
0001
1000
0001
1000
0001
1000
0001
1000
0001
1000
,  // measure 42
0000
0010
0000
0100
0000
0100
0000
0001
0000
1100
0000
0000
0000
0000
1001
0000
,  // measure 43
0000
0000
0000
0000
,  // measure 44
1000
0001
1000
0001
1000
0001
1000
0001
1000
0001
1000
0001
1000
0001
1000
0001
1000
0001
1000
0001
1000
0001
1000
0001
1000
0001
1000
0001
1000
0001
1000
0001
,  // measure 45
0100
0000
0000
0000
0000
0000
0000
0000
1000
0000
1000
0000
1000
0000
1000
0000
1100
0000
0000
0000
0000
0000
0000
0000
0010
0001
0010
0001
0010
0001
0010
0001
,  // measure 46
0100
0000
0000
0000
0000
0000
0000
0000
0001
0000
0001
0000
0001
0000
0001
0000
0011
0000
0000
0000
0000
0000
0000
0000
0100
1000
0100
1000
0100
1000
0100
1000
,  // measure 47
0010
0000
0000
0000
0000
0000
0000
0000
0010
0000
0010
0000
0010
0000
0010
0000
1010
0000
0000
0000
0000
0000
0000
0000
1000
0001
1000
0001
1000
0001
1000
0001
,  // measure 48
0100
0000
0000
0000
0000
0000
0000
0000
0100
0000
0100
0000
0100
0000
0100
0000
0101
0000
0000
0000
0000
0000
0000
0000
0001
1000
0001
1000
0001
1000
0001
1000
,  // measure 49
0010
0000
0000
0000
0000
0000
0000
0000
1000
0000
1000
0000
0001
0000
0001
0000
1001
0000
0000
0000
0000
0000
0000
0000
1000
0001
1000
0001
1000
0001
1000
0001
,  // measure 50
0010
0000
0000
0000
0000
0000
0000
0000
0001
0000
0001
0000
1000
0000
1000
0000
1001
0000
0000
0000
0000
0000
0000
0000
0001
1000
0001
1000
0001
1000
0001
1000
,  // measure 51
0100
0000
0000
0000
0000
0000
0000
0000
0100
0000
0010
0000
0100
0000
0010
0000
0000
0000
0000
0000
0000
0000
0000
0000
0100
0010
0100
0010
0100
0010
0100
0010
,  // measure 52
1000
0000
0000
0000
0001
0010
0001
0010
1000
0000
0000
1000
0000
0000
0000
0000
,  // measure 53
1000
1000
0010
0010
1010
0010
0110
0100
0001
0001
1001
0000
0000
0000
1001
0000
,  // measure 54
0001
0001
0100
0100
0101
0100
0110
0010
1000
1000
1001
0000
0000
0000
1001
1000
,  // measure 55
1000
0010
0010
0100
0101
0001
1001
1000
0100
0100
0101
0000
0000
0000
0101
0000
,  // measure 56
0100
0100
0010
0010
1010
1000
1001
0001
0010
0010
1010
0000
0000
0000
1010
1000
,  // measure 57
1000
0010
0010
0001
0101
0100
0110
0010
1000
1000
1010
0000
0000
0000
1010
0000
,  // measure 58
0100
0100
1000
1000
1010
0010
0110
0100
0001
0001
0101
0000
0000
0000
0101
0100
,  // measure 59
0100
0010
0010
0100
0101
0001
0101
0001
1000
1000
1001
0000
0000
0000
1001
0000
,  // measure 60
0100
0100
0010
0010
1010
1000
1010
1000
0001
0001
1001
0000
1000
0100
1000
0010
,  // measure 61
0002
1000
1000
1003
0200
0001
0010
0301
,  // measure 62
2000
0000
0010
0000
0010
0000
3010
0000
0002
0000
1000
0000
1000
1000
1003
1000
,  // measure 63
0020
0100
0100
0130
0002
1000
0100
1003
,  // measure 64
0200
0000
0001
0000
0001
0000
0301
0000
2000
0000
0010
0000
0010
0010
3010
0010
,  // measure 65
0001
0010
0100
1000
0010
0100
0001
0010
0200
0000
0010
0000
0010
0000
0300
0000
,  // measure 66
1000
0100
0010
0001
0100
0010
1000
0100
0002
0000
0010
0000
0010
0000
0003
0000
,  // measure 67
2000
0000
0000
0000
0000
0000
3000
0001
0000
0000
0000
0000
0000
0000
0000
0000
;
