#TITLE:Melissa;
#SUBTITLE:(Full Metal Alchemist 1st Opening);
#ARTIST:Porno Graffiti;
#TITLETRANSLIT:;
#SUBTITLETRANSLIT:;
#ARTISTTRANSLIT:;
#CREDIT:;
#BANNER:Melissa (Full Metal Alchemist 1st Opening).png;
#BACKGROUND:Melissa (Full Metal Alchemist 1st Opening)-bg.png;
#LYRICSPATH:;
#CDTITLE:NVLM-cdtitle.png;
#MUSIC:Melissa (Full Metal Alchemist 1st Opening).mp3;
#OFFSET:-4.285;
#SAMPLESTART:4.285;
#SAMPLELENGTH:12.000;
#SELECTABLE:YES;
#BPMS:0.000=170.000;
#STOPS:;
#BGCHANGES:;
// cache tags:
#FIRSTBEAT:0.000;
#LASTBEAT:280.000;
#SONGFILENAME:Songs/All Songs/Melissa (Full Metal Alchemist 1st Opening)/Melissa (Full Metal Alchemist 1st Opening).sm;
#HASMUSIC:1;
#HASBANNER:1;
#MUSICLENGTH:108.695;
// end cache tags

//---------------dance-single - ----------------
#NOTES:
     dance-single:
     :
     Hard:
     9:
     0.697,0.580,1.000,0.294,0.041,379.000,119.000,32.000,0.000,0.000:  // measure 1
1100
0000
0001
0101
0000
0110
0000
2100
,  // measure 2
0100
3000
0010
0001
0100
0010
1000
0000
,  // measure 3
0101
0000
0001
0011
0000
0110
0000
2100
,  // measure 4
0100
0000
3001
0000
0100
0010
1000
0000
,  // measure 5
0101
0000
0010
0110
0000
1100
0000
1002
,  // measure 6
1000
0000
0103
0000
0010
1000
0001
0000
,  // measure 7
2100
0000
3001
0000
0120
0000
0031
2001
,  // measure 8
0001
3000
0100
0000
0010
0000
0001
0000
,  // measure 9
1001
0000
0100
0110
0000
0011
0000
2001
,  // measure 10
0001
0000
3100
0000
0100
0010
1000
0000
,  // measure 11
1001
0000
0001
0011
0000
0110
0000
2100
,  // measure 12
0100
3000
0010
0000
0001
0100
1000
0000
,  // measure 13
1002
0103
0120
1030
,  // measure 14
2100
0000
0100
0000
3001
0010
0100
0000
,  // measure 15
0010
0000
0000
0000
0100
0000
0000
0000
1000
0001
0000
0000
0001
0100
0000
0000
,  // measure 16
0100
0010
1000
0100
0001
0100
1000
0010
,  // measure 17
0100
0001
1000
0100
0010
0001
0000
1001
,  // measure 18
1000
0100
0000
0000
1000
0010
0000
0000
0100
0001
0000
0000
1001
0000
0000
0000
,  // measure 19
0100
0010
1000
0001
0010
0100
1000
0000
,  // measure 20
0001
0010
0000
0000
0001
0100
0000
0000
0010
1000
0000
0000
1100
0000
0000
0000
,  // measure 21
0010
0001
0100
0001
1001
0000
1000
0100
,  // measure 22
0010
0100
1000
0000
1001
0000
0001
0100
,  // measure 23
1000
0100
0001
0000
2001
0000
3100
0000
,  // measure 24
0010
0000
0001
0000
0101
0000
0000
0000
1000
0100
0000
0000
0110
0000
0000
0000
,  // measure 25
0001
0100
1000
0000
0020
0000
1000
0000
,  // measure 26
0130
0100
0001
1000
1100
0000
0100
0000
,  // measure 27
0010
0001
0100
1000
0100
0001
1000
0100
,  // measure 28
0010
0001
1000
0010
0110
0000
0001
0000
,  // measure 29
0100
1010
0000
0000
1002
0000
1003
1100
,  // measure 30
0000
0010
0100
0001
1001
1000
0010
0100
,  // measure 31
1000
0100
0001
1001
0000
0000
1100
0000
,  // measure 32
0010
0001
0100
0100
0100
0100
0120
0000
,  // measure 33
1030
1000
0201
0001
,  // measure 34
0301
0001
0010
0100
1000
0010
1001
0000
,  // measure 35
1001
1000
0100
0010
0020
0000
0001
0000
,  // measure 36
1030
1000
0000
0100
0110
0000
0011
0000
,  // measure 37
0200
0000
0310
0000
1001
0000
1000
1100
,  // measure 38
0000
0001
0101
0000
0110
0000
1000
1010
,  // measure 39
0000
0001
0011
0000
0110
0000
0100
1100
,  // measure 40
0000
1000
1010
0000
1001
0000
0001
0101
,  // measure 41
0000
0010
1010
0000
1100
0000
0100
0110
,  // measure 42
0000
0010
0011
0000
1100
0000
0010
0110
,  // measure 43
0000
0001
1001
0000
1010
0000
0100
0101
,  // measure 44
0000
0001
0011
0000
1010
0000
0100
1100
,  // measure 45
0000
1000
1001
0000
0101
0000
0010
0110
,  // measure 46
0000
1000
1001
0000
0101
0000
1000
0110
,  // measure 47
0000
0001
1001
0000
1010
0000
0100
0011
,  // measure 48
0000
0001
1100
0000
0110
0000
0001
1010
,  // measure 49
0000
0100
1001
0000
1100
1000
0010
0100
,  // measure 50
0001
1000
0100
0000
0010
0001
0100
1000
,  // measure 51
0100
0001
0001
0000
1001
0000
0110
0000
,  // measure 52
1001
0000
0110
0000
1001
0001
0100
0101
,  // measure 53
0000
1100
0000
0120
0100
0000
1030
0000
,  // measure 54
0100
0010
0001
0000
1001
1000
0010
0110
,  // measure 55
0000
1100
0000
1002
1000
0003
0100
0010
,  // measure 56
0010
0000
0100
0000
1000
0001
0100
0110
,  // measure 57
0000
1010
0000
1200
1000
0300
0010
0000
,  // measure 58
0001
1100
0120
1030
,  // measure 59
0102
0000
0013
0210
0010
0300
1000
0000
,  // measure 60
0100
0000
0010
0000
0001
0100
1000
1010
,  // measure 61
0000
0110
0000
0102
0100
0003
1000
0100
,  // measure 62
0100
0010
0001
0000
0001
0100
1000
0110
,  // measure 63
0000
0101
0000
2001
0001
3000
0100
0000
,  // measure 64
0120
1030
0102
0013
,  // measure 65
2100
3010
1002
0100
,  // measure 66
0103
0000
0010
1000
0001
0010
0100
0000
,  // measure 67
1100
0000
0110
0000
1000
0001
0100
1000
,  // measure 68
0100
0010
1000
0001
0010
0100
1000
0010
,  // measure 69
0100
0101
0000
1001
2002
0000
0000
0000
,  // measure 70
0000
0000
0000
0000
,  // measure 71
3003
0000
0000
0000
;

//---------------dance-single - ----------------
#NOTES:
     dance-single:
     :
     Challenge:
     10:
     0.765,0.708,0.064,0.294,0.649,543.000,7.000,32.000,0.000,0.000:  // measure 1
0100
1000
0000
0000
0001
0100
0001
0100
0000
0000
0010
0100
0000
0000
1000
0100
,  // measure 2
2000
3100
0010
0001
0100
0010
1000
0100
,  // measure 3
0010
0001
0000
0000
0001
0100
0001
0100
0000
0000
0100
0010
0000
0000
0100
1000
,  // measure 4
0200
0000
0301
0001
0100
0010
1000
0100
,  // measure 5
0001
0100
0000
0000
0010
0001
0100
0010
0000
0000
1000
0100
0000
0000
1000
0002
,  // measure 6
1000
0000
0103
0100
0010
1000
1002
0003
,  // measure 7
2000
0100
0000
0000
3100
0000
0000
0000
0020
0100
0000
0000
0031
0000
0001
2000
,  // measure 8
0001
0000
3100
0000
0010
0100
0001
0000
,  // measure 9
0001
1000
0000
0000
0100
0010
0100
0010
0000
0000
0001
0100
0000
0000
0001
2000
,  // measure 10
0001
0000
3100
0000
0110
0010
1000
0000
,  // measure 11
0001
1000
0000
0000
0001
0010
0001
0010
0000
0000
0100
0010
0000
0000
0100
2000
,  // measure 12
0100
0000
3010
0100
0001
0100
1100
0000
,  // measure 13
1000
0002
0000
0000
0103
0000
0000
0000
0100
0020
0000
0000
1030
0000
0000
0000
,  // measure 14
0100
2000
0000
0000
0100
0000
0000
0000
3001
0000
0010
0000
0100
0000
1000
0000
,  // measure 15
0010
0000
1000
0000
0100
0000
0000
0000
1000
0001
0000
0000
0001
0100
0000
0000
,  // measure 16
0100
0010
1000
0100
0001
0100
1000
0010
,  // measure 17
0100
0000
0001
0000
1000
0000
0100
0000
0010
0000
0001
0000
0100
0000
1000
0001
,  // measure 18
1000
0100
0000
0000
1000
0010
0000
0000
0100
0001
0000
0000
1000
0001
0000
0000
,  // measure 19
0100
0000
0010
0000
1000
0000
0001
0000
0010
0000
0100
0000
1000
0100
0000
0000
,  // measure 20
0001
0010
0000
0000
0001
0100
0000
0000
0010
1000
0000
0000
1000
0100
0000
0000
,  // measure 21
0010
0001
0010
0001
0100
0010
0100
0010
1000
0001
1000
0000
0010
0000
0001
0000
,  // measure 22
0010
0100
1000
0010
0100
0001
0010
0100
,  // measure 23
1000
0100
0001
1000
0010
1000
0100
0010
,  // measure 24
0001
0100
0010
1000
0001
0010
0100
1000
,  // measure 25
0001
0000
0100
0000
1000
0000
0100
0000
0020
0001
0000
0000
1000
0000
0000
0000
,  // measure 26
0130
0000
0100
0000
0001
0000
1000
0000
1000
0100
0000
0000
0100
0000
0000
0000
,  // measure 27
0011
0001
0100
1000
0100
0001
1000
0100
,  // measure 28
0010
0000
0001
0000
1000
0000
0010
0000
0100
0010
0000
0000
0001
0000
0010
0000
,  // measure 29
0100
0000
1000
0200
0000
0300
0000
0000
1000
0002
0000
0000
1003
0000
0100
1000
,  // measure 30
0000
0000
0010
0000
0100
0000
0001
0000
1000
0001
1000
0000
0010
0000
0100
0000
,  // measure 31
1000
0000
0100
0000
0001
0000
1000
0001
0000
0010
0100
0000
0000
0000
1000
0000
,  // measure 32
0010
0001
0100
1000
0100
0001
0010
0100
,  // measure 33
1000
0000
0010
0000
1000
0000
0100
0000
0001
0200
0000
0000
0001
0000
0000
0000
,  // measure 34
0301
0001
0010
0100
1000
0010
1001
0000
,  // measure 35
1001
0000
1000
0000
0100
0000
0010
0000
0001
0020
0000
0000
0001
0000
0000
0000
,  // measure 36
1030
0000
1000
0001
0000
0000
0100
0010
0100
0010
0100
0000
0001
0000
0010
0000
,  // measure 37
0200
0000
0000
0000
0310
0000
0001
0000
1000
0001
0000
0000
1000
0000
1000
0100
,  // measure 38
0000
0000
0001
0000
0001
0100
0000
0000
0100
0010
0000
0000
1000
0000
1000
0010
,  // measure 39
0000
0000
0001
0000
0001
0010
0000
0000
0010
0100
0000
0000
0100
0000
0100
1000
,  // measure 40
0000
0000
1000
0000
1000
0010
0000
0000
1000
0001
0000
0000
0001
0000
0001
0100
,  // measure 41
0000
0000
0010
0000
0010
1000
0000
0000
1000
0100
0000
0000
0100
0000
0100
0010
,  // measure 42
0000
0000
0010
0000
0010
0001
0000
0000
0100
1000
0000
0000
0010
0000
0010
0100
,  // measure 43
0000
0000
0001
0000
0001
1000
0000
0000
1000
0010
0000
0000
0100
0000
0100
0001
,  // measure 44
0000
0000
0001
0000
0001
0010
0000
0000
0010
1000
0000
0000
0100
0000
0100
1000
,  // measure 45
0000
0000
1000
0000
1000
0001
0000
0000
0001
0100
0000
0000
0010
0000
0010
0100
,  // measure 46
0000
0000
1000
0000
1000
0001
0000
0000
0001
0100
0000
0000
1000
0000
0100
0010
,  // measure 47
0000
0000
0001
0000
0001
1000
0000
0000
1000
0010
0000
0000
0100
0000
0010
0001
,  // measure 48
0000
0000
0001
0000
0100
1000
0000
0000
0010
0100
0000
0000
0001
0000
0010
1000
,  // measure 49
0000
0000
0100
0000
0001
1000
0000
0000
1000
0100
1000
0000
0010
0000
0100
0000
,  // measure 50
0001
1000
0100
0110
0010
0001
0100
1000
,  // measure 51
0100
0000
0001
0000
0001
0000
1000
0000
0001
1000
0000
0000
0100
0010
0000
0000
,  // measure 52
0001
1000
0000
0000
0010
0100
0000
0000
1000
0001
0000
0000
0100
0010
0100
0010
,  // measure 53
0000
0000
1000
0100
0000
0000
0100
0020
0100
0000
0000
0000
1030
0000
1000
0000
,  // measure 54
0100
0000
0010
0000
0001
0000
0000
0000
0001
1000
0000
0000
0010
0100
0010
0100
,  // measure 55
0000
0000
1000
0100
0000
0000
1000
0002
1000
0000
0000
0000
0103
0000
0010
0000
,  // measure 56
0010
0000
1000
0000
0100
0000
0000
0000
1000
0001
0000
0000
0100
0010
0100
0010
,  // measure 57
0000
0000
1000
0100
0000
0000
1000
0200
1000
0000
0000
0000
0310
0000
0001
0000
,  // measure 58
0001
0000
1000
0000
1000
0100
0000
0000
0100
0020
0000
0000
1030
0000
0000
0000
,  // measure 59
0100
0002
0000
0000
0013
0000
0010
0200
0010
0000
0000
0000
1300
0000
0000
0000
,  // measure 60
0100
0000
0001
0000
0010
0000
0000
0000
0001
0100
0000
0000
1000
0010
1000
0010
,  // measure 61
0000
0000
0010
0100
0000
0000
0100
0002
0100
0000
0000
0000
1003
0000
0100
0000
,  // measure 62
0100
0000
0010
0000
0001
0000
0000
0000
0001
0100
0000
0000
1000
0010
0100
0010
,  // measure 63
0000
0000
0100
0001
0000
0000
0001
2000
0001
0000
0000
0000
3100
0000
0000
0000
,  // measure 64
0100
0020
0000
0000
1030
0000
0000
0000
0100
0002
0000
0000
0013
0000
0000
0000
,  // measure 65
0100
2000
0000
0000
3010
0000
0000
0000
1000
0002
0000
0000
0100
0000
0100
0000
,  // measure 66
0103
0000
0010
1000
0001
0010
0100
1000
,  // measure 67
1000
0100
0000
0000
0100
0010
0000
0000
1000
0000
0001
0000
0100
0000
1000
0000
,  // measure 68
0100
0010
1000
0001
0010
0100
1000
0010
,  // measure 69
0100
0000
0001
0100
0000
0000
1000
0001
2000
0002
0000
0000
0000
0000
0000
0000
,  // measure 70
0000
0000
0000
0000
,  // measure 71
3003
0000
0000
0000
;

//---------------dance-single - ----------------
#NOTES:
     dance-single:
     :
     Medium:
     7:
     0.536,0.547,0.773,0.570,0.000,262.000,84.000,62.000,0.000,0.000:  // measure 1
1001
0000
0001
0001
0000
0110
0000
2020
,  // measure 2
0000
3030
0100
0000
0010
0000
0001
0000
,  // measure 3
0101
0000
0001
0001
0000
0110
0000
2200
,  // measure 4
0000
0300
3001
0000
0100
0000
0010
0000
,  // measure 5
1001
0000
0100
0100
0000
1001
0000
0220
,  // measure 6
0000
0300
1030
0000
1000
0000
0001
0000
,  // measure 7
2200
0000
3300
0000
0220
0000
0330
2002
,  // measure 8
0000
3003
0100
0000
0010
0000
0001
0000
,  // measure 9
1001
0000
0100
0100
0000
0011
0000
2002
,  // measure 10
0003
3010
0100
0001
,  // measure 11
1001
0000
0001
0010
0000
0110
0000
2200
,  // measure 12
0300
3000
0010
0000
0001
0000
0100
0000
,  // measure 13
2002
3003
0220
0330
,  // measure 14
2200
0300
3001
0100
,  // measure 15
1000
0010
2000
3002
,  // measure 16
0013
0010
1000
0000
0100
0000
0010
0000
,  // measure 17
0001
0000
0100
0000
0010
1000
0000
1001
,  // measure 18
1001
1010
0110
0000
,  // measure 19
0100
0010
1000
0000
0001
0000
0010
0000
,  // measure 20
1001
1100
0110
0000
,  // measure 21
0100
0010
1001
1000
,  // measure 22
0010
0100
0001
0010
,  // measure 23
0100
1000
2002
3003
,  // measure 24
0010
0001
0100
0000
1000
0000
0110
0000
,  // measure 25
0001
0100
1000
0000
0220
0000
0000
0000
,  // measure 26
0330
0001
0100
1000
,  // measure 27
0010
0001
0100
0000
0100
0001
1000
0000
,  // measure 28
0100
0010
0110
0001
,  // measure 29
0100
0020
0000
0030
1002
0000
1003
0000
,  // measure 30
0100
0000
0010
0000
0001
0000
0010
0100
,  // measure 31
1000
0100
0001
0000
1000
0000
1100
0000
,  // measure 32
0010
0001
0100
0000
0100
0000
0020
0000
,  // measure 33
1030
1000
0202
0000
,  // measure 34
0303
0000
0010
0100
1000
0000
0010
0000
,  // measure 35
0001
1000
0100
0000
0020
0000
0001
0000
,  // measure 36
0031
1000
0100
0010
,  // measure 37
0001
0000
0100
0000
1001
0000
0000
0100
,  // measure 38
0000
0000
0110
0000
0101
0000
0000
1010
,  // measure 39
0000
0000
0011
0000
1001
0000
0000
1000
,  // measure 40
0000
0000
0110
0000
0011
0000
0000
0001
,  // measure 41
0000
0000
1010
0000
1100
0000
0000
0100
,  // measure 42
0000
0000
0011
0000
1001
0000
0000
0100
,  // measure 43
0000
0000
1100
0000
1010
0000
0000
0001
,  // measure 44
0000
0000
0011
0000
0110
0000
0000
0100
,  // measure 45
0000
0000
1001
0000
0101
0000
0000
0100
,  // measure 46
0000
0000
1001
0000
1100
0000
0000
0010
,  // measure 47
0000
0000
1001
0000
1010
0000
0000
0010
,  // measure 48
0000
0000
0101
0000
0110
0000
0000
0010
,  // measure 49
0000
0000
1001
0000
0100
1000
0010
0100
,  // measure 50
0001
1000
0100
0000
0010
0000
0001
0000
,  // measure 51
0100
0010
1000
0100
,  // measure 52
0010
0000
0001
0000
1001
0000
0100
0100
,  // measure 53
0000
1010
0000
0202
0000
0300
1003
0000
,  // measure 54
0100
0000
0010
0000
1001
0000
0010
0100
,  // measure 55
0000
1100
0000
2002
0000
3003
0100
0000
,  // measure 56
0010
0000
0001
0000
1001
0000
0100
0010
,  // measure 57
0000
1010
0000
2200
0000
3300
0010
0000
,  // measure 58
0001
1000
0220
0330
,  // measure 59
2002
0000
3003
0220
0000
0330
1000
0000
,  // measure 60
0100
0000
0010
0000
1001
0000
0100
0010
,  // measure 61
0000
0011
0000
0202
0000
0303
1000
0000
,  // measure 62
0100
0000
0010
0000
0011
0000
1000
0100
,  // measure 63
0000
0110
0000
2002
0000
3003
0100
0000
,  // measure 64
0220
0330
0202
0303
,  // measure 65
2200
3300
2002
0000
,  // measure 66
3003
0010
0001
0100
,  // measure 67
2000
0000
3200
0000
0310
0010
0010
0000
,  // measure 68
0001
0000
0100
0000
0010
0100
1000
0000
,  // measure 69
0100
0001
0000
0100
2002
0000
0000
0000
,  // measure 70
0000
0000
0000
0000
,  // measure 71
3003
0000
0000
0000
;

//---------------dance-single - ----------------
#NOTES:
     dance-single:
     :
     Easy:
     5:
     0.390,0.386,0.285,0.405,0.000,222.000,31.000,44.000,0.000,0.000:  // measure 1
1001
0000
0000
0001
0000
0100
0000
2020
,  // measure 2
0000
3030
0000
0000
0010
0000
0001
0000
,  // measure 3
0101
0000
0000
0001
0000
1000
0000
2020
,  // measure 4
0000
3030
0000
0000
0100
0000
0010
0000
,  // measure 5
1001
0000
0000
0100
0000
0001
0000
0202
,  // measure 6
0000
0303
0000
0000
1000
0000
0001
0000
,  // measure 7
2000
0000
0000
0000
3002
0000
0003
0200
,  // measure 8
0000
0310
0010
0001
,  // measure 9
1001
0000
0000
0100
0000
0010
0000
2002
,  // measure 10
0000
3003
0000
0000
0100
0000
0001
0000
,  // measure 11
1001
0000
0000
0010
0000
0100
0000
2200
,  // measure 12
0000
3300
0000
0000
0001
0000
0100
0000
,  // measure 13
0002
0000
0023
0000
,  // measure 14
0230
0000
1300
1000
,  // measure 15
1000
0010
1001
1001
,  // measure 16
0010
0100
1000
0100
,  // measure 17
0010
0000
0001
0000
0001
0100
0000
2002
,  // measure 18
0000
3003
0010
0000
0110
0000
0000
0000
,  // measure 19
0100
1000
0100
0010
,  // measure 20
1001
1100
0110
0000
,  // measure 21
0100
0010
0001
1000
,  // measure 22
0010
0100
0001
0010
,  // measure 23
0100
1000
2000
0000
,  // measure 24
3010
0001
1000
0100
,  // measure 25
0001
1000
0020
0000
,  // measure 26
0030
0001
0100
1000
,  // measure 27
0010
0001
0100
1000
,  // measure 28
0100
0010
1000
0001
,  // measure 29
0200
0300
0002
0003
,  // measure 30
0100
0010
0001
0010
,  // measure 31
0100
1000
0001
0100
,  // measure 32
0010
1000
0100
0020
,  // measure 33
0031
1000
0002
0000
,  // measure 34
0103
1000
0100
0010
,  // measure 35
0001
0100
0020
0000
,  // measure 36
0030
0001
0100
0010
,  // measure 37
0100
0000
0100
0000
1001
0000
0000
0100
,  // measure 38
0000
0000
0000
0000
0001
0000
0000
0010
,  // measure 39
0000
0000
0100
0000
1000
0000
0000
1000
,  // measure 40
0000
0000
0100
0000
0010
0000
0000
0001
,  // measure 41
0000
0000
0100
0000
0010
0000
0000
0100
,  // measure 42
0000
0000
0001
0000
1000
0000
0000
0100
,  // measure 43
0000
0000
0100
0000
0010
0000
0000
0001
,  // measure 44
0000
0000
0001
0000
0100
0000
0000
0100
,  // measure 45
0000
0000
0010
0000
1000
0000
0000
0100
,  // measure 46
0000
0000
0010
0000
0001
0000
0000
0010
,  // measure 47
0000
0000
0100
0000
1000
0000
0000
0010
,  // measure 48
0000
0000
0001
0000
0100
0000
0000
0010
,  // measure 49
0000
0001
0100
1000
,  // measure 50
0001
0100
0010
0010
,  // measure 51
0010
0010
0010
0100
,  // measure 52
0010
0000
0001
0000
1001
0000
0000
0100
,  // measure 53
0000
0010
0000
2002
0000
0000
3003
0000
,  // measure 54
0100
0000
0010
0000
0011
0000
0000
0100
,  // measure 55
0000
1000
0000
2002
0000
3003
0000
0000
,  // measure 56
0010
0000
0001
0000
1001
0000
0000
0010
,  // measure 57
0000
1000
0000
2200
0000
3300
0010
0000
,  // measure 58
0001
1000
0020
0000
,  // measure 59
2030
0000
0000
3200
0000
0300
1000
0000
,  // measure 60
0100
0000
0010
0000
1001
0000
0000
0100
,  // measure 61
0000
0010
0000
0022
0000
0033
0000
0000
,  // measure 62
0100
0000
0010
0000
1001
0000
0000
0100
,  // measure 63
0000
0010
0000
2002
0000
3003
0100
0000
,  // measure 64
0020
0000
0230
0000
,  // measure 65
0320
0000
0032
0000
,  // measure 66
0003
0010
0001
0100
,  // measure 67
1001
1100
0010
0010
,  // measure 68
0001
0100
0010
1000
,  // measure 69
0100
0010
0000
2002
0000
0000
0000
0000
,  // measure 70
0000
0000
0000
0000
,  // measure 71
3003
0000
0000
0000
;

//---------------dance-double - ----------------
#NOTES:
     dance-double:
     :
     Hard:
     9:
     0.698,0.580,1.000,0.294,0.041,380.000,119.000,32.000,0.000,0.000:  // measure 1
11000000
00000000
00010000
00110000
00000000
00101000
00000000
00012000
,  // measure 2
00010000
00003000
00100000
00010000
00001000
00000100
00000010
00000000
,  // measure 3
00000011
00000000
00000001
00001001
00000000
00001100
00000000
00021000
,  // measure 4
00001000
00000000
00130000
00000000
01000000
10000000
00010000
00000000
,  // measure 5
01010000
00000000
00100000
00110000
00000000
00011000
00000000
00001200
,  // measure 6
00001000
00000000
00000310
00000000
00000001
00000100
00001000
00000000
,  // measure 7
00012000
00000000
00103000
00000000
01200000
00000000
00310000
20010000
,  // measure 8
00010000
30000000
01000000
00000000
00100000
00000000
00010000
00000000
,  // measure 9
00011000
00000000
00001000
00001100
00000000
00000110
00000000
00002001
,  // measure 10
00000001
00000000
00003100
00000000
00000010
00000100
00001000
00000000
,  // measure 11
00011000
00000000
00010000
00110000
00000000
01100000
00000000
21000000
,  // measure 12
01000000
30000000
00100000
00000000
00010000
00001000
00000100
00000000
,  // measure 13
00000120
00000031
00001002
00000103
,  // measure 14
00000120
00000000
00000100
00000000
00001030
00000100
00010000
00000000
,  // measure 15
00100000
00000000
00000000
00000000
01000000
00000000
00000000
00000000
10000000
00010000
00000000
00000000
00010000
00100000
00000000
00000000
,  // measure 16
00100000
01000000
00001000
00010000
00000100
00000010
00000001
00000100
,  // measure 17
00001000
00010000
00100000
01000000
10000000
00010000
00100000
00101000
,  // measure 18
00001000
00010000
00000000
00000000
00010000
00100000
00000000
00000000
00100000
01000000
00000000
00000000
11000000
00000000
00000000
00000000
,  // measure 19
10000000
01000000
00100000
00010000
00001000
00000100
00000010
00000000
,  // measure 20
00000001
00001000
00000000
00000000
00001000
00000100
00000000
00000000
00000100
00010000
00000000
00000000
00011000
00000000
00000000
00000000
,  // measure 21
00100000
00010000
01000000
00010000
10010000
00000000
10000000
01000000
,  // measure 22
00100000
00010000
01000000
00000000
00011000
00000000
00010000
01000000
,  // measure 23
00001000
00010000
00000100
00000000
00000012
00000000
00001003
00000000
,  // measure 24
00000100
00000000
00001000
00000000
00011000
00000000
00000000
00000000
00100000
01000000
00000000
00000000
11000000
00000000
00000000
00000000
,  // measure 25
00010000
00100000
00001000
00000000
00020000
00000000
00000100
00000000
,  // measure 26
00031000
00001000
00000010
00000001
00000101
00000000
00001000
00000000
,  // measure 27
00010000
00001000
00100000
01000000
10000000
00010000
01000000
00001000
,  // measure 28
00010000
00000100
00000010
00000001
00001001
00000000
00001000
00000000
,  // measure 29
00010000
00110000
00000000
00000000
00120000
00000000
10030000
11000000
,  // measure 30
00000000
00100000
01000000
00010000
00110000
00001000
01000000
00010000
,  // measure 31
00001000
00000100
00000010
00000011
00000000
00000000
00001001
00000000
,  // measure 32
00000100
00010000
00001000
00100000
00010000
01000000
01200000
00000000
,  // measure 33
10300000
10000000
02010000
00001000
,  // measure 34
03010000
00010000
00100000
00001000
00010000
00000100
00001100
00000000
,  // measure 35
00000011
00000001
00000100
00001000
00020000
00000000
00100000
00000000
,  // measure 36
00130000
00100000
00000000
01000000
01100000
00000000
00110000
00000000
,  // measure 37
00020000
00000000
00031000
00000000
00000110
00000000
00000001
00001001
,  // measure 38
00000000
00000100
00001100
00000000
00011000
00000000
00010000
00110000
,  // measure 39
00000000
00100000
01100000
00000000
11000000
00000000
10000000
10010000
,  // measure 40
00000000
00010000
00110000
00000000
00101000
00000000
00001000
00011000
,  // measure 41
00000000
00000010
00000110
00000000
00001001
00000000
00001000
00001100
,  // measure 42
00000000
00010000
00011000
00000000
01010000
00000000
00100000
01100000
,  // measure 43
00000000
00010000
10010000
00000000
10100000
00000000
00010000
00110000
,  // measure 44
00000000
00001000
00011000
00000000
00001100
00000000
00000100
00000110
,  // measure 45
00000000
00000001
00001001
00000000
00001100
00000000
00010000
01010000
,  // measure 46
00000000
10000000
10010000
00000000
00110000
00000000
00001000
00011000
,  // measure 47
00000000
00000100
00000110
00000000
00000011
00000000
00000001
00001100
,  // measure 48
00000000
00001000
00110000
00000000
01100000
00000000
10000000
01100000
,  // measure 49
00000000
00110000
00001000
00000000
00000110
00000001
00000001
00000100
,  // measure 50
00000010
00010000
00001000
00000000
00100000
00010000
01000000
00100000
,  // measure 51
00010000
00001000
00000100
00000000
00000110
00000000
00000011
00000000
,  // measure 52
00001001
00000000
00001100
00000000
00010100
00010000
01000000
01010000
,  // measure 53
00000000
10010000
00000000
01200000
01000000
00000000
10300000
00000000
,  // measure 54
01000000
00100000
00010000
00000000
00011000
00001000
00000100
00000110
,  // measure 55
00000000
00000011
00000000
00001002
00001000
00000003
00000010
00010000
,  // measure 56
00001000
00000000
00100000
00000000
00001000
00010000
01000000
01100000
,  // measure 57
00000000
10100000
00000000
12000000
10000000
03000000
00100000
00000000
,  // measure 58
00010000
00001100
00000120
00000031
,  // measure 59
00001200
00000000
00010300
00012000
00010000
00003000
00100000
00000000
,  // measure 60
01000000
00000000
10000000
00000000
00010000
01000000
00001000
00011000
,  // measure 61
00000000
00010100
00000000
00002100
00000100
00003000
00000010
00000001
,  // measure 62
00000100
00001000
00010000
00000000
00010000
01000000
10000000
11000000
,  // measure 63
00000000
01010000
00000000
00012000
00010000
00003000
00000100
00000000
,  // measure 64
00000012
00001003
00010200
00001300
,  // measure 65
00120000
01030000
00012000
01000000
,  // measure 66
00103000
00000000
00010000
01000000
00001000
00010000
00000100
00000000
,  // measure 67
00000110
00000000
00000011
00000000
00000001
00001000
00000100
00010000
,  // measure 68
00001000
00100000
01000000
10000000
00010000
00100000
00001000
00010000
,  // measure 69
00000100
00001100
00000000
00011000
00220000
00000000
00000000
00000000
,  // measure 70
00000000
00000000
00000000
00000000
,  // measure 71
00330000
00000000
00000000
00000000
;

//---------------dance-double - ----------------
#NOTES:
     dance-double:
     :
     Challenge:
     10:
     0.766,0.708,0.000,0.294,0.685,551.000,0.000,32.000,0.000,0.000:  // measure 1
01000000
10000000
00000000
00000000
00010000
01000000
00010000
01000000
00000000
00000000
00001000
00010000
00000000
00000000
00000100
00001000
,  // measure 2
00000200
00000310
00000001
00000100
00001000
00010000
00100000
01000000
,  // measure 3
10000000
00010000
00000000
00000000
00100000
00001000
00010000
00001000
00000000
00000000
00001000
00000100
00000000
00000000
00000010
00000001
,  // measure 4
00000020
00000000
00000031
00000100
00001000
00010000
00100000
01000000
,  // measure 5
10000000
01000000
00000000
00000000
00100000
00010000
00001000
00010000
00000000
00000000
00100000
01000000
00000000
00000000
10000000
00020000
,  // measure 6
10000000
00000000
00000000
00000000
01030000
00000000
01000000
00000000
00100000
00000000
00001000
00000000
00020000
00001000
00030000
00000000
,  // measure 7
00200000
01000000
00000000
00000000
01300000
00000000
00000000
00000000
20000000
01000000
00000000
00000000
30010000
00000000
00010000
00200000
,  // measure 8
00001000
00000000
00310000
00000000
00001000
00000100
00000010
00000000
,  // measure 9
00000001
00000100
00000000
00000000
00001000
00010000
00001000
00010000
00000000
00000000
00100000
01000000
00000000
00000000
10000000
00020000
,  // measure 10
10000000
00000000
00000000
00000000
01030000
00000000
00000000
00000000
00100000
01000000
00100000
00000000
00010000
00000000
00000000
00000000
,  // measure 11
00001000
00000100
00000000
00000000
00000010
00000001
00000010
00000001
00000000
00000000
00001000
00000100
00000000
00000000
00010000
00002000
,  // measure 12
00010000
00000000
00000000
00000000
00103000
00000000
01000000
00000000
10000000
00000000
00100000
00000000
00010000
00100000
00000000
00000000
,  // measure 13
00001000
00020000
00000000
00000000
01030000
00000000
00000000
00000000
01000000
00200000
00000000
00000000
00310000
00000000
00000000
00000000
,  // measure 14
00001000
00000200
00000000
00000000
00000010
00000000
00000000
00000000
00000310
00000000
00000001
00000000
00000100
00000000
00001000
00000000
,  // measure 15
00010000
00000000
00100000
00000000
01000000
10000000
00000000
00000000
10000000
00010000
00000000
00000000
00010000
01000000
00000000
00000000
,  // measure 16
01000000
00001000
00010000
00000100
00000010
00000001
00000100
00001000
,  // measure 17
00010000
00000000
00100000
00000000
01000000
00000000
10000000
00000000
00010000
00000000
01000000
00000000
00100000
00000000
10000000
00010000
,  // measure 18
10000000
01000000
00000000
00000000
01000000
00100000
00000000
00000000
00100000
00010000
00000000
00000000
00010000
00001000
00000000
00000000
,  // measure 19
00001000
00000000
00000100
00000000
00000010
00000000
00000001
00000000
00000100
00000000
00001000
00000000
00010000
01000000
00000000
00000000
,  // measure 20
01000000
00100000
00000000
00000000
00100000
00010000
00000000
00000000
00010000
00001000
00000000
00000000
00001000
00000100
00000000
00000000
,  // measure 21
00000100
00000010
00000100
00000010
00001000
00000100
00010000
00001000
00010000
00001000
00100000
00000000
01000000
00000000
10000000
00000000
,  // measure 22
00010000
01000000
00001000
00010000
00000100
00000010
00000001
00000100
,  // measure 23
00001000
00010000
00100000
01000000
00010000
00001000
00000100
00000010
,  // measure 24
00000001
00000100
00001000
00010000
00100000
01000000
10000000
00010000
,  // measure 25
01000000
00000000
00001000
00000000
00010000
00000000
00000100
00000000
00002000
00010000
00000000
00000000
00010000
00000000
00000000
00000000
,  // measure 26
00103000
00000000
01000000
00000000
10000000
00000000
00010000
00000000
00100000
00001000
00000000
00000000
00001000
00000000
00000000
00000000
,  // measure 27
00000100
00000010
00000001
00000000
00000001
00000000
00000100
00000000
00001000
00000000
00010000
00000000
00100000
00000000
01000000
00000000
,  // measure 28
10000000
00000000
00010000
00000000
01000000
00000000
00001000
00000000
00010000
00100000
00000000
00000000
00100000
00000000
01000000
00000000
,  // measure 29
10000000
00000000
10000000
02000000
00000000
03000000
00000000
00000000
00100000
00020000
00000000
00000000
00031000
00000000
00000100
00000010
,  // measure 30
00000000
00000000
00000001
00000000
00000100
00000000
00001000
00000000
00010000
00100000
00010000
00000000
01000000
00000000
00100000
00000000
,  // measure 31
10000000
00000000
01000000
00000000
00010000
00000000
00001000
00010000
00000000
00100000
01000000
00000000
00000000
00000000
10000000
00000000
,  // measure 32
01000000
00100000
00010000
00001000
00000100
00000010
00000001
00000100
,  // measure 33
00001000
00000000
00010000
00000000
00100000
00000000
01000000
00000000
10000000
02000000
00000000
00000000
00100000
00000000
00000000
00000000
,  // measure 34
03100000
00000000
00010000
00000000
00001000
00000000
00000100
00000000
00000010
00000000
00000001
00000000
00000100
00001000
00000000
00000000
,  // measure 35
00001000
00010000
00100000
00000000
01000000
00000000
10000000
00000000
00010000
00200000
00000000
00000000
00001000
00000000
00000000
00000000
,  // measure 36
00301000
00000000
00010000
00000100
00000000
00000000
00000010
00000001
00000010
00000001
00001000
00000000
00000100
00000000
00001000
00000000
,  // measure 37
00020000
00000000
00000000
00000000
00130000
00000000
01000000
00000000
10000000
00010000
00000000
00000000
00100000
00000000
01000000
00001000
,  // measure 38
00000000
00000000
00010000
00000000
00100000
00010000
00000000
00000000
00001000
00000100
00000000
00000000
00000010
00000000
00000010
00000001
,  // measure 39
00000000
00000000
00000100
00000000
00001000
00010000
00000000
00000000
00100000
01000000
00000000
00000000
10000000
00000000
01000000
00100000
,  // measure 40
00000000
00000000
00010000
00000000
00001000
00000100
00000000
00000000
00000010
00000001
00000000
00000000
00000100
00000000
00001000
00010000
,  // measure 41
00000000
00000000
00100000
00000000
01000000
10000000
00000000
00000000
10000000
00100000
00000000
00000000
00100000
00000000
01000000
00001000
,  // measure 42
00000000
00000000
00001000
00000000
00010000
00000100
00000000
00000000
00000010
00000001
00000000
00000000
00000100
00000000
00001000
00010000
,  // measure 43
00000000
00000000
00100000
00000000
01000000
10000000
00000000
00000000
10000000
00010000
00000000
00000000
00100000
00000000
00001000
00010000
,  // measure 44
00000000
00000000
00000100
00000000
00000010
00000001
00000000
00000000
00000001
00000100
00000000
00000000
00001000
00000000
00010000
01000000
,  // measure 45
00000000
00000000
10000000
00000000
01000000
00100000
00000000
00000000
00010000
00001000
00000000
00000000
00000100
00000000
00000010
00000001
,  // measure 46
00000000
00000000
00000001
00000000
00000100
00001000
00000000
00000000
00010000
01000000
00000000
00000000
10000000
00000000
01000000
00100000
,  // measure 47
00000000
00000000
00010000
00000000
00001000
00000100
00000000
00000000
00000010
00000100
00000000
00000000
00001000
00000000
00010000
00100000
,  // measure 48
00000000
00000000
01000000
00000000
10000000
00100000
00000000
00000000
00100000
01000000
00000000
00000000
00010000
00000000
00100000
00001000
,  // measure 49
00000000
00000000
00001000
00000000
00010000
00000100
00000000
00000000
00000010
00000001
00001000
00000000
00000100
00000000
00010000
00000000
,  // measure 50
00001000
00000000
00100000
00000000
01000000
00000000
10000000
01000000
00100000
00000000
00010000
00000000
00001000
00000000
00000100
00000000
,  // measure 51
00000010
00000000
00000001
00000000
00000100
00000000
00001000
00000000
00010000
00100000
00000000
00000000
01000000
10000000
00000000
00000000
,  // measure 52
00010000
00100000
00000000
00000000
00001000
00010000
00000000
00000000
00000100
00001000
00000000
00000000
00000001
00000100
00000001
00000100
,  // measure 53
00000000
00000000
00001000
00010000
00000000
00000000
00100000
02000000
00100000
00000000
00000000
00000000
13000000
00000000
10000000
00000000
,  // measure 54
01000000
00000000
00100000
00000000
00010000
00000000
00000000
00000000
00001000
00000100
00000000
00000000
00000100
00000010
00000001
00000010
,  // measure 55
00000000
00000000
00000100
00001000
00000000
00000000
00010000
00002000
00010000
00000000
00000000
00000000
01003000
00000000
00100000
00000000
,  // measure 56
10000000
00000000
01000000
00000000
00100000
00000000
00000000
00000000
00010000
00001000
00000000
00000000
00000100
00000010
00000100
00000010
,  // measure 57
00000000
00000000
00000001
00000100
00000000
00000000
00001000
00020000
00001000
00000000
00000000
00000000
00130000
00000000
01000000
00000000
,  // measure 58
10000000
00000000
00010000
00000000
10000000
01000000
00000000
00000000
01000000
00200000
00000000
00000000
00310000
00000000
00000000
00000000
,  // measure 59
00001000
00000200
00000000
00000000
00000310
00000000
00000001
00002000
00000001
00000000
00000000
00000000
00003100
00000000
00000000
00000000
,  // measure 60
00010000
00000000
00001000
00000000
00100000
00000000
00000000
00000000
01000000
10000000
00000000
00000000
10000000
00010000
10000000
00010000
,  // measure 61
00000000
00000000
00100000
00001000
00000000
00000000
00010000
00000200
00010000
00000000
00000000
00000000
00001300
00000000
00000010
00000000
,  // measure 62
00010000
00000000
00001000
00000000
00100000
00000000
00000000
00000000
01000000
10000000
00000000
00000000
10000000
00100000
01000000
00010000
,  // measure 63
00000000
00000000
00010000
00001000
00000000
00000000
00001000
00000200
00000010
00000000
00000000
00000000
00001300
00000000
00000000
00000000
,  // measure 64
00010000
00200000
00000000
00000000
01300000
00000000
00000000
00000000
10000000
00020000
00000000
00000000
00130000
00000000
00000000
00000000
,  // measure 65
01000000
00002000
00000000
00000000
00100000
00003000
00000000
00000000
00010000
00000200
00000000
00000000
00000010
00000000
00000010
00000000
,  // measure 66
00000310
00000000
00000001
00000010
00000100
00001000
00000010
00010000
,  // measure 67
00001000
01000000
00000000
00000000
01000000
00100000
00000000
00000000
00100000
00000000
10000000
00000000
01000000
00000000
00100000
00000000
,  // measure 68
00010000
00001000
01000000
00100000
00010000
00001000
00000100
00000010
,  // measure 69
00000001
00000000
00000100
00001000
00000000
00000000
00001000
00010000
00200000
00020000
00000000
00000000
00000000
00000000
00000000
00000000
,  // measure 70
00000000
00000000
00000000
00000000
,  // measure 71
00330000
00000000
00000000
00000000
;
