#TITLE:Never Gonna Come Back Down;
#SUBTITLE:;
#ARTIST:BT;
#TITLETRANSLIT:;
#SUBTITLETRANSLIT:;
#ARTISTTRANSLIT:;
#CREDIT:;
#BANNER:NGCBD-bn.png;
#BACKGROUND:NGCBD-bg.png;
#LYRICSPATH:;
#CDTITLE:!kilgaTitle.png;
#MUSIC:ngcbd.mp3;
#OFFSET:-3.533;
#SAMPLESTART:45.400;
#SAMPLELENGTH:12.000;
#SELECTABLE:YES;
#BPMS:0.000=136.000;
#STOPS:;
#BGCHANGES:;
// cache tags:
#FIRSTBEAT:0.000;
#LASTBEAT:197.000;
#SONGFILENAME:Songs/All Songs/Never Gonna Come Back Down/ngcbd.sm;
#HASMUSIC:1;
#HASBANNER:1;
#MUSICLENGTH:90.886;
// end cache tags

//---------------dance-single - ----------------
#NOTES:
     dance-single:
     :
     Hard:
     12:
     1.000,1.000,1.000,0.132,1.000,698.000,273.000,12.000,0.000,0.000:  // measure 1
0101
0000
1001
0010
0100
0010
1001
0000
1100
0000
0011
0000
1000
1000
1010
0000
,  // measure 2
0110
0000
1100
0001
0100
0001
1010
0000
0101
0000
1010
0000
0100
0100
0101
0000
,  // measure 3
1001
0000
1010
0100
0001
1000
0011
0000
1100
0000
0101
0000
0010
0010
0110
0000
,  // measure 4
0110
0000
1001
0100
1000
0010
1001
0000
0011
0000
1010
0000
0001
0001
1001
0000
,  // measure 5
0110
0000
1010
0001
1100
0010
0101
0000
1100
0000
0011
0000
0100
0100
0110
0000
,  // measure 6
1001
0000
0011
0100
1010
0001
1100
0000
0011
0000
0101
0000
1010
0100
0010
0210
,  // measure 7
0000
0300
0001
1000
0011
1000
0001
2001
0000
3000
0001
0010
1100
0010
0001
0120
,  // measure 8
0000
0030
0100
0001
1010
0100
1000
0010
0102
0003
1100
0000
1001
0000
0110
0000
,  // measure 9
1001
0000
0011
1000
0110
0001
1100
0010
1001
0000
0110
1001
0110
0000
0011
0000
,  // measure 10
1100
0000
0101
0010
0101
1000
0101
0010
0101
0000
1100
0011
1100
0000
0101
0000
,  // measure 11
1010
0000
0011
0100
1001
0010
1100
0001
0110
0000
0101
1010
0101
0000
1001
0000
,  // measure 12
0110
0000
1010
0100
1001
0010
1100
0001
1010
0000
0101
0110
1010
0000
1100
0000
,  // measure 13
0011
0000
1100
0010
0101
1000
0011
0100
1010
0000
0011
0110
1100
0000
1010
0000
,  // measure 14
0101
0000
0110
1000
0011
0100
1010
0001
0110
0000
1010
1001
0101
0000
0110
0000
,  // measure 15
1001
0000
1001
0010
1100
0001
1010
0100
0011
0000
1001
0110
1001
0000
0110
0000
,  // measure 16
1001
0000
1100
0100
0011
0010
1100
0100
0011
0000
1000
0100
0001
1100
0001
1100
,  // measure 17
0000
0001
1100
0000
1000
0011
1000
0011
0000
1000
0011
0000
0110
0000
1001
0000
,  // measure 18
1000
0001
1000
0001
1000
0001
1000
0001
1000
0001
1000
0001
1000
0001
1000
0001
1000
0001
1000
0001
1000
0001
1000
0001
1000
0001
1000
0001
1000
0001
1000
0001
,  // measure 19
1000
0001
1000
0001
1000
0001
1000
0001
1000
0001
1000
0001
1000
0001
1000
0001
1000
0001
1000
0001
1000
0000
0000
0000
2001
0000
3000
0000
0010
0000
1002
0000
,  // measure 20
0003
0010
2001
3000
0100
1002
0003
0100
2001
3000
0010
1002
0013
0100
2001
3010
,  // measure 21
0000
0001
1000
0000
0110
0000
0110
0000
1100
0011
0000
0000
0100
1010
0100
1010
,  // measure 22
0000
1000
0011
0000
1001
0100
1000
0010
1001
0100
1000
0010
0101
1000
0101
0010
,  // measure 23
0000
0110
1001
0000
0011
0000
1010
0000
0101
1100
0000
0000
0110
1001
1001
0110
,  // measure 24
0000
1001
0110
0000
0011
0100
1000
0100
0011
0100
1000
0100
1001
0010
0001
0100
,  // measure 25
1010
0001
0110
1000
0100
0010
0001
0100
1010
0100
0011
1000
0001
0010
1100
0010
,  // measure 26
1001
0010
1100
0010
0001
0100
1000
0100
1010
0100
0011
1000
0100
0010
1001
0010
,  // measure 27
0100
1000
0100
0010
0001
0010
1100
0001
0110
1000
0011
0100
1000
0001
1100
0001
,  // measure 28
0110
0001
1010
0100
1001
0100
1010
0001
0010
0001
1100
0001
0010
0100
1000
0100
,  // measure 29
0011
1000
0101
0010
0001
1000
0100
0010
1001
0010
1100
0001
1000
0001
0110
1000
,  // measure 30
0100
0001
0010
0100
1001
0100
0001
0100
1010
0001
0110
1000
0100
0001
1010
0100
,  // measure 31
0010
0001
0010
0100
1000
0100
0011
0100
1001
0010
1100
0001
0010
0100
1010
0100
,  // measure 32
0011
0100
1001
0010
1100
0001
1010
0100
0001
0100
0011
0100
1000
0010
0100
0001
,  // measure 33
1100
0010
0101
1000
0010
0100
0001
0100
0011
1000
0101
0010
0001
0010
1100
0001
,  // measure 34
1000
0001
0010
1000
0101
0010
0100
0001
1010
0100
0011
1000
0001
0010
1100
0010
,  // measure 35
0001
0010
0100
1000
0100
0010
0101
1000
0110
1000
0011
0100
0010
0001
1100
0001
,  // measure 36
1100
0001
0110
1000
0011
0100
1001
0010
0100
1000
0110
0001
1000
0010
0100
0001
,  // measure 37
0110
1000
0011
0100
0001
0010
1100
0010
0101
1000
0110
0001
1000
0100
0011
1000
,  // measure 38
0010
0100
0011
1000
0010
0100
1001
0010
0100
1000
0110
0001
0010
0100
1010
0100
,  // measure 39
0010
1000
0101
0010
1000
0010
1001
0010
1100
0001
0110
0001
0100
1000
0011
0100
,  // measure 40
1001
0010
1100
0001
0110
1000
0011
0100
1000
0010
1001
0100
1010
0001
0110
0010
,  // measure 41
1001
0010
0101
0001
1000
1000
0001
0001
1010
0001
1000
1000
1100
0001
0110
0100
,  // measure 42
1001
0100
0011
0010
0100
0100
0010
0010
1100
0010
0001
0001
0101
1000
0110
0010
,  // measure 43
1001
0100
1010
1000
0100
0100
0010
0010
0101
1000
0100
0100
0101
0010
0110
0100
,  // measure 44
1001
0010
1100
0100
0001
0001
1000
1000
0011
1000
0010
0010
1010
0001
0110
0010
,  // measure 45
1001
0100
1001
1000
0001
0001
1000
1000
1001
0010
0100
0100
0101
1000
0110
0100
,  // measure 46
1001
0010
0101
0100
0010
0010
0100
0100
1010
0100
0001
0001
0011
1000
0110
0010
,  // measure 47
1001
0100
0011
0001
0010
0010
0100
0100
1001
0100
0010
0010
0011
1000
0110
0100
,  // measure 48
1001
0100
1010
0010
1000
1000
0001
0001
0101
0000
0020
0000
0000
0000
0000
0000
,  // measure 49
1000
0001
0000
0000
0000
0000
0000
0000
1000
0001
0000
0000
0000
0000
0000
0000
,  // measure 50
1000
0031
0000
0000
1001
0000
0000
0000
0000
0000
0000
0000
0000
0000
0000
0000
;
