#TITLE:Ice Clim3;
#SUBTITLE:;
#ARTIST:Bogdan Raczynski;
#TITLETRANSLIT:;
#SUBTITLETRANSLIT:;
#ARTISTTRANSLIT:;
#CREDIT:;
#BANNER:bglogo.png;
#BACKGROUND:background-bg.png;
#LYRICSPATH:;
#CDTITLE:!reachTitle.png;
#MUSIC:BOGDAN_RACZYNSKI___ICE_CLIM3.mp3;
#OFFSET:-0.060;
#SAMPLESTART:37.440;
#SAMPLELENGTH:12.000;
#SELECTABLE:YES;
#BPMS:0.000=190.000,31.000=189.000,136.000=189.000,248.000=190.000,272.000=188.000,304.000=189.000;
#STOPS:;
#BGCHANGES:;
// cache tags:
#FIRSTBEAT:16.000;
#LASTBEAT:363.000;
#SONGFILENAME:Songs/All Songs/Reach - Ice Climber/iceclimb.sm;
#HASMUSIC:1;
#HASBANNER:1;
#MUSICLENGTH:116.474;
// end cache tags

//---------------dance-single - ----------------
#NOTES:
     dance-single:
     :
     Hard:
     12:
     1.000,1.000,1.000,0.455,1.000,928.000,176.000,53.000,0.000,1.000:  // measure 1
0000
0000
0000
0000
,  // measure 2
0000
0000
0000
0000
,  // measure 3
0000
0000
0000
0000
,  // measure 4
0000
0000
0000
0000
,  // measure 5
1001
0000
0110
1000
0200
0310
0001
0010
,  // measure 6
0200
0000
0300
0011
0000
1001
1001
0000
,  // measure 7
0011
0000
1100
0010
0002
0013
0100
1000
,  // measure 8
0200
0000
0300
1001
0000
0110
0110
0000
,  // measure 9
1001
0000
0110
0000
1001
0000
0000
0001
0010
0000
1001
0000
0110
0000
0000
0001
,  // measure 10
0010
0000
1100
0000
0011
0000
0000
0001
0010
0000
1001
0000
0110
0000
0000
1000
,  // measure 11
0100
0000
1001
0000
0110
0000
0000
1000
0100
0000
1100
0000
0110
0000
0000
1000
,  // measure 12
0100
0000
0011
0000
1100
0000
0000
1000
0100
0000
1100
0000
0110
0000
0000
0001
,  // measure 13
1000
0000
0011
0000
0110
0000
0000
0001
1000
0000
0011
0000
1100
0000
0000
0000
,  // measure 14
1000
0100
1000
0100
1000
0100
1000
0100
1000
0000
0000
0000
1001
0000
0000
0000
1001
0000
0000
0000
0011
0000
0000
0000
1100
0000
0000
0000
0000
0000
1000
0000
,  // measure 15
0100
0000
0011
0000
1100
0000
0000
1000
0100
0000
1100
0000
0110
0000
0000
0000
,  // measure 16
0010
0100
0010
0100
0010
0100
0010
0100
0010
0000
0000
0000
0000
0000
1000
0000
0100
0000
0000
0000
0011
0000
0000
0000
1100
0000
0000
0000
0000
0000
0001
0000
,  // measure 17
1000
0010
0001
0200
2300
3200
2300
3020
,  // measure 18
0130
0010
0100
0010
0100
0010
0100
0010
0100
0000
0000
0000
1000
0000
0000
0000
0010
0000
0000
0000
0100
0000
0000
0000
0001
0000
0000
0000
0000
0000
1000
0000
,  // measure 19
0100
0100
0001
2000
3200
0320
0032
0023
,  // measure 20
0031
1000
0001
1000
0001
1000
0001
1000
0001
0000
0000
0000
0100
0000
0000
0000
0010
0000
0000
0000
0001
0000
0000
0000
0010
0000
0000
0000
0000
0000
1000
0000
,  // measure 21
0100
0011
1100
0002
0023
0032
0023
2030
,  // measure 22
3010
0100
0010
0100
0010
0100
0010
0100
0010
0000
0000
0000
1001
0000
0000
0000
0110
0000
0000
0000
0011
0000
0000
0000
1001
0000
0000
0000
0000
0000
1000
0000
,  // measure 23
0100
0011
1100
2000
3002
2003
3002
2003
,  // measure 24
3001
1000
0001
1000
0001
1000
0001
1000
0001
0000
0000
0000
1100
0000
0000
0000
0011
0000
0000
0000
0110
0000
0000
0000
1001
0000
0000
0000
0000
0000
0100
0000
,  // measure 25
0200
0000
0310
0001
0010
0100
1000
0100
,  // measure 26
2000
0000
3000
1100
0110
0011
0110
0000
,  // measure 27
2000
0000
3001
0001
0010
0001
0100
0010
,  // measure 28
0200
0000
0000
0311
1100
0110
0101
0000
,  // measure 29
1000
0100
0010
0001
0100
0010
0100
0010
0100
0001
0010
0100
1000
0100
1000
0010
,  // measure 30
1000
0001
1000
0001
0010
0001
0100
0001
1000
0001
0010
0001
0010
0100
1000
0100
,  // measure 31
1000
0001
0010
0100
1000
0100
1000
0100
0010
0001
0010
0100
1000
0100
0010
0001
,  // measure 32
0010
0100
0010
0001
0010
0100
0010
0100
1000
0100
0010
0100
0010
0001
0010
0001
,  // measure 33
0010
0100
1000
0100
1000
0100
1000
0010
1000
0100
1000
0001
1000
0100
0010
0100
,  // measure 34
0001
0100
0010
0100
0001
0010
0100
0010
0001
1000
0100
0010
0001
0010
0100
1000
,  // measure 35
0100
1000
0100
1000
0010
1000
0010
1000
0001
1000
0001
1000
0001
0010
0001
0010
,  // measure 36
0001
0100
0001
0100
0001
1000
0001
1000
0001
0100
0001
0010
0001
0100
0001
1000
,  // measure 37
0100
0010
0001
0010
0100
1000
0100
0010
0100
1000
0001
0010
0100
0010
0001
0010
,  // measure 38
0100
1000
0100
0010
0100
0010
0001
0010
0100
0010
0100
0010
0100
0010
0100
0010
,  // measure 39
0100
1000
0010
0100
0001
1000
0100
1000
,  // measure 40
0010
0100
0010
0100
0010
0100
0010
0100
0010
0000
0000
0000
1100
0000
0000
0000
0110
0000
0000
0000
0011
0000
0000
0000
0110
0000
0000
0000
0000
0000
1000
0000
,  // measure 41
0100
0010
0001
0010
0100
1000
0010
0100
,  // measure 42
0010
0100
0010
0100
0010
0100
0010
0100
0010
0000
0000
0000
1100
0000
0000
0000
0110
0000
0000
0000
1100
0000
0000
0000
0110
0000
0000
0000
0000
0000
1000
0000
,  // measure 43
0100
0010
0100
0001
1000
0010
0100
1000
,  // measure 44
0001
1000
0001
1000
0001
1000
0001
1000
0001
0000
0000
0000
1100
0000
0000
0000
0110
0000
0000
0000
0011
0000
0000
0000
0110
0000
0000
0000
0000
0000
1000
0000
,  // measure 45
0100
1000
0100
1000
0100
0010
0001
0010
,  // measure 46
0001
1000
0001
1000
0001
1000
0001
1000
0001
0000
0000
0000
1100
0000
0000
0000
0110
0000
0000
0000
1010
0000
0000
0000
0101
0000
0000
0000
0000
0000
0100
0000
,  // measure 47
0010
0100
0010
1000
0001
1000
0100
0010
,  // measure 48
0010
1000
0010
1000
0010
1000
0010
1000
0010
0000
0000
0000
1010
0000
0000
0000
0101
0000
0000
0000
1010
0000
0000
0000
0110
0000
0000
0000
0000
0000
0000
0000
,  // measure 49
0001
0010
0100
1000
0100
0010
0001
0010
0100
1000
0100
0010
0001
0010
0100
1000
,  // measure 50
0001
0010
0100
1000
0100
1000
0001
0010
0100
1000
0100
1000
0100
0010
0100
0010
,  // measure 51
0001
0010
0001
1000
0100
0010
0001
0010
0001
1000
0100
0010
0100
0010
0001
0010
,  // measure 52
0100
1000
0100
1000
0100
1000
0010
1000
0010
1000
0001
1000
0001
1000
0010
1000
,  // measure 53
0100
0011
1100
0110
1001
0110
0011
1100
,  // measure 54
0120
0000
0000
0000
0030
0000
1100
0000
0110
0000
0011
0000
0110
0000
0000
1000
,  // measure 55
0110
0011
0110
1010
0101
0110
0011
0110
,  // measure 56
2100
0000
3000
0110
0011
0110
1001
0000
,  // measure 57
1100
0000
1100
0000
1100
0000
1100
0000
2100
0000
0000
3100
1000
0100
0000
0000
,  // measure 58
0100
1000
0100
1000
0100
1000
1100
0000
0110
0000
0000
0000
1001
0000
0000
0000
,  // measure 59
0001
1000
0001
1000
0001
1000
0001
0010
2001
0000
0000
0010
3100
0010
0000
0000
,  // measure 60
1000
0100
1000
0100
1000
0100
1100
0000
0011
0000
0000
0000
1001
0000
0000
0000
,  // measure 61
1000
0100
0010
0001
0010
0100
1000
0100
2100
0000
0000
3010
0100
0010
0000
0000
,  // measure 62
1000
0001
1000
0001
1000
0001
1100
0000
0110
0000
0000
0000
1001
0000
0000
0000
,  // measure 63
1000
0100
0010
0100
0010
0001
0010
0100
0020
0000
0000
0130
0010
0100
0000
0000
,  // measure 64
0001
0010
0001
0010
1001
0000
0010
1000
0010
1000
0010
1000
0110
0000
1100
0000
,  // measure 65
0010
0001
0010
0001
0010
0100
1000
0100
2000
0000
0000
3100
1000
0100
0000
0000
,  // measure 66
0010
1000
0010
1000
0110
0000
0001
1000
0001
1000
0001
1000
0011
0000
1001
0000
,  // measure 67
0001
0010
0100
1000
0100
0010
0001
0010
0200
0000
0000
0310
0100
0010
0000
0000
,  // measure 68
0001
0100
0001
0100
1001
0000
0010
0100
0010
0100
0001
0100
1010
0000
0110
0000
,  // measure 69
1100
0000
1010
0000
1100
0000
1010
0000
2100
0000
0000
3100
1000
0100
0000
0000
,  // measure 70
1000
0100
1000
0100
1100
0000
0010
0100
0010
0100
0010
0100
0010
1000
0010
0100
,  // measure 71
0110
0000
0011
0000
1100
0000
0110
0000
2001
0000
0000
3010
1000
0010
0000
0000
,  // measure 72
0001
1000
0001
1000
1001
0000
0010
0100
0010
0100
0001
0100
1001
0000
0110
0000
,  // measure 73
1001
0000
1001
0000
0220
0000
0330
0000
2100
0000
0000
3100
1000
0100
0000
0000
,  // measure 74
0100
0010
0100
0010
0110
0000
0001
0010
0001
0010
0001
0010
1001
0000
0110
0000
,  // measure 75
1001
0000
1001
0000
0220
0000
0330
0000
1002
0000
0000
0013
1000
0010
0000
0000
,  // measure 76
0010
0100
0010
0100
0110
0000
0001
0100
0001
0100
0001
0100
1001
0000
0110
0000
,  // measure 77
2001
0000
0000
0000
0000
0000
0000
0000
0000
0000
3001
0000
0010
0100
0000
1000
,  // measure 78
0100
0010
0100
0010
1100
0000
0001
1000
0001
1000
0001
1000
0001
0010
0100
0010
,  // measure 79
1002
0000
0000
0000
0000
0000
0000
0000
0000
0000
1003
0000
0100
0010
0000
0001
,  // measure 80
0010
0100
0010
0100
0011
0000
0010
1000
0010
0100
0001
0100
0010
1000
0010
0100
,  // measure 81
2001
0000
0000
0000
0000
0000
0000
0000
0000
0000
3001
0000
0010
0100
0000
1000
,  // measure 82
0100
1000
0100
1000
1100
0000
0010
0100
0010
0100
0010
0100
0001
0100
0001
0100
,  // measure 83
1020
0000
0000
0000
0000
0000
0000
0000
0000
0000
1030
0000
0100
1000
0000
0100
,  // measure 84
1000
0001
1000
0001
1100
0000
0001
1000
0001
0100
0001
0010
0001
0100
0001
1000
,  // measure 85
0021
0000
0000
0000
0000
0000
0000
0000
0000
0000
0031
0000
0010
0100
0000
1000
,  // measure 86
0100
1000
0010
1000
1010
0000
0001
0010
0100
1000
0100
0010
0001
0010
0100
1000
,  // measure 87
0012
0000
0000
0000
0000
0000
0000
0000
0000
0000
0013
0000
0100
1000
0000
0100
,  // measure 88
0010
0001
0010
0001
0011
0000
0010
0001
0010
0100
0010
0001
0010
0100
1000
0100
,  // measure 89
2001
0000
0000
0000
0000
0000
0000
0000
0000
0000
3010
0000
0100
0010
0000
1000
,  // measure 90
0001
1000
0001
1000
0011
0000
0001
0010
0100
0010
0100
1000
0100
0010
0100
0000
,  // measure 91
1001
1001
0220
0000
0000
0000
0330
0000
;
