#TITLE:Vanish Into Thin Air;
#SUBTITLE:;
#ARTIST:STM;
#TITLETRANSLIT:;
#SUBTITLETRANSLIT:;
#ARTISTTRANSLIT:;
#CREDIT:;
#BANNER:vanish.png;
#BACKGROUND:vanish-bg.png;
#LYRICSPATH:;
#CDTITLE:!mwerpTitle.png;
#MUSIC:vanish_into_thin_air.mp3;
#OFFSET:-0.070;
#SAMPLESTART:40.886;
#SAMPLELENGTH:12.000;
#SELECTABLE:YES;
#BPMS:0.000=95.000,18.000=190.000,50.000=200.000,273.000=100.000,277.000=200.000;
#STOPS:80.500=0.300
;
#BGCHANGES:;
// cache tags:
#FIRSTBEAT:0.500;
#LASTBEAT:349.000;
#SONGFILENAME:Songs/All Songs/vanishintothinair/vanishair.sm;
#HASMUSIC:1;
#HASBANNER:1;
#MUSICLENGTH:116.252;
// end cache tags

//---------------dance-single - ----------------
#NOTES:
     dance-single:
     :
     Hard:
     11:
     1.000,1.000,0.972,0.000,1.000,935.000,113.000,0.000,0.000,0.000:  // measure 1
0000
0000
0010
0000
0100
0001
0000
1001
0000
0000
0000
0000
0000
0000
0000
0000
,  // measure 2
0000
0000
0010
0100
0001
1000
0100
0010
0110
0000
0000
0000
0000
0000
0000
0000
,  // measure 3
0000
0000
1000
0010
1000
0001
0010
0100
0101
0000
0000
0000
0000
0000
0000
0000
,  // measure 4
0000
0000
0001
0010
0100
1000
0100
0010
1100
0000
0000
0000
0000
0000
0000
0000
,  // measure 5
0000
0000
1000
0010
0100
0001
0100
0010
1010
0000
0000
0000
0000
0000
0000
0000
,  // measure 6
0000
0000
0000
0000
0000
0000
1000
0010
,  // measure 7
0100
0001
1000
0100
0011
0000
0000
0000
,  // measure 8
0000
0000
0000
0000
0000
0000
0001
0010
,  // measure 9
0001
1000
0010
1000
1100
0000
0000
0000
,  // measure 10
0000
0000
0000
0000
0000
0000
0100
0010
,  // measure 11
0100
0001
1000
0100
0110
0100
0001
0000
,  // measure 12
1000
0000
0010
0001
0000
1000
0100
0000
,  // measure 13
0010
0000
1000
0000
0100
0000
0010
0000
0001
0000
1000
0000
0100
1000
0001
0000
,  // measure 14
0100
0000
0010
0000
1000
0010
0100
0001
0100
0010
1000
0000
0010
0000
0001
0000
,  // measure 15
0010
1000
0100
0010
0100
0010
0001
0000
0010
0000
0001
0000
0100
0000
1000
0100
,  // measure 16
0001
0000
0010
0000
0100
0010
0001
1000
0100
1000
0001
0000
0010
0000
0001
0010
,  // measure 17
0100
0010
0100
0000
0010
0001
0100
0000
0001
0000
1000
0000
0100
1000
0001
0000
,  // measure 18
0100
0000
0010
0000
1000
0010
0100
0001
0100
0010
1000
0000
0010
0000
0001
0000
,  // measure 19
0010
1000
0100
0010
0100
0010
0001
0000
0010
0000
0001
0000
0100
0000
1000
0100
,  // measure 20
0001
0000
0010
0000
0100
0010
0001
1000
0100
1000
0001
0000
0010
0000
0001
0010
,  // measure 21
0100
0000
1001
0000
0011
0000
1100
0000
0011
0100
0010
0000
0011
0000
1000
0000
,  // measure 22
0110
1000
0001
0100
0001
0010
0100
0000
1001
0000
0110
0000
1010
0100
0001
1000
,  // measure 23
0101
1000
0010
0000
1010
0000
0110
0000
0011
0000
0101
0010
0001
0000
1010
0000
,  // measure 24
1100
0010
1000
0100
0010
0100
0010
0000
1001
0000
0110
1000
0001
1000
0100
0000
,  // measure 25
0011
1000
0100
0000
1010
0000
0101
0000
1010
0001
1000
0000
1010
0000
0100
0000
,  // measure 26
1001
0100
0010
0001
0010
1000
0001
0000
0110
0000
1001
0000
1100
0001
0010
0100
,  // measure 27
0011
0100
1000
0000
1100
0000
1001
0000
1010
0000
0011
1000
0010
0000
1100
0000
,  // measure 28
0101
1000
0100
0001
1000
0001
1000
0000
0110
0000
1001
0100
0010
0100
0001
0000
,  // measure 29
1010
0100
0001
0000
1100
0000
0011
0000
1100
0010
0100
0000
1100
0000
0001
0000
,  // measure 30
0110
0001
1000
0010
1000
0100
0010
0000
1001
0000
0110
0000
0101
0010
1000
0001
,  // measure 31
1010
0001
0100
0000
0101
0000
0110
0000
1100
0000
1010
0100
1000
0000
0101
0000
,  // measure 32
0011
0100
0001
0010
0100
0010
0100
0000
1001
0000
0110
0001
1000
0001
0010
0000
,  // measure 33
1100
0001
0010
0000
0101
0000
1010
0000
0101
1000
0001
0000
0101
0000
0010
0000
,  // measure 34
1001
0010
0100
1000
0100
0001
1000
0000
0110
0000
1001
0000
0011
1000
0100
0010
,  // measure 35
1100
0010
0001
0000
0011
0000
1001
0000
0101
0000
1100
0001
0100
0000
0011
0000
,  // measure 36
1010
0001
0010
1000
0001
1000
0001
0000
0110
0000
1001
0010
0100
0010
1000
0000
,  // measure 37
0101
0010
1000
0000
0100
0010
0001
1000
0100
0010
0001
1000
0100
0010
0001
1000
,  // measure 38
0100
0010
0001
1000
0100
0000
1000
0000
0001
0000
0010
0000
0100
0000
1000
0000
,  // measure 39
0010
0000
1000
0000
0010
0100
0001
0000
1000
0000
0010
0000
0100
0000
0001
0000
,  // measure 40
1000
0000
0100
0000
0010
0000
0010
0100
1000
0000
0010
0100
1000
0001
0010
0100
,  // measure 41
1000
0001
0010
0100
1000
0000
0100
0000
0010
0000
0001
0000
1000
0000
0010
0000
,  // measure 42
0100
0001
0001
1000
0100
0010
0001
1000
,  // measure 43
0001
0010
0001
0100
0010
1000
0001
0010
,  // measure 44
0100
0000
1000
0000
0100
0000
0010
0000
0001
0000
1000
0000
0001
0100
0010
0000
,  // measure 45
0010
0000
0100
0000
0010
0000
1000
0001
0010
0100
1000
0001
1000
0100
0010
0001
,  // measure 46
1000
0001
0010
0100
1000
0000
0010
0000
0100
0000
0001
0010
0100
1000
0010
0100
,  // measure 47
0001
0100
0010
1000
0100
1000
0100
1000
0001
0010
0001
0010
0001
0100
0001
0100
,  // measure 48
0010
1000
0010
1000
0100
0000
0100
0010
0001
0000
0100
0000
0100
0010
1000
0000
,  // measure 49
1000
0010
0100
0000
0001
0010
0100
1000
0001
0010
0100
1000
0001
0010
0100
1000
,  // measure 50
0001
0010
0100
1000
0001
0000
0010
0000
0001
0000
1000
0000
0100
0000
1000
0000
,  // measure 51
0001
0000
0010
0000
0100
0010
0001
1000
0100
0010
0001
1000
0100
0010
0001
1000
,  // measure 52
0100
0010
0001
1000
0100
0000
0000
0000
0000
0000
0010
0000
0000
0000
0000
0000
,  // measure 53
0001
0000
1010
0001
0010
0001
0100
0010
,  // measure 54
0100
0010
0101
1000
0010
1100
0001
1000
,  // measure 55
0011
0100
1001
0100
0010
0101
0010
1000
,  // measure 56
1100
0001
1010
0100
0001
1100
0001
0010
,  // measure 57
0101
1000
1010
0001
0010
0001
0100
0010
,  // measure 58
0100
0010
0101
0010
0001
0010
1000
0001
,  // measure 59
0010
1000
0011
0001
0100
1000
0100
0001
,  // measure 60
1000
0100
1100
1000
0001
0011
0001
1000
,  // measure 61
1001
1000
1100
0001
0100
0110
0001
1001
,  // measure 62
0010
0001
0101
0010
1000
1010
0001
0100
,  // measure 63
0101
1000
1100
0010
0100
0011
0001
1000
,  // measure 64
0101
0010
1010
0100
0010
0110
1000
0001
,  // measure 65
1001
0001
0110
0100
1000
0001
0100
0001
,  // measure 66
1000
0100
0001
1000
0100
1000
0001
0100
,  // measure 67
1000
0001
1001
0010
0100
0001
0010
0001
,  // measure 68
0100
0010
0001
0100
0010
0100
0001
0010
,  // measure 69
0100
0001
0010
0000
0001
0000
0100
1000
,  // measure 70
0010
0000
0001
0000
1001
0000
0001
0010
0100
0000
0001
0010
0100
1000
0001
0010
,  // measure 71
0100
1000
0001
0010
0100
1000
0001
0010
0100
1000
0001
0010
0100
1000
0001
0010
,  // measure 72
0100
1000
0001
0010
0100
0010
0001
1000
0100
0010
0001
1000
0100
0010
0001
1000
,  // measure 73
0100
0010
0001
1000
0100
0010
0001
1000
0100
0010
0001
1000
0100
0010
0001
1000
,  // measure 74
0100
0010
0001
1000
0001
0010
0100
1000
0001
1000
0100
0010
0001
1000
0001
0010
,  // measure 75
0100
1000
0001
1000
0100
0010
0001
1000
0001
0010
0100
1000
0001
1000
0100
0010
,  // measure 76
0001
1000
0001
0010
0100
1000
0001
0010
0100
1000
0001
0010
0100
1000
0001
0010
,  // measure 77
0100
1000
0001
0010
0100
0010
0001
1000
0100
0010
0001
1000
0100
0010
0001
1000
,  // measure 78
0100
0010
0001
1000
0100
0010
0001
0100
0001
1000
0100
0010
0001
0100
0001
1000
,  // measure 79
0100
0010
0001
0100
0001
1000
0100
0010
0001
0100
0010
1000
0001
0100
0010
1000
,  // measure 80
0001
0100
0010
1000
0001
0010
0100
1000
0001
0100
0010
1000
0100
1000
0010
0100
,  // measure 81
0001
0010
0001
0100
1000
0100
0001
0010
0100
1000
0100
1000
0010
0001
0010
0001
,  // measure 82
0010
1000
0100
0010
0001
0010
0100
1000
0001
0100
0010
1000
0001
0010
0100
1000
,  // measure 83
0001
0100
0010
1000
0001
0010
0100
1000
0001
0100
0010
1000
0001
0010
0100
1000
,  // measure 84
0001
0100
0010
1000
0001
1000
0100
0010
0001
1000
0010
0100
0010
1000
0001
0100
,  // measure 85
0010
0100
0001
1000
0010
0100
0010
1000
0100
0010
0001
0010
0001
1000
0100
0010
,  // measure 86
0001
0010
0001
1000
0100
0010
0001
1000
0010
0100
0001
1000
0100
0010
0001
1000
,  // measure 87
0010
0100
0001
1000
0100
0010
0001
1000
0010
0100
0001
1000
0100
0010
0001
1000
,  // measure 88
0010
0100
0001
1000
1001
0000
0000
0000
0000
0000
0000
0000
0000
0000
0000
0000
;
