#TITLE:TAMAYURA;
#SUBTITLE:(DRUMMANIA VERSION);
#ARTIST:Hirofumi Sasaki;
#TITLETRANSLIT:;
#SUBTITLETRANSLIT:;
#ARTISTTRANSLIT:;
#CREDIT:;
#BANNER:Tamayura (Drummania Version).png;
#BACKGROUND:Tamayura (Drummania Version)-bg.png;
#LYRICSPATH:;
#CDTITLE:!toph-cdtitle.png;
#MUSIC:Hirofumi Sasaki - Tamayura (Drummania Version).mp3;
#OFFSET:-2.062;
#SAMPLESTART:86.650;
#SAMPLELENGTH:10.850;
#SELECTABLE:YES;
#DISPLAYBPM:180.000;
#BPMS:0.000=180.000,8.000=185.000,9.000=191.000,11.000=181.000,13.500=173.000,15.000=160.000,15.500=140.000,16.000=133.000,17.500=180.000,30.000=167.000,31.000=178.000,32.000=194.600,33.000=202.000,34.000=203.000,35.000=199.000,36.000=196.000,37.000=194.000,38.000=215.000,40.000=212.000,41.000=180.000,42.500=190.000,43.750=164.000,44.000=148.000,44.500=165.000,54.500=159.000,56.500=160.000,58.000=210.000,59.000=194.000,60.000=193.800,61.000=174.000,62.000=160.700,63.000=147.000,64.000=123.400,65.000=108.000,66.000=116.000,71.000=180.000;
#STOPS:71.000=0.370
;
#BGCHANGES:;
// cache tags:
#FIRSTBEAT:6.750;
#LASTBEAT:320.500;
#SONGFILENAME:Songs/All Songs/Toph - Tamayura (Drummania Version)/Tamayura (Drummania Version).sm;
#HASMUSIC:1;
#HASBANNER:1;
#MUSICLENGTH:112.987;
// end cache tags

//---------------dance-single - ----------------
#NOTES:
     dance-single:
     :
     Hard:
     12:
     1.000,1.000,1.000,0.221,1.000,726.000,131.000,25.000,0.000,2.000:  // measure 1
0000
0000
0000
0000
,  // measure 2
0000
0000
0000
0000
0000
0000
0000
0000
0000
0000
0000
0000
0000
0000
0000
0000
0000
0000
0000
0000
0000
0000
2000
0000
0000
0000
0000
0000
0000
0000
0000
3002
,  // measure 3
0000
0023
0230
0320
,  // measure 4
0032
0000
0000
0000
0000
0003
1000
1000
,  // measure 5
0100
0100
0000
0000
0000
0000
0000
0000
,  // measure 6
0000
0000
0000
0000
,  // measure 7
0000
0000
0000
0000
,  // measure 8
0000
0000
0000
0020
,  // measure 9
0230
0302
2003
3002
,  // measure 10
2003
0000
0000
3020
0000
0000
0230
0000
0000
0301
0010
0100
,  // measure 11
1000
0000
0000
0000
1000
0000
0000
0000
0000
0000
0000
0000
0000
0000
0000
0001
,  // measure 12
0100
0000
0010
2000
0000
0000
0000
0000
0000
0000
0000
0000
0000
0000
0000
0000
,  // measure 13
0000
0000
3000
0000
,  // measure 14
0000
0000
0000
0000
,  // measure 15
0000
0010
0001
0010
0000
0000
0100
1000
,  // measure 16
0200
0320
0032
2003
,  // measure 17
3021
0230
0302
1023
,  // measure 18
0000
0000
0000
0030
,  // measure 19
1001
0000
0100
0010
0100
0000
0011
0000
1000
0001
1000
0000
0110
0000
0001
1000
,  // measure 20
0101
0000
0010
1000
0010
0000
1001
0000
0100
1000
0100
0000
0011
0000
1000
0001
,  // measure 21
1100
0000
0010
0100
0010
0000
1001
0000
0010
1000
0010
0000
0101
0000
1000
0001
,  // measure 22
1010
0000
0001
1000
0001
0000
0110
0000
1000
0100
1000
0000
0110
0000
0010
0000
,  // measure 23
0011
0000
1000
0001
1000
0000
0110
0000
0001
1000
0001
0000
1010
0000
0001
1000
,  // measure 24
0011
0000
0100
1000
0100
0000
1001
0000
0100
0001
0100
0000
1010
0000
0001
1000
,  // measure 25
0011
0000
0100
0010
0100
0000
1010
0000
0001
0100
0001
0000
1100
0000
0010
0100
,  // measure 26
0011
0000
1000
0001
1000
0000
0110
0000
0001
0100
0001
0000
0110
0000
1000
0100
,  // measure 27
1001
0010
0100
0001
0010
0001
0100
0010
1000
0100
0010
0001
0000
0001
0100
0010
,  // measure 28
1001
0100
0010
0001
0100
0010
1000
0001
0010
0001
1000
0010
0000
0010
0100
0001
,  // measure 29
1100
0001
0010
0001
0100
0010
1000
0001
0110
1000
0001
0100
0010
1000
0100
0010
,  // measure 30
1001
0100
0010
0001
1000
0010
0100
0001
0000
0001
0010
0001
0100
0000
0010
0000
,  // measure 31
1001
0010
0100
0001
1000
0100
0010
0001
0100
0001
1000
0010
0000
0100
0000
0001
,  // measure 32
1100
0001
0100
0010
1000
0100
0010
0001
1000
0010
0100
0001
0000
0010
0000
0100
,  // measure 33
1001
0010
0100
0001
1000
0100
0010
0001
1100
0001
0100
0010
1000
0100
0010
0001
,  // measure 34
0110
1000
0001
0100
0011
1000
0100
0010
0001
0100
0001
0010
0001
0100
0001
1000
,  // measure 35
0110
0000
0001
1000
0010
0000
0101
0000
1000
0100
0010
0001
1000
0000
0010
0100
,  // measure 36
1001
0000
0010
0100
0001
0000
1010
0000
0001
0100
0010
1000
0001
0000
1000
0001
,  // measure 37
0110
0000
1000
0001
0100
0000
1010
0000
0100
1000
0001
0100
0010
0000
1000
0100
,  // measure 38
0011
0000
1000
0001
0100
0000
1010
0000
0001
1000
0100
0010
0001
0000
0100
0010
,  // measure 39
1001
0000
0100
0010
1000
0000
0011
0000
1000
0001
0100
0010
1000
0000
0001
1000
,  // measure 40
0110
0000
1000
0001
0010
0000
1100
0000
0010
0100
0001
1000
0100
0000
0010
0001
,  // measure 41
1000
0000
0001
1000
0010
0000
1000
0100
0010
0000
0001
0100
0010
0000
0100
0001
,  // measure 42
0010
0000
0100
1000
0010
0000
1000
0100
0010
0001
0100
0010
1000
0000
1000
0000
,  // measure 43
1001
0000
0010
0000
0101
0000
0010
0100
1000
0000
0001
0100
0010
1000
0001
0000
,  // measure 44
0110
0000
1000
0000
0101
0000
0010
1000
0001
0010
0100
0010
0001
0100
0010
0000
,  // measure 45
1001
0000
0100
0000
1010
0000
0001
1000
0100
0000
0010
0001
0100
0010
1000
0000
,  // measure 46
0011
0000
0100
0000
1001
0000
0010
1000
0100
0010
0100
1000
0001
0100
0010
0000
,  // measure 47
1001
0000
1000
0100
0011
0000
1100
0000
0001
1000
0110
0000
1001
0000
0100
0010
,  // measure 48
1001
0000
0001
0010
1100
0000
0011
0000
1000
0001
0110
0000
1001
0000
1000
0100
,  // measure 49
0011
0000
1000
0001
1100
0000
0101
0000
0010
1000
0101
0000
1100
0000
0001
0010
,  // measure 50
1100
0000
0001
1000
0110
0000
1001
0000
0010
0000
1001
0000
0110
1000
0100
1000
,  // measure 51
0011
0000
0110
0000
,  // measure 52
1100
0000
0000
0000
0001
0010
0001
0010
0001
0010
0001
0010
0001
0010
0001
0010
,  // measure 53
1001
0000
1000
0100
1000
0000
0100
0000
0010
0000
1001
0000
0100
0000
0010
0000
,  // measure 54
0001
0000
1010
0000
0001
0100
0010
1000
0100
0000
0010
0001
0010
0000
0100
0000
,  // measure 55
1000
0000
0001
0000
0100
0000
1010
0000
0001
0000
0010
0000
0001
1000
0010
0000
,  // measure 56
0101
0000
0000
0000
0000
0000
1000
0000
0100
0000
0010
0000
0001
0000
0000
0000
0000
0000
1100
0000
0000
0000
0000
0000
0001
0000
0000
1000
0000
0000
0010
0000
0000
0000
0000
0000
0100
0000
0000
0001
0000
0000
1000
0000
0000
0000
0000
0000
,  // measure 57
0110
0000
0011
0000
1000
0000
0001
1000
0010
0000
0100
0001
1000
0000
0100
0000
,  // measure 58
0010
0001
1000
0010
0100
0001
0010
0000
0001
0000
1000
0000
0100
0000
1001
0000
,  // measure 59
0100
0010
0100
0000
1001
0000
0001
0010
0100
0000
0011
0000
1000
0010
0100
0000
,  // measure 60
0011
0000
1000
0001
0100
0000
1010
0000
0001
0000
0010
0100
1000
0001
0100
0010
,  // measure 61
1001
0000
0000
1001
0000
0000
1001
0000
0000
1001
0000
0000
1001
0000
1001
0000
,  // measure 62
1001
0000
0000
1001
0000
0000
1001
0000
0000
1001
0000
0000
1001
0010
0100
1000
,  // measure 63
0011
0100
0000
1000
0000
0001
0100
0010
0000
1000
0000
0010
1000
0001
0000
0010
,  // measure 64
0100
1000
0000
0001
0000
1000
0010
0100
0000
0001
0000
0010
0001
0100
0000
0010
,  // measure 65
1000
0001
0000
0010
0000
0001
0100
0010
0000
1000
0000
0100
0010
0001
0000
1000
,  // measure 66
0011
0100
0000
0001
0100
0010
1000
0100
0010
0001
0100
0001
0010
0001
0100
0001
,  // measure 67
1000
0010
0000
0100
0000
0001
1000
0100
0000
0010
0000
0001
1000
0010
0000
0100
,  // measure 68
0001
1000
0000
0100
0000
1000
0010
0100
0000
0001
0000
0010
0100
1000
0000
0001
,  // measure 69
0010
0100
0000
1000
0000
0001
0100
0010
0000
1000
0000
0001
0010
0100
0000
1000
,  // measure 70
0011
0100
0000
0010
1001
0100
0010
1000
0001
0010
0100
0010
1001
0100
0010
0100
,  // measure 71
1001
0000
0001
1000
0010
0000
0101
0000
1000
0100
0010
0000
1001
0000
0010
0100
,  // measure 72
1001
0000
0010
0100
1000
0000
0011
0000
1000
0001
0100
0000
1010
0000
0001
1000
,  // measure 73
0110
0000
0001
1000
0010
0000
0101
0000
1000
0100
0010
0000
1001
0000
0010
0100
,  // measure 74
1001
0000
0100
0010
1001
0000
1000
0100
0010
0100
1000
0100
0010
0100
1000
0100
,  // measure 75
0011
1000
0001
0100
0010
0100
1001
0010
0100
0001
0010
0100
1001
0010
0100
0001
,  // measure 76
1100
0001
1000
0010
0100
0001
1010
0100
0001
1000
0100
0010
1001
0100
0010
1000
,  // measure 77
0011
1100
1010
0101
,  // measure 78
2002
0000
0000
0000
,  // measure 79
0000
0000
0000
0000
,  // measure 80
0000
0000
0000
0000
,  // measure 81
0000
3003
0000
0000
0000
0000
0000
0000
;
