#TITLE:Injection of Love;
#SUBTITLE:;
#ARTIST:Akira Shintani;
#TITLETRANSLIT:;
#SUBTITLETRANSLIT:;
#ARTISTTRANSLIT:;
#CREDIT:;
#BANNER:Injection of Love-banner.png;
#BACKGROUND:Injection of Love-bg.png;
#LYRICSPATH:;
#CDTITLE:!evilpeerTitle.png;
#MUSIC:Injection of Love.mp3;
#OFFSET:-0.415;
#SAMPLESTART:57.500;
#SAMPLELENGTH:11.980;
#SELECTABLE:YES;
#BPMS:0.000=160.000;
#STOPS:;
#BGCHANGES:;
// cache tags:
#FIRSTBEAT:0.000;
#LASTBEAT:284.000;
#SONGFILENAME:Songs/All Songs/eVILPeeR - Injection Of Love/Injection of Love.sm;
#HASMUSIC:1;
#HASBANNER:1;
#MUSICLENGTH:109.671;
// end cache tags

//---------------dance-single - ----------------
#NOTES:
     dance-single:
     :
     Hard:
     10:
     0.719,0.809,0.356,0.091,1.000,503.000,39.000,10.000,0.000,0.000:  // measure 1
1000
0000
0000
0001
0000
0000
1000
0100
0010
0001
0000
0000
,  // measure 2
1000
0000
0001
0000
,  // measure 3
0010
0000
0000
0100
0000
0000
0010
1000
0001
0100
0000
0000
,  // measure 4
0010
0000
0000
0000
0000
0000
0100
0000
0010
0000
0001
0000
,  // measure 5
1000
0000
0001
1000
0000
1000
0100
0000
0100
0010
0000
0010
,  // measure 6
0001
0000
0001
0100
0000
0100
1001
0000
0101
0000
0110
0000
,  // measure 7
1010
0000
1000
0010
0000
0010
0100
0000
0100
0001
0000
0001
,  // measure 8
0010
0000
0010
0100
0000
0100
1001
0000
1100
0000
0011
0000
,  // measure 9
0101
0000
0001
1010
0000
1000
0100
0000
0100
0010
0000
0001
,  // measure 10
0100
0000
0100
0011
0000
0001
0101
0000
0110
0000
1010
0000
,  // measure 11
1001
0000
0001
0110
0000
0100
1000
0000
1000
0101
0000
0010
,  // measure 12
0100
0000
0100
0001
0000
0001
1001
0000
0000
0000
0000
0000
,  // measure 13
0000
0000
0000
0000
0000
0000
0100
0000
0100
0001
0000
0001
,  // measure 14
0020
0000
0000
0030
0000
0100
2000
0000
0000
3001
0000
0000
,  // measure 15
0000
0000
0000
0000
0000
0000
0001
0000
1000
0001
0000
0001
,  // measure 16
0200
0000
0000
0000
0000
0000
0310
0000
0000
0010
0000
1000
,  // measure 17
0100
0000
0100
0010
0000
0001
0000
0000
0100
0000
0000
1000
,  // measure 18
0100
0000
0100
0010
0000
0001
0000
0000
0100
0000
0000
0001
,  // measure 19
0100
0000
0100
0010
0000
1000
0000
0000
0100
0000
0000
1000
,  // measure 20
0100
0000
0100
0010
0000
0010
0001
0000
0001
0100
0000
0100
,  // measure 21
1001
0000
0001
1000
0000
0000
1000
0000
0001
1000
0000
0000
,  // measure 22
0001
1000
0001
1000
,  // measure 23
0110
0000
0100
0010
0000
0000
0010
0000
0100
0010
0000
0000
,  // measure 24
0100
0000
0000
0010
0000
0000
0100
0000
0000
0010
0000
0010
,  // measure 25
0001
0000
0001
0010
0000
0100
0000
0000
1000
0000
0000
0010
,  // measure 26
1000
0000
1000
0010
0000
0100
0000
0000
0001
0000
0000
0001
,  // measure 27
1000
0000
1000
0001
0000
0010
0000
0000
0100
0000
0000
1000
,  // measure 28
0100
0000
0100
0010
0000
0010
0001
0000
0001
0100
0000
0100
,  // measure 29
0010
1000
0100
0010
0000
0000
0010
0000
0000
0001
0000
0000
,  // measure 30
0010
0100
1000
0001
0000
0000
0100
0000
0000
0010
0000
0000
,  // measure 31
1000
0100
0010
0001
0000
0000
1000
0000
0000
0010
0000
0000
,  // measure 32
0100
0001
1000
0100
0000
0000
1000
0000
0000
0001
0000
0000
,  // measure 33
0100
0010
1000
0001
0000
0000
0100
0010
1000
0001
0000
0000
,  // measure 34
1000
0000
1000
0001
0000
0001
0010
0000
0010
0100
0000
0100
,  // measure 35
1000
0100
0010
0001
0000
0000
1000
0100
0010
0001
0000
1000
,  // measure 36
0001
0000
1000
0001
0000
1000
0001
0000
1000
0001
0000
0001
,  // measure 37
1000
0000
0001
1000
0000
0001
1000
0000
0001
1000
0000
0100
,  // measure 38
1000
0100
0010
0001
0010
0100
1001
0000
0000
0000
0000
0000
,  // measure 39
1100
0000
0000
0002
0000
0000
0203
0000
0000
0320
0000
1030
,  // measure 40
0100
0000
0010
0001
0000
0100
0010
0000
1000
0100
0000
0000
,  // measure 41
0101
0000
0000
2000
0000
0000
3200
0000
0000
0320
0000
0031
,  // measure 42
0010
0000
0100
1000
0000
1000
0001
0000
0001
0010
0000
0000
,  // measure 43
0000
0000
0000
1000
0000
0001
1000
0000
0000
0000
0000
0000
,  // measure 44
1000
0000
1000
0001
0000
0001
0100
0000
0000
0110
0000
0100
,  // measure 45
1000
0000
1000
0100
0000
0100
0010
0000
0001
0010
0000
0010
,  // measure 46
0100
0000
0100
1000
0000
1000
0100
0010
0001
0010
0100
1000
,  // measure 47
0001
0100
0010
1000
0001
0100
0010
0100
0001
0100
0010
0100
,  // measure 48
0011
0000
0000
0110
0000
0000
1100
0000
0000
0110
0000
0001
,  // measure 49
1000
0100
0010
0001
0010
0100
1000
0001
1000
0001
0010
0100
,  // measure 50
1010
0000
0000
0101
0000
0000
0110
0000
0000
1100
0000
0010
,  // measure 51
0100
0010
0100
1000
0100
0010
0001
0010
0001
0010
0100
1000
,  // measure 52
0001
0100
0010
1000
0001
0100
0010
1000
0001
0010
0100
1000
,  // measure 53
0001
0000
0001
0100
0000
0100
0010
0000
0010
0100
0000
0100
,  // measure 54
1000
0000
1000
0001
0000
0001
0010
0100
1000
0001
0010
0100
,  // measure 55
1000
0000
1000
0100
0000
0000
0100
0000
0100
0100
0000
0110
,  // measure 56
0000
0000
0001
0100
0000
0100
0010
0000
0000
1000
0000
0000
,  // measure 57
0000
1100
0110
0011
,  // measure 58
0001
0000
0100
0001
0000
0001
0100
0000
0000
0010
0000
0000
,  // measure 59
1001
0000
0000
0100
0000
1000
0100
0000
0001
0000
0000
0100
,  // measure 60
0000
0000
0100
0010
0000
0010
0100
0000
0010
0000
0000
1001
,  // measure 61
0000
0000
1000
0001
1000
0001
1000
0010
0100
0001
0010
0100
,  // measure 62
1000
0000
1000
0100
0000
0100
0010
0000
0010
0001
0000
0000
,  // measure 63
0001
0000
0000
0000
0001
0000
0000
0000
0001
0000
0000
0000
0100
0000
0000
0000
0100
0000
0000
0000
0100
0000
0000
0000
0000
0000
0000
0020
0000
0000
0000
0000
0000
0000
0000
0000
0000
0000
0000
0000
0000
0000
0030
0000
0000
0000
0000
0000
,  // measure 64
1001
0100
1000
0100
0010
0001
0010
0000
0100
0000
0000
1000
,  // measure 65
0100
0010
0001
0010
0100
1000
0100
0000
0000
0010
0000
0000
,  // measure 66
0001
0100
0010
1000
0001
0100
0010
1000
0001
0010
0100
1000
,  // measure 67
0100
0000
0100
0010
0000
0010
0001
0000
0100
0000
0010
0000
,  // measure 68
1001
0010
0100
1000
0001
0010
0100
1000
0001
0010
0100
1000
,  // measure 69
0100
0001
1000
0010
0100
0001
1000
0010
0100
0001
0010
0100
,  // measure 70
1000
0000
0010
0100
0000
0001
1000
0000
0100
0010
0000
0010
,  // measure 71
0001
0010
0100
1000
0001
0010
0100
1000
0001
0010
0100
1000
,  // measure 72
0010
0000
0000
0000
;
