#TITLE:Tension;
#SUBTITLE:;
#ARTIST:KaW (Inspector K);
#TITLETRANSLIT:;
#SUBTITLETRANSLIT:;
#ARTISTTRANSLIT:;
#CREDIT:;
#BANNER:tension.png;
#BACKGROUND:TENSION-bg.png;
#LYRICSPATH:;
#CDTITLE:!mwerpTitle.png;
#MUSIC:Tension.mp3;
#OFFSET:0.989;
#SAMPLESTART:40.966;
#SAMPLELENGTH:12.000;
#SELECTABLE:YES;
#BPMS:0.000=90.000,20.000=180.003,116.000=90.001,120.000=180.001,184.000=90.001,200.000=180.001,232.000=90.001,236.000=180.001;
#STOPS:;
#BGCHANGES:;
// cache tags:
#FIRSTBEAT:4.000;
#LASTBEAT:300.000;
#SONGFILENAME:Songs/All Songs/Tension/Tension.sm;
#HASMUSIC:1;
#HASBANNER:1;
#MUSICLENGTH:116.328;
// end cache tags

//---------------dance-single - ----------------
#NOTES:
     dance-single:
     :
     Hard:
     11:
     1.000,1.000,1.000,0.585,0.658,683.000,121.000,68.000,0.000,0.000:  // measure 1
0000
0000
0000
0000
,  // measure 2
0001
0001
0110
1000
0000
1000
0100
1000
0010
0000
0000
0000
0100
0000
0010
0000
,  // measure 3
1000
1000
0110
0001
0000
0001
0100
0001
0010
0000
0000
0100
1000
0000
1000
0010
,  // measure 4
0100
0100
1001
0010
0000
1000
0000
0100
0000
0000
0000
1000
0010
0010
1000
0100
,  // measure 5
0010
0010
1001
0100
0000
0100
0001
0100
0010
0000
0000
1000
0110
1000
0010
0100
,  // measure 6
1001
0001
0110
1000
0000
1000
0100
1000
,  // measure 7
0010
0000
0100
0010
,  // measure 8
1000
1000
0110
0001
0000
0001
0100
0001
,  // measure 9
0010
0000
0000
0100
1000
0000
1000
0010
,  // measure 10
0100
0100
1001
0010
0000
1000
0000
0100
,  // measure 11
0000
0000
0000
1000
0010
0010
1000
0100
,  // measure 12
0010
0010
1001
0100
0000
0100
0001
0100
,  // measure 13
0010
0000
0000
0000
0000
0000
1000
0000
0100
1000
0001
0100
0010
1000
0100
0010
,  // measure 14
1001
0000
0010
0000
1001
0000
1000
0100
0010
0001
0010
0000
1100
0000
0001
0000
,  // measure 15
0010
0000
0100
0000
1001
0000
0001
0100
0001
1000
0010
0000
1100
0000
0010
0000
,  // measure 16
0100
0000
0001
0000
1001
0000
0010
0100
0001
1000
0100
0000
1100
0000
0010
0000
,  // measure 17
1000
0000
0100
0000
1001
0000
0100
0010
1000
0001
0100
0000
1100
0000
0010
0000
,  // measure 18
0100
0000
0100
0000
1001
0000
0001
0100
0010
1000
0100
0000
1100
0000
0010
0000
,  // measure 19
0100
0000
0100
0000
1001
0000
0001
0010
0100
1000
0010
0000
1100
0000
0010
0000
,  // measure 20
1000
0000
1000
0000
0110
0000
0010
1000
0001
0100
1000
0000
1100
0000
0010
0000
,  // measure 21
0001
0000
0001
0000
0110
0000
0100
0010
0001
0100
0010
0000
1100
0000
0010
0000
,  // measure 22
1001
0000
0100
0000
1000
0000
1000
0010
0000
0010
0100
0000
0001
0000
1000
0000
,  // measure 23
0000
0100
0000
1000
0100
0010
0001
0010
,  // measure 24
0100
0000
1000
0000
0001
0000
0001
0010
0000
0010
0100
0000
1000
0000
0001
0000
,  // measure 25
0000
0000
0000
0001
0010
1000
0001
0100
,  // measure 26
0010
0000
1000
0000
0001
0000
0001
0100
0000
0100
1000
0000
0100
0000
0010
0000
,  // measure 27
0000
1000
0000
0001
1000
0100
0010
0001
,  // measure 28
0010
0000
0100
0000
1000
0000
1000
0001
0000
0001
0100
0000
0010
0000
1000
0000
,  // measure 29
0000
0000
0000
0010
1000
0100
0010
0100
,  // measure 30
1001
0000
0000
0000
1002
1003
0000
0000
0000
0000
0000
0000
2001
0002
3003
0000
,  // measure 31
1001
0000
0001
0000
0110
0000
1000
0100
1000
0010
0100
0000
1001
0000
1000
0000
,  // measure 32
0100
0000
0010
0000
0011
0000
1000
0100
1000
0010
0100
0000
0101
0000
1000
0000
,  // measure 33
0100
0000
1000
0000
0110
0000
0001
0010
0100
1000
0001
0000
0110
0000
1000
0000
,  // measure 34
0001
0000
0100
0000
0110
0000
1000
0100
0010
0100
1000
0000
1001
0000
1000
0000
,  // measure 35
0100
0000
0010
0000
1001
0000
1000
0010
0100
0001
0010
0000
1100
0000
0010
0000
,  // measure 36
0100
0000
0001
0000
0110
0000
1000
0010
0100
0001
0010
0000
1100
0000
0010
0000
,  // measure 37
0100
0000
0001
0000
0011
0000
0100
1000
0010
1000
0001
0000
0101
0000
1000
0000
,  // measure 38
0010
0000
0100
0000
1001
0000
0100
0001
1000
0010
0100
0000
0101
0000
1000
0000
,  // measure 39
0100
0000
0010
0000
1001
0000
0010
1000
0100
1000
0001
0000
0011
0000
1000
0000
,  // measure 40
0100
0000
1000
0000
0011
0000
0001
0010
0001
1000
0100
0000
1001
0000
0100
0000
,  // measure 41
0010
0000
0100
0000
1010
0000
0100
0001
1000
0001
0010
0000
1001
0000
0100
0000
,  // measure 42
1000
0000
0001
0000
0110
0000
1000
0001
0100
0010
0100
0000
0011
0000
1000
0000
,  // measure 43
0001
0000
0100
0000
1001
0000
0100
0010
0100
0001
1000
0000
0101
0000
1000
0000
,  // measure 44
0010
0000
0100
0000
1001
0000
0010
1000
0001
0010
0100
0000
0011
0000
0001
0000
,  // measure 45
0100
0000
0010
0000
1001
0000
0010
0100
0010
0100
0001
0000
1010
0000
0001
0000
,  // measure 46
1000
0000
0010
0000
1001
0000
0001
0010
0001
0010
0100
0000
1001
0000
0100
0000
,  // measure 47
1001
0000
0001
0100
0001
0000
1000
0000
0000
0000
0001
0000
1000
0000
0100
0000
1000
0000
0000
0000
0000
0000
0000
0000
0011
0000
0000
0000
0101
0000
0000
0000
,  // measure 48
1001
0000
1000
0100
1000
0000
0001
0000
0000
0000
1000
0000
0010
0000
0100
0000
0001
0000
0000
0000
0000
0000
0011
0000
0000
0101
0000
0000
1100
0000
1010
0000
,  // measure 49
1001
0000
1000
0010
1000
0000
0001
0000
0000
0000
1000
0000
0000
0000
0100
0000
0000
0000
0000
0000
0000
0000
1010
0000
0011
0000
0101
0000
1100
0000
0110
0000
,  // measure 50
1001
0000
0001
0010
0001
0000
1000
0000
0000
0000
0001
0000
1000
0000
0100
0000
1000
0000
0000
0000
0000
0000
0011
0000
0101
0000
1010
0000
1100
0000
0110
0000
,  // measure 51
1001
0200
0302
0203
2300
3200
0320
2030
,  // measure 52
3002
0023
0230
2300
3002
0023
0230
2300
,  // measure 53
3200
0320
2030
3020
2030
3020
0032
0203
,  // measure 54
0320
2030
3002
0203
2300
3200
0320
0032
,  // measure 55
0023
2030
3002
0203
2300
3200
0302
0023
,  // measure 56
0230
2300
3002
0023
0230
2300
3002
0203
,  // measure 57
2300
3200
0302
0023
0230
2300
3020
0230
,  // measure 58
0302
0000
2003
0000
3020
0000
0230
0000
0302
0000
0203
0000
0320
0000
2030
3000
,  // measure 59
1001
0001
0000
0000
2001
3001
0000
0000
0000
0000
0000
0000
1002
1003
0000
0000
,  // measure 60
1001
0000
0001
0000
0110
0000
1000
0100
1000
0010
0100
0000
1001
0000
1000
0000
,  // measure 61
0100
0000
0010
0000
0011
0000
1000
0100
1000
0010
0100
0000
0101
0000
1000
0000
,  // measure 62
0100
0000
1000
0000
0110
0000
0001
0010
0100
1000
0001
0000
0110
0000
1000
0000
,  // measure 63
0001
0000
0100
0000
0110
0000
1000
0100
0010
0100
1000
0000
1001
0000
1000
0000
,  // measure 64
0100
0000
0010
0000
1001
0000
1000
0010
0100
0001
0010
0000
1100
0000
0010
0000
,  // measure 65
0100
0000
0001
0000
0110
0000
1000
0010
0100
0001
0010
0000
1100
0000
0010
0000
,  // measure 66
0100
0000
0001
0000
0011
0000
0100
1000
0010
1000
0001
0000
0101
0000
1000
0000
,  // measure 67
0010
0000
0100
0000
1001
0000
0100
0001
1000
0010
0100
0000
0101
0000
1000
0000
,  // measure 68
0100
0000
0010
0000
1001
0000
0010
1000
0100
1000
0001
0000
0011
0000
1000
0000
,  // measure 69
0100
0000
1000
0000
0011
0000
0001
0010
0001
1000
0100
0000
1001
0000
0100
0000
,  // measure 70
0010
0000
0100
0000
1010
0000
0100
0001
1000
0001
0010
0000
1001
0000
0100
0000
,  // measure 71
1000
0000
0001
0000
0110
0000
1000
0001
0100
0010
0100
0000
0011
0000
1000
0000
,  // measure 72
0001
0000
0100
0000
1001
0000
0100
0010
0100
0001
1000
0000
0101
0000
1000
0000
,  // measure 73
0010
0000
0100
0000
1001
0000
0010
1000
0001
0010
0100
0000
0011
0000
0001
0000
,  // measure 74
0100
0000
0010
0000
1001
0000
0010
0100
0010
0100
0001
0000
1010
0000
0001
0000
,  // measure 75
1000
0000
0010
0000
1001
0000
0001
0010
0001
0100
0010
1000
0010
0100
0001
0010
,  // measure 76
1001
0000
0000
0000
;
