#TITLE:Samurai Zero;
#SUBTITLE:;
#ARTIST:Y NRG SYSTEM;
#TITLETRANSLIT:;
#SUBTITLETRANSLIT:;
#ARTISTTRANSLIT:;
#CREDIT:;
#BANNER:zero.png;
#BACKGROUND:zero-bg.png;
#LYRICSPATH:;
#CDTITLE:!mwerpTitle.png;
#MUSIC:y_samurai.mp3;
#OFFSET:-0.100;
#SAMPLESTART:40.946;
#SAMPLELENGTH:12.000;
#SELECTABLE:YES;
#BPMS:0.000=170.000;
#STOPS:;
#BGCHANGES:;
// cache tags:
#FIRSTBEAT:32.000;
#LASTBEAT:336.000;
#SONGFILENAME:Songs/All Songs/Samurai Zero/samuraizero.sm;
#HASMUSIC:1;
#HASBANNER:1;
#MUSICLENGTH:122.182;
// end cache tags

//---------------dance-single - ----------------
#NOTES:
     dance-single:
     :
     Hard:
     10:
     0.908,0.859,0.745,0.115,0.908,672.000,91.000,14.000,0.000,0.000:  // measure 1
0000
0000
0000
0000
,  // measure 2
0000
0000
0000
0000
,  // measure 3
0000
0000
0000
0000
,  // measure 4
0000
0000
0000
0000
,  // measure 5
0000
0000
0000
0000
,  // measure 6
0000
0000
0000
0000
,  // measure 7
0000
0000
0000
0000
,  // measure 8
0000
0000
0000
0000
,  // measure 9
0001
0010
0001
0000
1000
0010
1000
0000
0001
0100
0001
0000
1000
0100
1000
0000
,  // measure 10
0001
1000
0001
0000
0100
0010
0100
0000
1000
0001
1000
0000
0010
0100
0010
0000
,  // measure 11
0100
1000
0100
0000
0010
0001
0010
0000
0100
0001
0100
0000
0010
1000
0010
0000
,  // measure 12
0001
1000
0001
0000
0010
0001
0010
0000
0100
0010
0100
0000
1000
0100
1000
0000
,  // measure 13
0001
0010
0001
0000
0100
0010
0100
0000
1000
0100
1000
0000
0010
0100
0010
0000
,  // measure 14
1000
0001
1000
0000
0001
1000
0001
0000
0100
0010
0100
0000
0010
0100
0010
0000
,  // measure 15
0100
0001
0100
0000
0001
0100
0001
0000
1000
0100
1000
0000
0100
1000
0100
0000
,  // measure 16
0010
0001
0010
0000
0001
0010
0001
0000
1000
0010
1000
0000
0010
1000
0010
0000
,  // measure 17
1000
0100
0010
0000
0001
0010
0100
0000
1000
0010
0100
0000
0100
0010
1000
0000
,  // measure 18
0001
0010
0100
0000
1000
0001
0010
0000
0010
0100
1000
0000
0010
0100
0001
0000
,  // measure 19
0100
0010
1000
0000
1000
0100
0010
0000
0100
0010
0001
0000
0001
0100
0010
0000
,  // measure 20
0010
1000
0100
0000
0010
0001
0100
0000
0001
1000
0100
0000
1000
0001
0100
0000
,  // measure 21
0010
1000
0001
0000
0010
1000
0100
0000
0010
0001
1000
0000
0010
0001
0100
0000
,  // measure 22
1000
0100
0010
0000
0001
0010
0100
0000
1000
0010
0100
0000
0001
0100
0010
0000
,  // measure 23
1000
0100
0001
0000
0001
0100
1000
0000
1000
0010
0001
0000
0001
0010
1000
0000
,  // measure 24
0010
1000
0001
0000
0100
0001
1000
0000
0010
0001
1000
0000
0100
1000
0001
0000
,  // measure 25
1000
0100
0010
0000
0001
0010
0100
0000
1000
0010
0100
0000
0100
0010
1000
0000
,  // measure 26
0001
0010
0100
0000
1000
0001
0010
0000
0010
0100
1000
0000
0010
0100
0001
0000
,  // measure 27
0100
0010
1000
0000
1000
0100
0010
0000
0100
0010
0001
0000
0001
0100
0010
0000
,  // measure 28
0010
1000
0100
0000
0010
0001
0100
0000
0001
1000
0100
0000
1000
0001
0100
0000
,  // measure 29
0010
1000
0001
0000
0010
1000
0100
0000
0010
0001
1000
0000
0010
0001
0100
0000
,  // measure 30
1000
0100
0010
0000
0001
0010
0100
0000
1000
0010
0100
0000
0001
0100
0010
0000
,  // measure 31
1000
0100
0001
0000
0001
0100
1000
0000
1000
0010
0001
0000
0001
0010
1000
0000
,  // measure 32
0010
1000
0001
0000
0100
0001
1000
0000
0010
0001
1000
0000
0100
1000
0001
0000
,  // measure 33
1000
0001
0100
0000
0010
1000
0000
0100
0000
0001
0000
0010
0000
0100
1000
0001
,  // measure 34
0000
0010
1000
0000
0100
0010
0000
0001
0100
0010
0000
0010
1000
0001
0100
0000
,  // measure 35
1100
0000
0000
0001
0010
0000
0100
0000
1000
0000
0010
0000
0100
0000
0001
0000
,  // measure 36
1010
0000
0000
0100
0010
0000
0001
0000
1000
0000
0100
0000
0010
0000
1000
0000
,  // measure 37
0101
0000
0000
0010
0001
0000
0100
0000
1000
0000
0100
0000
0010
0000
1000
0000
,  // measure 38
0110
0000
0000
1000
0100
0000
0010
0000
0001
0000
1000
0000
0100
0000
1000
0000
,  // measure 39
1100
0000
0000
0001
0010
0000
0100
0000
1000
0000
0010
0000
0100
0000
0001
0000
,  // measure 40
1010
0000
0000
0100
0010
0000
0001
0000
1000
0000
0100
0000
0010
0000
1000
0000
,  // measure 41
0101
0000
0000
0010
0001
0000
0100
0000
1000
0000
0100
0000
0010
0000
1000
0000
,  // measure 42
0110
0000
0000
1000
0100
0000
0010
0000
0001
0000
1000
0000
0100
0000
1000
0000
,  // measure 43
1002
0000
0000
0000
0010
0000
0100
0000
0000
1000
0000
0000
0010
0000
0000
0000
,  // measure 44
1000
0000
0000
0000
0100
0000
0010
0000
0000
1000
0000
0000
0010
0000
0000
0000
,  // measure 45
1000
0000
0000
0000
0100
0000
1000
0000
0000
0010
0000
0000
0100
0000
0000
0000
,  // measure 46
1000
0000
0010
1000
0000
0100
1000
0103
,  // measure 47
0120
0000
0000
0000
0100
0000
0001
0000
0000
1000
0000
0000
0100
0000
0000
0000
,  // measure 48
0100
0000
0000
0000
0100
0000
1000
0000
0000
0001
0000
0000
0100
0000
0000
0000
,  // measure 49
0100
0000
0000
0000
0001
0000
1000
0000
0000
0100
0000
0000
0001
0000
0000
0000
,  // measure 50
0100
0000
1000
0100
0000
0001
0100
0031
,  // measure 51
0011
0000
0000
0110
0000
0000
1010
0000
0000
0110
0000
0000
1001
0000
0000
0000
,  // measure 52
0110
0000
0000
1100
0000
0000
0110
0000
0011
0000
0000
0000
1001
0000
0000
0000
,  // measure 53
0011
0000
0000
0110
0000
0000
1010
0000
0000
0110
0000
0000
1001
0000
0000
0000
,  // measure 54
0110
0000
0000
1001
0000
0000
0110
0000
0000
0000
1000
0000
0001
0010
0100
1000
,  // measure 55
0011
0000
0000
1001
0000
0000
1010
0000
0000
1001
0000
0000
0110
0000
0000
0000
,  // measure 56
1001
0000
0000
0101
0000
0000
1001
0000
0011
0000
0000
0000
0110
0000
0000
0000
,  // measure 57
0011
0000
0000
1001
0000
0000
1010
0000
0000
1001
0000
0000
0110
0000
0000
0000
,  // measure 58
0011
0000
0000
1100
0000
0000
0011
0000
0000
0000
1000
0000
0001
0010
0100
1000
,  // measure 59
0011
0000
0000
0110
0000
0000
1010
0000
0000
0110
0000
0000
1001
0000
0000
0000
,  // measure 60
0110
0000
0000
1100
0000
0000
0110
0000
0011
0000
0000
0000
1001
0000
0000
0000
,  // measure 61
0011
0000
0000
0110
0000
0000
1010
0000
0000
0110
0000
0000
1001
0000
0000
0000
,  // measure 62
0110
0000
0000
1001
0000
0000
0110
0000
0000
0000
1000
0000
0001
0010
0100
1000
,  // measure 63
0011
0000
0000
1001
0000
0000
1010
0000
0000
1001
0000
0000
0110
0000
0000
0000
,  // measure 64
1001
0000
0000
0101
0000
0000
1001
0000
0011
0000
0000
0000
0110
0000
0000
0000
,  // measure 65
0011
0000
0000
1001
0000
0000
1010
0000
0000
1001
0000
0000
0110
0000
0000
0000
,  // measure 66
0011
0000
0000
1100
0000
0000
0011
0000
0000
0000
1000
0000
0001
0010
0100
1000
,  // measure 67
0001
1000
0001
1000
0001
0010
0001
0010
0001
0100
0001
0100
0001
1000
0001
1000
,  // measure 68
0001
0010
0100
1000
0001
0000
0001
2000
0000
0000
0000
0000
0000
0000
0000
3000
,  // measure 69
0010
0100
0001
1000
0010
0000
0010
0200
0000
0000
0000
0000
0000
0000
0000
0300
,  // measure 70
0001
0010
0100
1000
0001
0000
0001
2000
0000
0000
3001
0000
0010
0000
0001
0000
,  // measure 71
1100
0000
0000
0000
1100
0000
0000
0000
1000
0001
1000
0010
1000
0001
1000
0100
,  // measure 72
1000
0010
0100
0001
1000
0000
1000
0002
0000
0000
0000
0000
0000
0000
0000
0003
,  // measure 73
0010
0100
1000
0001
0010
0000
0010
0200
0000
0000
0000
0000
0000
0000
0000
0300
,  // measure 74
1000
0010
0100
0001
1000
0000
1000
0002
0000
0000
1003
0000
0010
0000
1000
0000
,  // measure 75
0101
0000
0000
0000
0101
0000
0000
0000
0001
1000
0001
0100
0001
1000
0001
0010
,  // measure 76
0001
0010
0100
1000
0001
0000
0001
2000
0000
0000
0000
0000
0000
0000
0000
3000
,  // measure 77
0010
0100
0001
1000
0010
0000
0010
0200
0000
0000
0000
0000
0000
0000
0000
0300
,  // measure 78
0001
0010
0100
1000
0001
0000
0001
2000
0000
0000
3001
0000
0010
0000
0001
0000
,  // measure 79
1100
0000
0000
0000
1100
0000
0000
0000
1000
0001
1000
0010
1000
0001
1000
0100
,  // measure 80
1000
0010
0100
0001
1000
0000
1000
0002
0000
0000
0000
0000
0000
0000
0000
0003
,  // measure 81
0010
0100
1000
0001
0010
0000
0010
0200
0000
0000
0000
0000
0000
0000
0000
0300
,  // measure 82
1000
0010
0100
0001
1000
0000
1000
0002
0000
0000
1003
0000
0010
0000
1000
0000
,  // measure 83
0101
0000
0000
0000
0101
0000
0000
0000
0001
1000
0001
0100
0001
1000
0001
0010
,  // measure 84
0001
0010
0001
0000
0010
0100
0000
0010
0000
0001
0000
0100
0000
0010
1000
0100
,  // measure 85
1001
0000
0000
0000
;
