#TITLE:Reincarnation;
#SUBTITLE:(Another);
#ARTIST:dj TAKA;
#TITLETRANSLIT:;
#SUBTITLETRANSLIT:;
#ARTISTTRANSLIT:;
#CREDIT:;
#BANNER:reincarnationbn.png;
#BACKGROUND:reincarnation-bg.png;
#LYRICSPATH:;
#CDTITLE:!renTitle.png;
#MUSIC:REINCARNATION (another).mp3;
#OFFSET:0.069;
#SAMPLESTART:41.310;
#SAMPLELENGTH:12.000;
#SELECTABLE:YES;
#DISPLAYBPM:145.000;
#BPMS:0.000=145.000,172.000=72.500,174.000=145.000;
#STOPS:;
#BGCHANGES:;
// cache tags:
#FIRSTBEAT:4.000;
#LASTBEAT:277.500;
#SONGFILENAME:Songs/All Songs/Reincarnation (Another)/reincarnation.sm;
#HASMUSIC:1;
#HASBANNER:1;
#MUSICLENGTH:120.326;
// end cache tags

//---------------dance-single - ----------------
#NOTES:
     dance-single:
     :
     Hard:
     11:
     1.000,1.000,1.000,0.008,1.000,700.000,145.000,1.000,0.000,0.000:  // measure 1
0000
0000
0000
0000
,  // measure 2
0011
0000
0000
0010
0000
0000
0010
0000
0000
0010
0000
0000
0010
0000
0000
0000
,  // measure 3
1001
0000
0000
0001
0000
0000
0001
0000
0000
0001
0000
0000
0001
0000
0000
0000
,  // measure 4
1010
0000
0000
0010
0000
0000
0010
0000
0000
0010
0000
0000
0010
0000
0000
0000
,  // measure 5
1001
0000
0000
1000
0000
0000
1000
0000
0000
1000
0000
0000
1000
0000
0000
0000
,  // measure 6
1001
0000
0000
1100
0000
0000
0101
0000
0000
1000
0000
0000
0001
0000
0000
0000
,  // measure 7
0110
0000
0000
0101
0000
0000
0011
0000
0000
0010
0000
0000
0100
0000
0000
0000
,  // measure 8
1001
0000
0000
0011
0000
0000
1010
0000
0000
0001
0000
0000
1000
0000
0000
0000
,  // measure 9
0110
0000
0000
1100
0000
0000
1010
0000
0000
0010
0000
0000
0100
0000
0000
0000
,  // measure 10
0001
0000
0100
0000
0101
0000
1000
0010
1000
0000
0001
0000
0011
0000
0010
0000
,  // measure 11
1000
0000
0100
0000
1100
0000
0001
0010
0001
0000
1000
0000
1010
0000
0010
0000
,  // measure 12
0100
0000
0100
0000
1001
0000
0010
0100
0010
0000
1000
0000
0110
0000
0001
0000
,  // measure 13
0010
0000
0010
0000
1001
0000
0100
0010
0100
0000
0001
0000
0110
0000
1000
0010
,  // measure 14
0100
0001
0100
0000
0001
0100
0001
0000
0001
1000
0001
0000
1000
0001
1000
0000
,  // measure 15
1000
0100
1000
0000
0100
1000
0100
0000
0010
0001
0010
0000
0001
0010
0001
0000
,  // measure 16
0010
0100
0010
0000
0100
0010
0100
0000
1000
0001
0110
0000
0001
1000
0110
0000
,  // measure 17
1001
0000
0000
0000
0001
0100
0010
1000
,  // measure 18
0011
0000
0000
0000
1100
0000
0000
0000
0010
0000
0000
0000
0101
0000
0000
0000
0000
0000
0000
1000
0001
0000
0000
0000
0110
0000
0000
0000
1001
0000
0000
0000
,  // measure 19
0000
0000
0000
0000
0101
0000
0000
0000
0010
0000
0000
0000
1100
0000
0000
0000
0000
0000
0000
0001
1000
0000
0000
0000
0110
0000
0000
0000
1001
0000
0000
0000
,  // measure 20
0000
0000
0000
0000
1000
0000
0000
0000
0010
0000
0000
0000
0011
0000
0000
0000
0000
0000
0000
0100
1000
0000
0000
0000
1010
0000
0000
0000
0101
0000
0000
0000
,  // measure 21
0000
0000
0000
0000
0001
0000
0000
0000
0010
0000
0000
0000
1010
0000
0000
0000
0000
0000
0000
0100
0001
0000
0000
0000
0011
0000
0000
0000
1100
0000
0000
0000
,  // measure 22
0000
0000
0000
0000
0010
0000
0000
0000
1100
0000
0000
0000
0001
0000
0000
0000
0000
0000
0000
1000
0010
0000
0000
0000
0101
0000
0000
0000
1100
0000
0000
0000
,  // measure 23
0000
0000
0000
0000
0010
0000
0000
0000
0101
0000
0000
0000
1000
0000
0000
0000
0000
0000
0000
0001
0010
0000
0000
0000
1100
0000
0000
0000
0101
0000
0000
0000
,  // measure 24
0000
0000
0000
0001
0010
0000
0000
0000
1100
0000
0000
0000
0101
0000
0000
0000
0000
0000
0000
0001
0010
0000
0000
0000
1100
0000
0000
0000
0101
0000
0000
0000
,  // measure 25
0000
0101
0000
0000
1000
0100
0010
0001
,  // measure 26
1010
0000
1000
0010
1000
0000
0110
0000
0110
0000
0101
0000
0101
0000
1100
0000
,  // measure 27
1100
1001
1001
0011
1100
1010
0101
1001
,  // measure 28
0011
0000
0001
0010
0001
0000
0110
0000
0110
0000
1100
0000
1100
0000
0101
0000
,  // measure 29
0101
0000
0000
0000
1001
0000
0000
0000
1001
0000
0000
0000
1010
0000
0000
0000
0001
0100
0000
0000
0000
0000
0000
0000
0000
0000
0000
0000
1000
0000
0010
0000
,  // measure 30
0100
0000
0001
1000
0001
0000
0011
0000
0011
0000
1001
0000
1001
0000
1100
0000
,  // measure 31
1100
0101
0101
1010
0101
0011
1100
1001
,  // measure 32
1010
0000
1000
0010
1000
0000
0110
0000
0110
0000
0101
0000
0101
0000
1100
0000
,  // measure 33
1100
1001
1001
0011
1100
1010
0101
1001
,  // measure 34
0001
0000
0000
2000
,  // measure 35
3001
0100
0001
0100
0001
0100
0001
0100
0001
0100
0001
0100
0001
0100
0001
0100
,  // measure 36
0001
0010
0001
0010
0001
0010
0001
0010
0100
0010
0100
0010
0100
0010
0100
0010
,  // measure 37
0100
0010
0100
0010
0100
0010
0100
0010
0100
0010
0100
0010
0100
0010
0100
0010
,  // measure 38
0100
0010
0100
0010
0100
0010
0100
0010
0100
1000
0100
1000
0100
1000
0100
1000
,  // measure 39
0010
0100
0010
0100
0010
0100
0010
0100
0001
1000
0001
1000
0001
0010
0001
0010
,  // measure 40
0100
0010
0100
0010
0100
0010
0100
0010
0100
1000
0100
1000
0100
1000
0100
1000
,  // measure 41
0001
1000
0001
1000
0001
1000
0001
1000
0010
1000
0010
1000
0010
1000
0010
1000
,  // measure 42
0110
0000
1000
0001
0110
0000
1000
0001
,  // measure 43
0110
1001
0110
1001
,  // measure 44
0110
0000
0000
0000
0000
0000
0000
0000
0110
0000
0001
1000
0001
1000
0001
1000
,  // measure 45
0110
0000
0001
1000
0001
1000
0001
1000
0110
0000
0001
1000
0001
1000
0001
1000
,  // measure 46
0110
0000
0001
1000
0001
1000
0001
1000
0110
0000
0001
1000
0110
0000
0001
1000
,  // measure 47
0110
0000
0001
1000
0110
1001
0110
1001
0110
0100
0001
0100
0100
0010
1000
1000
,  // measure 48
0100
0010
0010
0001
1000
1000
0010
0100
0001
0001
1000
0100
0100
0010
0001
0001
,  // measure 49
0100
0010
0010
1000
0001
0001
0010
0100
1000
1000
0100
0010
0010
0001
1000
1000
,  // measure 50
0010
0100
0100
0001
1000
1000
0100
0010
0001
0001
0100
0010
0010
1000
0001
0001
,  // measure 51
0010
0100
0100
1000
0001
0001
0100
0010
1001
1000
0001
0010
0010
0100
1000
1000
,  // measure 52
0001
0010
0100
1000
0010
0100
0010
0100
0001
0001
1000
0010
0010
0100
0001
0001
,  // measure 53
1000
0010
0100
0001
0010
0100
0010
0100
1000
1000
1000
0100
0100
0010
0001
0001
,  // measure 54
1000
0100
0010
0001
0100
0010
0100
0010
1000
1000
0001
0100
0100
0010
1000
1000
,  // measure 55
0001
0100
0010
1000
0100
0010
0100
0010
0110
0100
1000
0100
0100
0010
0001
0001
,  // measure 56
0100
0010
0010
1000
0001
0001
0010
0100
1000
1000
0001
0100
0100
0010
1000
1000
,  // measure 57
0100
0010
0010
0001
1000
1000
0010
0100
0001
0001
0100
0010
0010
1000
0001
0001
,  // measure 58
0010
0100
0100
1000
0001
0001
0100
0010
1000
1000
0100
0010
0010
0001
1000
1000
,  // measure 59
0010
0100
0100
0001
1000
1000
0100
0010
1001
0001
1000
0010
0010
0100
0001
0001
,  // measure 60
1000
0010
0100
0001
0010
0100
0010
0100
1000
1000
0001
0010
0010
0100
1000
1000
,  // measure 61
0001
0010
0100
1000
0010
0100
0010
1000
0110
0000
0001
1000
0001
1000
0001
1000
,  // measure 62
0110
0000
0001
1000
0001
1000
0001
1000
0110
0000
0001
1000
0110
0000
0001
1000
,  // measure 63
0110
0000
0001
1000
0110
1001
0110
1001
0110
0000
0000
0000
1001
0000
0000
0000
,  // measure 64
0001
0100
0010
1000
1001
0000
0110
0001
,  // measure 65
1000
0100
0010
0001
1001
0000
0110
1000
,  // measure 66
0001
0000
0100
0000
0010
0000
1000
0000
1001
0000
0000
0000
0110
0000
0001
0010
,  // measure 67
0001
0000
0000
0000
0000
0000
1000
0000
1100
0000
0000
0100
0000
0000
0010
0000
,  // measure 68
0001
0000
0000
0100
0000
0000
0010
0000
0100
0000
0000
0001
0000
0000
1000
0000
,  // measure 69
0100
0000
0000
0010
0000
0000
0001
0000
0101
0000
0000
0000
0000
0000
0000
0000
,  // measure 70
0010
0000
0000
0100
0000
0000
0000
0000
;
