#TITLE:Z;
#SUBTITLE:;
#ARTIST:DM Ashura;
#TITLETRANSLIT:;
#SUBTITLETRANSLIT:;
#ARTISTTRANSLIT:;
#CREDIT:;
#BANNER:z.png;
#BACKGROUND:Z-bg.png;
#LYRICSPATH:;
#CDTITLE:!snapcdtitle.png;
#MUSIC:Z.mp3;
#OFFSET:-6.439;
#SAMPLESTART:92.794;
#SAMPLELENGTH:11.720;
#SELECTABLE:YES;
#BPMS:0.000=300.000,256.000=150.000,296.000=300.000;
#STOPS:;
#BGCHANGES:;
// cache tags:
#FIRSTBEAT:0.000;
#LASTBEAT:568.000;
#SONGFILENAME:Songs/All Songs/Snap - Z/Z.sm;
#HASMUSIC:1;
#HASBANNER:1;
#MUSICLENGTH:131.270;
// end cache tags

//---------------dance-single - ----------------
#NOTES:
     dance-single:
     :
     Hard:
     10:
     0.875,0.974,0.145,0.053,0.053,778.000,19.000,7.000,0.000,0.000:  // measure 1
1000
0010
1000
0000
0100
0000
0010
0100
,  // measure 2
0000
0010
0100
0000
0001
0010
0100
0000
,  // measure 3
1000
0010
0100
0000
0001
0000
0100
0001
,  // measure 4
0000
0100
0001
0000
0010
0100
1000
0010
,  // measure 5
1000
0100
1000
0000
0010
0000
0100
0010
,  // measure 6
0000
0100
0010
0000
1000
0100
0010
0000
,  // measure 7
0001
0010
0001
0000
0010
0100
0010
0000
,  // measure 8
0100
1000
0100
0000
0010
0001
0010
0001
,  // measure 9
0100
0010
1000
0000
0100
0000
1000
0010
,  // measure 10
0000
1000
0010
0000
0100
0001
0100
0000
,  // measure 11
0001
0010
0100
0000
0010
0000
0100
1000
,  // measure 12
0000
0100
1000
0000
0010
0100
0001
0010
,  // measure 13
0100
1000
0010
0000
0100
0000
0001
0100
,  // measure 14
0000
0001
0010
0000
0100
1000
0010
0000
,  // measure 15
0100
0001
0100
0000
0010
1000
0010
0000
,  // measure 16
0100
0001
0100
0000
0010
1000
0010
1000
,  // measure 17
0001
1000
0001
1000
0001
0000
1000
0001
,  // measure 18
0000
1000
0001
0000
0010
0100
1000
0010
,  // measure 19
1000
0001
1000
0001
1000
0000
0010
0000
,  // measure 20
0000
1001
0000
0000
0001
0010
0001
0010
,  // measure 21
0001
0100
0001
0100
0010
0000
1000
0010
,  // measure 22
0000
0100
0001
0000
0010
0100
1000
0000
,  // measure 23
0001
0100
0001
0100
0001
0100
0001
0100
,  // measure 24
0010
1000
0010
1000
0010
0000
1010
0000
,  // measure 25
1000
0010
1000
0001
0100
0000
0100
0001
,  // measure 26
0000
0100
0001
0000
0010
0100
1000
0010
,  // measure 27
0100
0001
0010
0100
1000
0000
0010
0000
,  // measure 28
0000
1001
0000
0000
1000
0100
0010
0001
,  // measure 29
1000
0100
0010
0001
1000
0000
0010
0100
,  // measure 30
0000
0010
0100
0000
0001
1000
0001
0000
,  // measure 31
1000
0010
1000
0010
1000
0010
1000
0010
,  // measure 32
0100
0010
0100
0001
0100
0001
0100
0001
,  // measure 33
1000
0010
0100
0001
,  // measure 34
0100
0001
0100
0001
0100
0000
0001
1000
,  // measure 35
0001
0000
0100
0010
0100
0000
0001
0000
,  // measure 36
0100
0010
1000
0000
1001
0000
1000
0001
,  // measure 37
1000
0010
1000
0010
,  // measure 38
0100
0001
0100
0001
0100
0000
0001
1000
,  // measure 39
0001
0000
0100
0010
0000
1000
0001
0010
,  // measure 40
0100
1000
0001
0000
1001
0000
1000
0001
,  // measure 41
1000
0010
0100
0001
,  // measure 42
1000
0000
0010
0100
0010
0000
1000
0010
,  // measure 43
0100
0000
0001
0010
0100
0000
1000
0000
,  // measure 44
0010
0100
0010
0000
1001
0000
0001
1000
,  // measure 45
0001
0010
0100
1000
,  // measure 46
0010
0100
0010
0100
0010
0000
1000
0010
,  // measure 47
1000
0000
0010
0100
0000
0001
0010
0001
,  // measure 48
0100
0001
0100
0000
0101
0000
1000
0010
,  // measure 49
1000
0100
1000
0010
,  // measure 50
0100
0000
0001
0000
0010
0000
0100
1000
,  // measure 51
0001
0100
0010
1000
,  // measure 52
0001
0000
1000
0000
0001
0000
0100
0001
,  // measure 53
1000
0010
0100
0001
,  // measure 54
1000
0000
0100
0000
0010
0000
0001
1000
,  // measure 55
0001
0000
1000
0001
0000
1000
0001
1000
,  // measure 56
0001
0010
0100
0000
1000
0000
0001
0100
,  // measure 57
0001
1000
0010
0100
,  // measure 58
0001
0000
1000
0000
0010
0000
0100
0001
,  // measure 59
1000
0010
1000
0001
,  // measure 60
0100
0000
0001
0000
0010
0000
0100
0010
,  // measure 61
0100
0000
1000
0000
0010
0100
0010
0000
,  // measure 62
1000
0000
0001
0000
0010
0100
0010
0000
,  // measure 63
0001
0100
0001
0000
0100
0010
0100
0000
,  // measure 64
0001
0010
0100
1000
0010
0100
0010
0000
,  // measure 65
2002
0000
0000
0000
,  // measure 66
0000
0000
0000
3003
,  // measure 67
1000
0000
0000
0000
0000
0000
0000
0000
0010
0000
0000
0100
0000
0000
0001
0000
,  // measure 68
0010
0000
0000
0100
0000
0000
1000
0000
0010
0000
0000
0010
0000
0000
0100
0000
,  // measure 69
0100
0000
0000
0000
0000
0000
0001
0100
0010
0000
0000
0000
1000
0000
0010
0000
,  // measure 70
0000
0000
0100
0001
0100
0001
0100
0001
0200
0000
0000
0000
0001
0000
0000
0000
,  // measure 71
0301
0000
0000
0100
0000
0000
0010
0100
,  // measure 72
0001
0000
0000
0010
0000
0000
0200
0000
0000
0000
0000
0000
1000
0000
0000
0000
,  // measure 73
1300
0000
0000
0000
0000
0000
0001
0100
0010
0000
0000
1000
0000
0000
0010
0000
,  // measure 74
0020
0000
0000
0000
1000
0000
0000
0000
1030
0001
1000
0001
1000
0001
1000
0001
,  // measure 75
1000
0010
1000
0010
,  // measure 76
1000
0001
0100
0001
,  // measure 77
0100
0001
1000
0001
,  // measure 78
1000
0010
0100
0001
,  // measure 79
0010
0100
0010
0100
1000
0010
1000
0010
,  // measure 80
0100
0001
0010
0100
,  // measure 81
1000
0100
0010
0001
0100
0010
1000
0100
,  // measure 82
0010
0001
0010
0100
1000
0000
0001
0000
,  // measure 83
1000
0001
1000
0000
0001
0000
0100
0000
,  // measure 84
0010
1000
0010
0000
0100
0000
0001
0000
,  // measure 85
1000
0001
1000
0000
1001
0000
0010
0100
,  // measure 86
0010
0000
0000
1001
0000
0000
0001
0010
,  // measure 87
0100
0000
1000
0000
0100
0000
0010
0001
,  // measure 88
0010
0000
0001
0000
1000
0000
0001
0010
,  // measure 89
0100
1000
0001
0000
1000
0010
0100
0000
,  // measure 90
0001
1000
0001
0010
0100
1000
0001
0100
,  // measure 91
0010
1000
0100
0000
1000
0000
0010
0100
,  // measure 92
0000
0010
0100
0000
0001
0010
0100
0000
,  // measure 93
1000
0010
1000
0000
0010
0000
1000
0100
,  // measure 94
0000
0010
0001
0000
0100
0010
0100
0001
,  // measure 95
0010
0100
1000
0000
0001
0000
1000
0001
,  // measure 96
0000
1000
0001
0000
0100
0010
0100
0000
,  // measure 97
0001
0010
0001
0000
0010
0100
0010
0000
,  // measure 98
0100
1000
0100
0000
0010
0100
0010
0100
,  // measure 99
0010
0100
0010
0000
0001
0000
0100
0001
,  // measure 100
0000
0100
0001
0000
0010
0100
1000
0000
,  // measure 101
0010
0100
0010
0000
1000
0000
0010
1000
,  // measure 102
0000
0010
0100
0000
0001
0100
0001
0100
,  // measure 103
0001
0100
0001
0000
0010
0000
0100
1000
,  // measure 104
0000
1000
0001
0000
0100
0010
0100
0000
,  // measure 105
0010
1000
0010
0000
0100
0001
0100
0000
,  // measure 106
0010
1000
0010
0000
1000
0010
1000
0001
,  // measure 107
0010
0001
1000
0001
1000
0000
0010
0100
,  // measure 108
0000
0001
1000
0000
0001
0100
0001
0100
,  // measure 109
0001
1000
0001
1000
0001
0000
1000
0000
,  // measure 110
0000
1010
0000
0000
1000
0100
0010
0001
,  // measure 111
0010
0001
0100
0001
0100
0000
0001
0010
,  // measure 112
0000
0100
1000
0000
0010
0100
0010
0000
,  // measure 113
1000
0100
0010
0001
0010
0001
0100
0001
,  // measure 114
0100
0001
1000
0001
1000
0000
1010
0000
,  // measure 115
1000
0100
1000
0010
1000
0000
0100
0010
,  // measure 116
0000
0001
0100
0000
0010
0100
0001
0010
,  // measure 117
0100
1000
0001
0010
0100
0000
1000
0000
,  // measure 118
0000
1001
0000
0000
1000
0010
0100
0001
,  // measure 119
0010
0100
1000
0010
0100
0000
0001
0100
,  // measure 120
0000
0010
1000
0000
0100
0010
0001
0000
,  // measure 121
0010
0100
1000
0100
1000
0010
0100
0010
,  // measure 122
0100
0001
0010
0001
0010
0100
1000
0010
,  // measure 123
0100
0001
0010
0001
,  // measure 124
0100
0000
0010
0000
1000
0000
0100
1000
,  // measure 125
0001
1000
0001
1001
,  // measure 126
1000
0000
0001
0000
1010
0000
1000
0010
,  // measure 127
0100
0001
0100
0010
,  // measure 128
1000
0000
0100
0000
0010
0000
0001
0100
,  // measure 129
0010
0000
1000
0001
0000
0100
0010
0100
,  // measure 130
0001
1000
0001
0000
1010
0000
1000
0010
,  // measure 131
0100
0001
1000
0100
,  // measure 132
0010
0000
0001
0000
0100
0000
0010
1000
,  // measure 133
0001
0100
0010
0101
,  // measure 134
0001
0000
1000
0000
1010
0000
0010
1000
,  // measure 135
0010
0000
0100
0000
0001
0100
0001
0000
,  // measure 136
0010
0000
0100
0000
1000
0010
0100
0000
,  // measure 137
0001
0100
0010
1000
0001
0100
0010
0000
,  // measure 138
1000
0001
1000
0100
0010
0001
1000
0000
,  // measure 139
2002
0000
0000
0000
,  // measure 140
0000
0000
0000
0000
,  // measure 141
0000
0000
0000
0000
,  // measure 142
0000
0000
0000
0000
,  // measure 143
3003
0000
0000
0000
;
