#TITLE:War Game;
#SUBTITLE:;
#ARTIST:Asletics;
#TITLETRANSLIT:;
#SUBTITLETRANSLIT:;
#ARTISTTRANSLIT:;
#CREDIT:;
#BANNER:wargame.png;
#BACKGROUND:wargame-bg.png;
#LYRICSPATH:;
#CDTITLE:!a0Title.png;
#MUSIC:wargame.mp3;
#OFFSET:-2.260;
#SAMPLESTART:32.500;
#SAMPLELENGTH:12.000;
#SELECTABLE:YES;
#BPMS:0.000=93.000;
#STOPS:;
#BGCHANGES:;
// cache tags:
#FIRSTBEAT:0.000;
#LASTBEAT:186.875;
#SONGFILENAME:Songs/All Songs/War Game/wargame.sm;
#HASMUSIC:1;
#HASBANNER:1;
#MUSICLENGTH:125.474;
// end cache tags

//---------------dance-single - ----------------
#NOTES:
     dance-single:
     :
     Hard:
     10:
     0.855,0.856,1.000,0.064,0.885,544.000,199.000,8.000,0.000,0.000:  // measure 1
0020
0001
1030
0000
,  // measure 2
0200
1000
0301
0000
,  // measure 3
0020
0001
1030
0000
,  // measure 4
0000
0000
0000
0000
0000
0000
0000
0000
0000
0000
0000
0000
0110
0110
1010
0000
,  // measure 5
0110
0000
0110
0110
0011
0000
1001
0000
0110
0110
0110
0000
1001
1001
0011
0000
,  // measure 6
0110
0000
1001
1001
1010
0000
0110
0000
1001
1001
1001
0000
1100
1100
1010
0000
,  // measure 7
1100
0000
1100
1100
1001
0000
1100
0000
1100
1100
1100
0000
0011
0011
1001
0000
,  // measure 8
0011
0000
0011
0011
0101
0000
0011
0000
0011
0011
0011
0000
0101
0101
0011
0000
,  // measure 9
0101
0000
0101
0101
1001
0000
0101
0000
0101
0101
0101
0000
1010
1010
1100
0000
,  // measure 10
1010
0000
1010
1010
1001
0000
1010
0000
1010
1010
1010
0000
0110
0110
1001
0000
,  // measure 11
0110
0000
0110
0110
0011
0000
0110
0000
0110
0110
0110
0000
1001
1001
0101
0000
,  // measure 12
1001
0000
1001
1001
1010
0000
1001
0000
1001
1001
1001
0000
0001
0100
0010
1000
,  // measure 13
0001
0100
0010
1000
0001
0100
0001
0010
0100
1000
0001
0010
0100
1000
0001
0010
,  // measure 14
0100
1000
0010
0100
0010
0000
0010
0100
0010
0100
0010
0100
0010
1000
0010
0100
,  // measure 15
0010
0000
0010
0100
0001
0010
0100
1000
0010
0100
0001
0010
0100
1000
0110
1001
,  // measure 16
0010
1000
0110
1001
0010
0001
1100
0101
1100
0101
1100
0101
1000
0100
0010
0001
,  // measure 17
0010
0100
1000
0100
0010
0001
0010
0100
1000
0000
0000
0000
0000
0001
0010
0100
,  // measure 18
1000
0010
0100
0001
0000
0000
1000
0000
0100
0001
1000
0001
0001
0010
0100
1000
,  // measure 19
0001
0100
0010
1000
0001
0100
0010
1000
0001
0000
0000
0000
1100
0000
0110
0000
,  // measure 20
1001
0000
0000
0000
1010
0000
0101
0000
1010
0000
0010
0001
0010
0100
1000
0100
,  // measure 21
1000
0010
0001
0010
0001
1000
0001
1000
0001
0000
0000
0000
0001
0010
0001
1000
,  // measure 22
0001
0010
0001
0010
0000
0000
0001
0000
0100
1000
0100
1000
0100
0001
1000
0001
,  // measure 23
1000
0001
1000
0010
0100
0010
0100
0010
1001
0000
0000
0000
1001
0000
0010
0101
,  // measure 24
0000
0000
0000
0000
0000
0000
1001
0110
1001
0110
1001
0110
1000
0100
0010
0001
,  // measure 25
0010
0100
0001
1000
0100
0010
0001
0010
1000
0010
0100
0010
0001
0001
0010
0100
,  // measure 26
1000
0100
0010
0010
0010
0000
0100
0100
0100
0100
1000
0010
0100
0010
0100
0001
,  // measure 27
1010
0000
0001
0010
0100
1000
0010
0100
0010
1000
0010
0100
0010
1000
0011
0101
,  // measure 28
0100
0010
1100
1010
0001
0010
0011
0101
1010
1100
0011
0101
0110
0001
0100
1000
,  // measure 29
0010
0001
0100
0010
1000
0100
0010
0001
0100
0010
1000
0010
0001
0100
1000
0010
,  // measure 30
0001
0100
1000
0001
0110
0000
0100
0010
0001
0010
0100
1000
0100
0010
0001
0010
,  // measure 31
0010
0000
0100
0010
0001
0001
0001
0010
0100
1000
1000
1000
0100
0010
1001
0110
,  // measure 32
1000
0001
0110
1001
0100
0001
0110
1001
0110
1001
0110
1001
0110
0110
1010
0000
,  // measure 33
0110
0000
0110
0110
0011
0000
0110
0000
0110
0110
0110
0000
1001
1001
1010
0000
,  // measure 34
1001
0000
1001
1001
0101
0000
1001
0000
1001
1001
1001
0000
1100
1100
1010
0000
,  // measure 35
1100
0000
1100
1100
1001
0000
1100
0000
1100
1100
1100
0000
0011
0011
0101
0000
,  // measure 36
0011
0000
0011
0011
1001
0000
0011
0000
0011
0011
0011
0000
1000
0001
1000
0001
,  // measure 37
0020
1000
0031
0000
,  // measure 38
0200
0001
1300
0000
,  // measure 39
0020
1000
0031
1001
,  // measure 40
0000
0000
0000
0000
0000
0000
0000
0000
0000
0000
0000
0000
0001
0010
0100
1000
,  // measure 41
0100
0010
0001
0010
0100
1000
0001
0010
0100
1000
0100
0010
0001
0010
0100
1000
,  // measure 42
0100
0010
0001
0010
0100
0000
0100
0010
0001
1000
0001
0010
0100
0010
1000
0001
,  // measure 43
0010
0000
0001
0010
0001
1000
0100
1000
0100
1000
0010
0001
0010
0100
1001
0110
,  // measure 44
0010
0100
1001
0110
0001
1000
0110
1001
0110
1001
0110
1001
0100
0001
1000
0010
,  // measure 45
0100
0001
1000
0100
0010
1000
0001
0100
0010
1000
0001
0100
0010
1000
0001
0100
,  // measure 46
0010
1000
0001
0100
0010
0000
1000
0100
0010
0001
0100
0010
0100
0100
0010
0010
,  // measure 47
1000
0000
1000
0000
0001
0000
0001
0000
0110
0000
0110
0000
1001
0000
1001
0000
0110
0000
0110
0000
1001
0000
0220
0330
0000
0000
0000
0000
0000
0000
0000
0000
;
