#TITLE:PARANOiA Respect;
#SUBTITLE:(IVKAS Style);
#ARTIST:.3k;
#TITLETRANSLIT:;
#SUBTITLETRANSLIT:;
#ARTISTTRANSLIT:;
#CREDIT:;
#BANNER:PARANOiA_r-banner.png;
#BACKGROUND:PARANOiA_r-bg.png;
#LYRICSPATH:;
#CDTITLE:!a0Title.png;
#MUSIC:PARANOiA-Respect-.mp3;
#OFFSET:-4.847;
#SAMPLESTART:20.000;
#SAMPLELENGTH:12.000;
#SELECTABLE:YES;
#BPMS:0.000=300.000;
#STOPS:48.000=0.600
,79.000=0.200
,172.000=0.400
,236.000=0.400
,303.000=0.800
;
#BGCHANGES:;
// cache tags:
#FIRSTBEAT:0.000;
#LASTBEAT:457.000;
#SONGFILENAME:Songs/All Songs/PARANOiA-Respect-/PARANOiA-Respect-.sm;
#HASMUSIC:1;
#HASBANNER:1;
#MUSICLENGTH:101.929;
// end cache tags

//---------------dance-single - ----------------
#NOTES:
     dance-single:
     :
     Hard:
     12:
     1.000,1.000,1.000,0.186,0.078,601.000,194.000,19.000,0.000,0.000:  // measure 1
1001
0000
0010
0110
0000
0000
0000
0000
,  // measure 2
0010
0010
0000
1100
0000
0101
1001
0000
,  // measure 3
0110
0000
0010
1010
0000
0000
0000
0000
,  // measure 4
0010
0010
0000
0101
0000
1001
1100
0000
,  // measure 5
0011
0000
0001
1001
0000
0000
0000
0000
,  // measure 6
0100
0100
0000
1010
0000
0110
1100
0000
,  // measure 7
0110
0000
0001
1001
0000
0000
0000
0000
,  // measure 8
0010
0010
0000
1001
0000
0101
0110
0000
,  // measure 9
1001
0000
0010
0110
0000
0000
0000
0000
,  // measure 10
0010
0010
0000
0101
0000
1010
1001
0000
,  // measure 11
1100
0000
0010
0110
0000
0000
0000
0000
,  // measure 12
0001
0001
0000
1010
0000
0110
2002
0000
,  // measure 13
0000
3003
0000
0000
0000
0000
0000
0000
1010
0000
0000
0000
0000
0000
0000
0000
0001
0000
0000
0000
0100
0000
0000
0000
0001
0000
0000
0000
0100
0000
0000
0000
,  // measure 14
0001
0001
0101
0000
0001
0010
0001
0010
,  // measure 15
0100
0100
1100
0000
0100
0010
0001
1000
,  // measure 16
0010
0010
0110
0000
0010
0100
0001
0010
,  // measure 17
0100
0100
1100
0000
0100
0010
0100
1000
,  // measure 18
0001
0001
0101
0000
0001
1000
0010
0100
,  // measure 19
0001
0001
1001
0000
0001
0010
0100
1000
,  // measure 20
0010
0000
0000
0000
0010
0000
0000
0000
0110
0000
0000
0000
0000
0000
0000
0000
0010
0000
0000
0000
0100
0000
0000
0000
2002
3003
0000
0000
0000
0000
0000
0000
,  // measure 21
0000
0000
0100
1000
0100
1000
0100
0100
,  // measure 22
1100
0000
0100
0010
0100
0010
0100
0100
,  // measure 23
0110
0000
0001
1000
0001
1000
0001
0001
,  // measure 24
1001
0000
0001
1000
0010
0100
0001
0001
,  // measure 25
0101
0000
0001
0010
0100
1000
0100
0100
,  // measure 26
1100
0000
0100
0010
0001
1000
0001
0001
,  // measure 27
1001
0000
0010
0100
0001
1000
0001
0001
,  // measure 28
1001
0000
1000
0100
0010
0001
0010
0100
,  // measure 29
1001
0000
0101
0001
0010
0100
1000
0010
,  // measure 30
0100
0001
0010
0100
1000
0010
0100
0001
,  // measure 31
1010
0100
0001
1000
0010
0100
0001
1000
,  // measure 32
0010
0100
0001
1000
0010
0100
0001
0010
,  // measure 33
1001
0100
0010
0001
0100
0010
1000
0100
,  // measure 34
0010
0001
0100
0010
1000
0100
0010
0001
,  // measure 35
1010
0100
0010
0001
0100
0010
1001
0010
,  // measure 36
0100
0001
0010
0100
1000
0010
0100
0001
,  // measure 37
1010
0100
0001
1000
0010
0100
0001
1000
,  // measure 38
0010
0100
0001
1000
0010
0100
0001
0010
,  // measure 39
1100
0001
0010
0100
1000
0010
0100
0001
,  // measure 40
0010
0100
1000
0010
0100
0001
0010
0100
,  // measure 41
1001
0010
0100
0001
1000
0010
0100
0001
,  // measure 42
1000
0010
0100
0001
1000
0010
0100
0001
,  // measure 43
1010
0100
1000
0010
0100
0001
1010
0100
,  // measure 44
2002
3003
0000
0000
0000
0000
0000
0000
0000
0000
0000
0000
0000
0000
0000
0000
0101
0000
0000
0000
0000
0000
0000
0000
0000
0000
0000
0000
0010
0000
0000
0000
,  // measure 45
1001
0000
0000
0000
0000
0010
0101
0000
,  // measure 46
1001
0000
1010
0000
0101
0000
0000
0001
,  // measure 47
1100
0000
0000
0000
0000
0001
0110
0000
,  // measure 48
1010
0000
0011
0000
1100
0000
0000
0100
,  // measure 49
0011
0000
0000
0000
0000
0100
1001
0000
,  // measure 50
0011
0000
0110
0000
1001
0000
0000
0001
,  // measure 51
1100
0000
0000
0000
0000
0001
0110
0000
,  // measure 52
1010
0000
0011
0000
1100
0000
0000
0010
,  // measure 53
0101
0000
0000
0000
0000
0010
1100
0000
,  // measure 54
0101
0000
0011
0000
1010
0000
0000
0100
,  // measure 55
1001
0000
0000
0000
0000
0100
0011
0000
,  // measure 56
1100
0000
1010
0000
0101
0000
0000
0001
,  // measure 57
0110
0000
0000
0000
0000
0001
1100
0000
,  // measure 58
0011
0000
0110
0000
1100
0000
0000
0010
,  // measure 59
1001
0000
0000
0000
0000
0100
1001
0000
,  // measure 60
0220
0330
0000
0000
0000
0000
0000
0000
0000
0000
0000
0000
0000
0000
0000
0000
0000
0000
0000
0000
0000
0000
0000
0000
0000
0000
0000
0000
0000
0000
0000
0000
,  // measure 61
0010
0110
0000
1001
0000
0010
0010
0000
,  // measure 62
1010
0000
0001
0101
0000
0000
0000
0000
,  // measure 63
0010
1010
0000
0110
0000
0001
0001
0000
,  // measure 64
1001
0000
0100
1100
0000
0000
0000
0000
,  // measure 65
0010
0110
0000
1010
0000
0001
0101
0000
,  // measure 66
0011
0000
0100
1100
0000
0000
0000
0000
,  // measure 67
0010
1010
0000
0101
0000
0010
0010
0000
,  // measure 68
1001
0000
0010
1010
0000
0000
0000
0000
,  // measure 69
0001
0101
0000
0011
0000
0100
0100
0000
,  // measure 70
1100
0000
0001
0101
0000
0000
0000
0000
,  // measure 71
0010
1010
0000
0101
0000
0001
0001
0000
,  // measure 72
0110
0000
0100
1100
0000
0000
0000
0000
,  // measure 73
0001
1001
0000
1010
0000
0010
0010
0000
,  // measure 74
1010
0000
0010
0110
0000
0000
0000
0000
,  // measure 75
0010
0110
0000
0101
0000
0010
0010
0000
,  // measure 76
0010
0000
0000
0000
0110
0000
0000
0000
0000
0000
0000
0000
0101
0000
0000
0000
0000
0000
0000
0000
0010
0000
0000
0000
0020
0030
0000
0000
0000
0000
0000
0000
,  // measure 77
1001
0000
1000
1000
0000
0001
0001
0000
,  // measure 78
1000
1000
0000
0001
0001
0001
0001
0010
,  // measure 79
0100
0010
0001
0010
0100
1000
0010
0000
,  // measure 80
0100
0100
0000
0001
0001
0001
0001
1000
,  // measure 81
0010
0100
0010
1000
0001
0010
0100
0000
,  // measure 82
1000
1000
0000
0010
0010
0010
0010
1000
,  // measure 83
0001
0010
0001
1000
0010
0100
0001
0000
,  // measure 84
0010
0010
0000
0100
0100
0100
0100
1000
,  // measure 85
0010
0110
0000
1001
0000
0100
1000
0001
,  // measure 86
0011
0000
0100
0110
0000
1000
0001
0010
,  // measure 87
0100
0110
0100
1100
0000
1000
0000
0001
,  // measure 88
0101
0000
0010
0110
0000
1000
0000
0000
,  // measure 89
0010
0100
0001
0100
0010
0100
0001
0100
,  // measure 90
0010
0100
0001
0100
0010
0100
0001
0100
,  // measure 91
0010
0100
0001
0100
0010
0100
0001
0100
0010
0100
0001
0100
0010
0100
0001
0100
,  // measure 92
0010
0100
0001
0100
0010
0100
0001
0100
0010
0100
0001
0100
0010
0100
0001
0100
,  // measure 93
0010
0000
0000
0000
,  // measure 94
1001
0000
0102
0103
0000
1010
0000
0000
,  // measure 95
0000
0000
0000
1000
0000
0001
0010
0100
,  // measure 96
1010
0000
0012
0013
0000
1100
0000
0000
,  // measure 97
0000
0000
0000
0110
0000
0000
0000
0000
,  // measure 98
0101
0000
0210
0310
0000
1010
0000
0000
,  // measure 99
0000
0000
0000
0110
0000
0001
0010
0100
,  // measure 100
1010
0000
0201
0301
0000
0011
0000
0000
,  // measure 101
0000
0000
0000
1010
0000
1000
0010
0100
,  // measure 102
0011
0000
2010
3010
0000
0101
0000
0000
,  // measure 103
0000
0000
0000
0011
0000
1000
0100
0010
,  // measure 104
0101
0000
0210
0310
0000
0101
0000
0000
,  // measure 105
0000
0000
0000
1001
0000
0000
0000
0000
,  // measure 106
1010
0000
0012
0013
0000
1100
0000
0000
,  // measure 107
0000
0000
0000
1100
0000
0001
0100
0010
,  // measure 108
1100
0000
0210
0310
0000
1001
0000
0000
,  // measure 109
0000
0000
0000
0110
,  // measure 110
0110
0110
0110
0110
,  // measure 111
0110
0000
0110
0000
0110
0000
1100
1100
,  // measure 112
1100
0110
1100
0000
0011
0011
0011
0110
,  // measure 113
0011
0000
1100
1100
1100
0110
1100
0000
,  // measure 114
0110
2002
0000
0000
,  // measure 115
0000
3003
0000
0000
;
