#TITLE:Super Mario Techno;
#SUBTITLE:;
#ARTIST:Yarblat;
#TITLETRANSLIT:;
#SUBTITLETRANSLIT:;
#ARTISTTRANSLIT:;
#CREDIT:;
#BANNER:Super Mario Techno.PNG;
#BACKGROUND:Super Mario Techno-bg.PNG;
#LYRICSPATH:;
#CDTITLE:!Dokuroridertitle.png;
#MUSIC:Super Mario Techno.mp3;
#OFFSET:-2.340;
#SAMPLESTART:50.360;
#SAMPLELENGTH:12.500;
#SELECTABLE:YES;
#BPMS:0.000=99.980;
#STOPS:;
#BGCHANGES:;
// cache tags:
#FIRSTBEAT:0.000;
#LASTBEAT:133.667;
#SONGFILENAME:Songs/All Songs/Super Mario Techno v.2/Super Mario Techno.sm;
#HASMUSIC:1;
#HASBANNER:1;
#MUSICLENGTH:83.330;
// end cache tags

//---------------dance-single - ----------------
#NOTES:
     dance-single:
     :
     Challenge:
     9:
     0.528,0.481,0.180,0.072,0.780,287.000,15.000,6.000,0.000,0.000:
1000
0000
0010
0000
1000
0000
0000
0100
0000
0010
0001
0000
0010
0000
0000
0000
,
0100
0000
1000
0000
0100
0000
0000
0010
0000
0001
1000
0000
0001
0000
0000
0000
,
0100
0000
0001
0000
0100
0000
0000
0010
0000
1000
0100
0000
1000
0000
0000
0000
,
0001
0001
0000
1000
0000
0100
0010
0000
0100
0000
0000
0000
1001
0000
0000
0000
,
1000
0000
0100
0000
0010
0001
0000
0100
0000
0010
0000
1000
0001
0000
1000
0000
,
0001
0000
0100
0000
0010
1000
0000
0100
0000
0010
0000
0001
1000
0000
0001
0000
,
1000
0000
0010
0000
0100
0001
0000
0010
0000
0100
0000
1000
0001
0000
1000
0000
,
0001
0000
0010
0000
0100
1000
0000
0010
0000
0100
0000
0001
1000
0000
0001
0000
,
1000
0000
0000
1100
0000
0000
1100
0000
0000
0100
0000
0010
0000
0001
1000
0000
,
0010
0000
0000
0000
0100
0000
0000
0000
0001
0000
0000
0000
0010
0000
0000
0000
0000
0000
0100
0000
0000
1000
0000
0000
0000
0000
0000
0100
0000
0000
0000
0000
0000
1000
0000
0000
0001
0000
0000
1000
0000
0000
0000
0000
0000
0000
0000
0000
,
0010
0000
0000
0110
0000
0000
0110
0000
0000
0100
0000
0001
0000
0010
0100
0000
,
1000
0000
0000
0000
0010
0000
0000
0000
0100
0000
0000
0000
0001
0000
0000
0000
0000
0000
0010
0000
0000
0100
0000
0000
0000
0000
0000
1000
0000
0000
0000
0000
0000
0001
0000
0000
1000
0000
0000
0001
0000
0000
0000
0000
0000
0000
0000
0000
,
0200
0001
0001
0301
0020
0100
0100
0130
,
2000
0001
0001
3001
0200
0010
0010
0310
,
2000
0100
0100
3100
0020
0001
0001
0031
,
0100
0001
0000
1000
0000
0100
0010
0000
0100
0000
0000
0000
1001
0000
0000
0000
,
0000
0000
1000
0100
0010
0100
0000
1000
0000
0001
0100
0001
0000
1000
0100
1000
,
0000
0000
0010
0001
0010
0100
0000
1000
0000
0001
0000
0001
0100
0000
0000
0000
,
1100
0000
0000
0011
0000
0000
1100
0000
,
0000
0011
0000
0000
1100
0000
0000
0000
,
0000
0000
0001
0010
0100
1000
0000
0010
0000
0100
0001
0010
0000
0100
1000
0010
,
0000
0000
0100
0001
0010
0100
0000
1000
0000
0001
0000
0001
0100
0000
0000
0000
,
0000
0000
0010
1000
0100
0010
0000
0001
0000
0010
0100
1000
0000
0010
0100
0001
,
0000
0000
0101
0000
0000
1100
0000
0000
0101
0000
0000
0000
0000
0000
0000
0000
,
1000
0100
1000
0100
1000
0100
0000
0010
0000
0010
0001
0000
0010
0000
0000
0000
,
0100
1000
0100
1000
0100
1000
0000
0010
0000
0010
0100
0000
0010
0000
0000
0000
,
0100
0001
0100
0001
0100
0001
0000
1000
0000
1000
0010
0000
1000
0000
0000
0000
,
0100
0010
0100
0010
0100
0010
0000
0001
0000
0001
1000
0000
0001
0000
0000
0000
,
0100
0010
0100
0001
1000
0001
0000
0010
0000
0100
1000
0000
0010
0000
0000
0000
,
0100
0001
0100
0010
1000
0010
0000
0100
0000
0001
0010
0000
0100
0000
0000
0000
,
1000
0100
1000
0010
0100
0010
0000
1000
0000
0100
0010
0000
0001
0000
0000
0000
,
0100
0000
0000
0010
0000
0000
0100
0000
0000
0001
0000
0000
1000
0000
0000
0001
0000
0000
0000
0000
0000
0010
0000
0000
0000
0000
0000
0100
0000
0000
1000
0000
0000
0000
0000
0000
0001
0000
0000
0000
0000
0000
1000
0000
0100
0000
1000
0000
,
0100
0000
0000
1000
0000
0000
0010
0000
0000
0100
0000
0000
0001
0000
0000
0010
0000
0000
0100
1000
0100
1000
0100
1000
,
0010
0100
0010
0100
0010
0110
0000
0000
0000
0000
0000
0000
;
