#TITLE:Otaku Speedvibe;
#SUBTITLE:;
#ARTIST:Neon Genesis Gabbangelion;
#TITLETRANSLIT:;
#SUBTITLETRANSLIT:;
#ARTISTTRANSLIT:;
#CREDIT:;
#BANNER:otakuspeedvibe.png;
#BACKGROUND:otakuspeedvibe-bg.png;
#LYRICSPATH:;
#CDTITLE:!skorTitle.png;
#MUSIC:otakuspeedvibe.mp3;
#OFFSET:-1.170;
#SAMPLESTART:27.523;
#SAMPLELENGTH:12.000;
#SELECTABLE:YES;
#BPMS:0.000=212.000;
#STOPS:;
#BGCHANGES:;
// cache tags:
#FIRSTBEAT:0.000;
#LASTBEAT:456.000;
#SONGFILENAME:Songs/All Songs/Otaku Speedvibe/OtakuSpeedvibe.sm;
#HASMUSIC:1;
#HASBANNER:1;
#MUSICLENGTH:132.145;
// end cache tags

//---------------dance-single - ----------------
#NOTES:
     dance-single:
     :
     Hard:
     11:
     1.000,1.000,1.000,0.023,0.730,924.000,188.000,3.000,0.000,0.000:  // measure 1
1001
0000
0000
0000
1000
0000
0000
0000
1000
0000
0000
0000
1000
0100
1000
0100
,  // measure 2
0010
0000
0010
0000
0010
0101
0010
1100
,  // measure 3
1001
0000
0000
0000
0001
0000
0000
0000
0001
0000
0000
0000
0001
0010
0001
0010
,  // measure 4
0100
0000
0100
0000
0100
1010
0100
0011
,  // measure 5
1001
0000
0000
0000
1000
0000
0000
0000
0001
0000
0000
0000
0010
0100
1000
0100
,  // measure 6
1000
0000
0000
0000
0100
0000
0000
0000
0010
0000
0000
0010
0101
0000
0100
0000
,  // measure 7
1010
0000
0000
0000
0010
0000
0000
0000
0100
0000
0000
0000
0010
0100
0010
0100
,  // measure 8
1001
0000
0000
0000
1000
0100
1000
0000
0010
0100
0010
0000
0100
0001
0100
0000
,  // measure 9
1001
0000
0011
0000
1100
0000
0011
0110
,  // measure 10
1100
0000
0000
0000
1010
0000
0000
0000
0101
0000
0000
1000
1010
0000
0110
0000
,  // measure 11
0101
0000
1001
0000
1010
0000
1001
0101
,  // measure 12
1001
0000
0000
0000
1010
0000
0000
0000
1100
0000
0000
0100
0110
0000
0011
0000
,  // measure 13
0101
0000
1010
0000
1001
0000
1100
1010
,  // measure 14
1001
0000
0000
0000
0101
0000
0000
0000
0011
0000
0000
0001
0011
0000
0101
0000
,  // measure 15
1001
1010
1100
0110
,  // measure 16
0011
1001
0000
1100
0000
0110
0000
1010
,  // measure 17
1001
0000
0100
0000
0010
0000
1000
0000
0100
0000
0010
0000
0001
0100
0010
0100
,  // measure 18
0001
0000
0010
0000
0100
0000
1000
0000
0010
0000
0100
0010
0100
0000
0001
0000
,  // measure 19
0010
0000
0100
0000
1000
0000
0100
0000
0010
0000
0001
0000
0100
0010
1000
0010
,  // measure 20
0100
0000
0001
0000
0100
0000
1000
0000
0100
0000
0001
0100
0010
0000
1000
0000
,  // measure 21
0100
0000
0001
0000
0100
0000
1000
0000
0010
0000
0100
0000
0001
0010
0001
0010
,  // measure 22
0100
0000
1000
0000
0100
0000
0010
0000
0001
0000
1000
0100
0001
0000
0100
0000
,  // measure 23
1000
0000
0010
0000
0100
0000
0001
0000
0010
0000
0100
0000
1000
0010
0001
0010
,  // measure 24
1000
1000
0000
1010
0000
1001
0000
0101
,  // measure 25
1001
0000
0100
0000
0010
0000
0001
0100
,  // measure 26
0010
1000
0001
0100
,  // measure 27
1000
0000
0010
0000
0100
0000
0001
0010
,  // measure 28
0100
1000
0100
0001
,  // measure 29
1000
0000
0010
0000
0100
0000
0001
0010
,  // measure 30
1000
0010
0001
0010
,  // measure 31
0100
0000
1000
0000
0010
0000
0100
0001
,  // measure 32
0010
0001
0010
0100
,  // measure 33
1001
0000
0000
0000
0001
0000
0001
0100
0001
0000
0100
0000
1010
0000
1010
0000
,  // measure 34
1010
0000
0000
0000
1000
0000
0100
0010
0100
0000
0010
0000
0001
0000
0001
0000
,  // measure 35
1001
0000
0000
0000
1000
0000
1000
0100
1000
0000
0010
0000
0101
0000
0101
0000
,  // measure 36
0101
0000
0000
0000
0001
0000
0100
0010
0100
0000
0010
0000
1000
0000
1000
0000
,  // measure 37
1001
0000
0000
0000
0001
0000
0100
0010
1000
0000
0010
0000
0100
0000
0100
0000
,  // measure 38
1001
0000
0000
0000
1000
0000
0100
0010
0001
0000
0010
0000
0100
0000
0100
0000
,  // measure 39
1001
0000
0000
0000
1000
0000
0010
0100
1001
0000
0000
0000
0001
0000
0100
0010
,  // measure 40
1001
0000
0000
0000
1000
0100
1000
0000
0001
0100
0001
0000
1000
0100
1000
0000
,  // measure 41
0001
0000
1000
0100
1000
0000
0001
0000
0010
0000
0100
0010
0100
0000
0010
0000
,  // measure 42
1001
1000
1100
0100
0110
0010
0011
0001
,  // measure 43
0010
0000
0001
0010
0001
0000
0010
0000
0100
0000
0010
0001
0010
0000
0100
0000
,  // measure 44
1100
1000
1010
0010
0110
0100
0101
0001
,  // measure 45
0010
0000
0001
1000
0001
0000
0010
0000
0100
0000
0010
0001
0010
0000
0100
0000
,  // measure 46
0110
0010
0011
0001
0101
0100
0110
0010
,  // measure 47
1000
0000
0001
1000
0001
0000
1000
0000
0010
0000
0100
0010
0100
0000
0010
0000
,  // measure 48
1001
0000
0000
0000
0000
1001
0000
1001
,  // measure 49
0001
0000
1000
0100
0010
0000
0001
0000
0010
0000
0100
1000
0010
0000
0100
0000
,  // measure 50
0101
1000
0011
1000
0101
1000
0011
1000
,  // measure 51
0001
0000
0100
0010
1000
0000
0010
0000
0001
0000
0010
1000
0100
0000
0010
0000
,  // measure 52
0110
1000
0110
0001
0110
1000
0110
0001
,  // measure 53
1001
0100
1001
0010
1001
0100
1001
0010
,  // measure 54
1100
0001
1010
0001
1100
0001
1010
0001
,  // measure 55
0010
0000
0100
0010
0001
0000
0100
0000
1000
0000
0100
0001
0010
0000
0100
0000
,  // measure 56
1010
0100
1010
0001
1010
0100
1010
0001
,  // measure 57
1000
0000
0100
0001
0100
0000
1000
0000
0010
0000
0100
1000
0100
0000
0010
0000
,  // measure 58
1010
0001
1100
0001
1010
0001
1100
0001
,  // measure 59
0100
0000
0010
1000
0010
0000
0100
0000
0001
0000
0010
0100
0010
0000
0100
0000
,  // measure 60
0110
1000
0101
1000
0110
1000
0101
1000
,  // measure 61
0101
0010
1100
0001
0110
1000
0011
0100
,  // measure 62
1010
0001
1100
0010
0101
0010
1001
0100
,  // measure 63
0001
0000
0100
1000
0100
0000
0001
0000
1000
0000
0010
0001
0010
0000
1000
0000
,  // measure 64
1001
0000
0000
0000
0000
0000
0000
0000
1000
0001
1000
0001
1000
0001
1000
0001
,  // measure 65
1000
0001
0000
0010
0000
0100
0000
1000
,  // measure 66
0000
0001
0000
0010
0000
0100
0000
1000
,  // measure 67
0000
0001
0000
0010
0000
0100
0000
1000
,  // measure 68
0000
0010
0000
0100
0000
0001
0000
0010
,  // measure 69
0000
1000
0000
0010
0000
0001
0000
0100
,  // measure 70
0000
0010
0000
1000
0000
0100
0000
0001
,  // measure 71
0000
0100
0000
1000
0000
0100
0000
0010
,  // measure 72
0000
0001
0000
0100
0000
1000
0000
0100
,  // measure 73
0000
0100
0001
0000
0000
0001
0010
0000
0000
0010
0100
0000
0000
0100
1000
0000
,  // measure 74
0000
1000
0001
0000
0000
0001
0100
0000
0000
0100
0010
0000
0000
0010
1000
0000
,  // measure 75
0000
1000
0100
0000
0000
0100
0001
0000
0000
0001
0100
0000
0000
0100
1000
0000
,  // measure 76
0000
1000
0010
0000
0000
0010
0100
0000
0000
0100
0001
0000
0000
0001
0100
0000
,  // measure 77
0001
0100
0010
0100
0001
0010
0100
0010
0001
0100
0010
0100
0001
0010
0100
0010
,  // measure 78
0001
0100
1000
0100
0001
0010
1000
0010
0001
0100
1000
0100
0001
0010
1000
0010
,  // measure 79
0001
0100
0010
1000
0001
0010
0100
1000
0001
0100
0010
1000
0001
0010
0100
1000
,  // measure 80
0001
0100
0010
1000
0001
0010
0100
1000
0001
0100
1000
0100
0001
0010
1000
0010
,  // measure 81
1001
0000
0000
0000
,  // measure 82
0000
0000
0000
0020
,  // measure 83
1030
0100
0000
0000
0100
0010
0000
0000
0010
0001
0000
0000
0001
0100
0000
0000
,  // measure 84
0100
0010
0000
0000
0010
1000
0000
0000
1000
0100
0000
0000
0100
0001
0000
0000
,  // measure 85
0001
0100
0000
0000
0100
1000
0000
0000
1000
0010
0000
0000
0010
0001
0000
0000
,  // measure 86
0001
0010
0000
0000
0010
1000
0000
0000
1000
0000
0100
0000
0001
0000
0100
0000
,  // measure 87
1000
0010
0001
0010
1000
0100
0010
0001
,  // measure 88
1000
0010
0100
0001
1000
0100
0001
0010
,  // measure 89
1000
0100
0000
0000
0100
0010
0000
0000
0010
0001
0000
0000
0001
0010
0000
0000
,  // measure 90
0010
0100
0000
0000
0100
1000
0000
0000
1000
0001
0000
0000
0001
0000
0010
0000
,  // measure 91
0100
0000
0000
0000
1000
0100
1000
0000
0001
0100
0001
0000
1000
0010
1000
0000
,  // measure 92
0001
0010
0001
0000
1000
0100
1000
0000
0100
0010
0100
0000
0010
0001
0010
0000
,  // measure 93
0001
0100
0001
0000
0100
0010
0100
0000
0010
1000
0010
0000
1000
0001
1000
0000
,  // measure 94
0100
0010
0100
0000
0010
0100
0010
0000
0001
0010
0001
0000
0010
0100
0010
0000
,  // measure 95
0001
0100
1000
0100
0001
0010
0100
1000
,  // measure 96
0100
0001
0100
1000
0010
0100
0001
0100
,  // measure 97
1000
0100
0001
0010
0100
1000
0100
0001
,  // measure 98
0100
1000
0010
0100
0001
0000
2002
3003
,  // measure 99
1000
0100
1000
0000
0001
0100
0001
0000
1001
0000
0000
0000
0110
0000
0000
0000
,  // measure 100
1000
0010
1000
0000
0001
0010
0001
0000
0011
0000
0100
0000
1010
0000
0100
0000
,  // measure 101
0001
0100
0001
0000
0100
0010
0100
0000
0010
1000
0010
0000
1000
0001
1000
0000
,  // measure 102
0001
0010
0001
0010
0000
0100
1000
0010
1000
0010
0100
0001
0010
0100
1000
0000
,  // measure 103
1001
0100
1000
0000
1001
0100
1000
0000
1010
0000
0010
0000
0110
0000
0100
0000
,  // measure 104
0101
0010
1000
0000
1100
0010
0001
0000
1001
0000
0001
0000
0101
0000
0100
0000
,  // measure 105
1100
0100
1000
0000
0110
0100
0010
0000
0011
0001
0010
0000
1001
0001
1001
0000
,  // measure 106
1010
1000
1001
0001
0101
0100
0110
0000
,  // measure 107
1100
0001
1100
0000
1100
0001
1100
0000
0110
0000
0100
0000
0110
0000
0010
0000
,  // measure 108
0011
1000
0011
0000
0011
1000
0011
0000
1001
0000
1000
0000
1001
0000
0001
0000
,  // measure 109
0011
1100
0011
0000
1100
0011
1100
0000
1010
0101
1010
0000
0101
1010
0101
0000
,  // measure 110
1001
0000
0100
0000
1010
0000
0001
0000
0110
1000
0100
0010
0001
0100
0010
1000
,  // measure 111
0110
1000
0110
0000
0110
0001
0110
0000
1010
0000
1000
0000
1001
0000
0001
0000
,  // measure 112
0101
0010
0101
0000
0101
1000
0101
0000
1001
0000
1000
0100
0011
0000
0100
0000
,  // measure 113
1010
0000
0001
0100
0001
0000
1010
0000
0101
0000
0010
1000
0010
0000
0101
0000
,  // measure 114
1001
0000
0000
0000
0100
0000
0000
0000
0011
0000
0000
0000
1000
0000
0000
0000
0101
0000
0000
0000
0010
0000
0000
0000
0001
1000
0001
1000
0001
1000
0001
1000
,  // measure 115
0001
0000
0000
0000
;
