#TITLE:Gangare;
#SUBTITLE:;
#ARTIST:Takechan;
#TITLETRANSLIT:;
#SUBTITLETRANSLIT:;
#ARTISTTRANSLIT:;
#CREDIT:;
#BANNER:gangare-bn.png;
#BACKGROUND:gangare-bg.png;
#LYRICSPATH:;
#CDTITLE:!evilpeerTitle.png;
#MUSIC:Gangare.mp3;
#OFFSET:-0.350;
#SAMPLESTART:62.000;
#SAMPLELENGTH:12.000;
#SELECTABLE:YES;
#BPMS:0.000=800.000,2.000=750.001,4.000=700.001,6.000=650.001,8.000=600.002,10.000=550.002,12.000=500.003,14.000=450.003,16.000=400.004,20.000=300.005,24.000=200.006,188.000=100.005,204.000=200.005;
#STOPS:24.000=0.320
;
#BGCHANGES:;
// cache tags:
#FIRSTBEAT:24.000;
#LASTBEAT:368.500;
#SONGFILENAME:Songs/All Songs/eVILPeeR - Gangare/Gangare.sm;
#HASMUSIC:1;
#HASBANNER:1;
#MUSICLENGTH:117.861;
// end cache tags

//---------------dance-single - ----------------
#NOTES:
     dance-single:
     :
     Hard:
     11:
     1.000,1.000,1.000,0.110,0.378,687.000,250.000,13.000,0.000,0.000:  // measure 1
0000
0000
0000
0000
,  // measure 2
0000
0000
0000
0000
,  // measure 3
0000
0000
0000
0000
,  // measure 4
0000
0000
0000
0000
,  // measure 5
0000
0000
0000
0000
,  // measure 6
0000
0000
0000
0000
,  // measure 7
1001
0010
0000
0000
,  // measure 8
1100
1100
1100
1100
,  // measure 9
1001
0000
1001
0000
1001
0000
1001
1001
,  // measure 10
0011
0011
0011
0011
,  // measure 11
0101
0000
0101
0000
0101
1010
0101
1010
,  // measure 12
0110
0001
0110
0000
0110
0000
0110
0000
,  // measure 13
0110
1000
0110
0000
0110
0000
0110
0110
,  // measure 14
1001
0100
1001
0000
1001
0010
1001
0000
,  // measure 15
0010
0000
0000
0000
1000
0000
0001
0000
1000
0000
0001
0000
1000
0100
0010
0001
,  // measure 16
1100
0000
1100
1100
0000
1100
1100
1000
,  // measure 17
1010
0101
1001
1100
1001
0101
1001
0110
,  // measure 18
0011
0000
0011
0012
0000
0013
0000
0010
,  // measure 19
0110
0100
0000
0100
1100
1000
0001
0100
,  // measure 20
0101
0000
0101
0101
0000
0101
0101
0100
,  // measure 21
1100
0011
0110
0101
0110
0011
0110
1001
,  // measure 22
1010
0000
1010
1020
0000
1030
0000
1000
,  // measure 23
1001
0000
0001
0000
0000
0000
0001
0000
0101
0000
0010
0000
1000
0100
0010
0001
,  // measure 24
1100
0001
1100
1100
0010
1100
1100
1000
,  // measure 25
1010
0101
1001
1100
1001
0101
1001
0110
,  // measure 26
0011
0100
0011
0012
0000
0013
0100
0010
,  // measure 27
0110
0100
0010
0100
1100
1000
0001
0100
,  // measure 28
0101
0010
0101
0101
1000
0101
0101
0100
,  // measure 29
1100
0011
0110
0101
0110
0011
0110
1001
,  // measure 30
1010
0001
1010
1020
0000
1030
0001
1000
,  // measure 31
1001
0000
0001
0000
1000
0000
0001
0000
0101
0000
0100
0000
0001
0010
0100
1000
,  // measure 32
0100
0100
0100
0010
0100
0100
0010
0100
,  // measure 33
0001
0010
0100
1000
0100
0010
0001
0010
,  // measure 34
0001
0010
0100
0002
0000
1003
0000
0010
,  // measure 35
0100
0100
0000
0100
1000
1000
0100
0010
,  // measure 36
1000
1000
1000
0001
1000
1000
0001
1000
,  // measure 37
0010
1000
0001
0100
0010
1000
0001
0010
,  // measure 38
1000
0010
0100
2000
0000
3001
0000
0010
,  // measure 39
0100
0100
0000
0100
0001
0001
0010
0100
,  // measure 40
1100
0100
0011
0100
1000
0100
0011
0100
,  // measure 41
1000
0100
0011
0100
1000
0100
0011
0100
,  // measure 42
1010
0100
0010
0100
0010
1000
0100
0010
,  // measure 43
0001
0010
0100
1000
0001
0010
0100
1000
,  // measure 44
0101
0010
0011
0010
0100
0010
0011
0010
,  // measure 45
0101
0010
0011
0010
0100
0010
0011
0010
,  // measure 46
1001
0100
0010
0100
1000
0100
0010
0001
,  // measure 47
1001
0100
0010
0001
0001
0010
0100
1000
,  // measure 48
0100
0010
0100
0010
0000
0100
0010
0100
0001
0010
0100
1000
0100
0010
0001
0010
,  // measure 49
1000
0000
1000
0001
0000
0001
0000
0001
0010
0010
0000
0010
0100
0100
0000
0100
,  // measure 50
0001
1000
0001
1000
0000
0001
1000
0001
0010
1000
0001
0100
0001
1000
0010
1000
,  // measure 51
0100
0000
0100
0010
0000
0010
0000
0010
1000
1000
0000
1000
0001
0001
0000
0001
,  // measure 52
1000
0001
1000
0011
0000
0001
1000
0011
,  // measure 53
0000
0001
1000
0011
0000
0001
1000
0011
,  // measure 54
1001
1000
0001
1100
0000
1000
0001
1100
,  // measure 55
0000
1000
0001
1100
0000
1000
0001
1100
,  // measure 56
1001
0001
1000
0011
0000
0001
1000
0011
,  // measure 57
0000
0001
1000
0011
0000
0001
1000
0011
,  // measure 58
1001
1000
0001
1100
0000
1000
0001
1100
,  // measure 59
1001
0000
1001
0000
1001
0000
1001
0100
,  // measure 60
1100
0000
1100
1100
0000
1100
1100
1000
,  // measure 61
1010
0101
1001
1100
1001
0101
1001
0110
,  // measure 62
0011
0000
0011
0012
0000
0013
0000
0010
,  // measure 63
0110
0100
0000
0100
1100
1000
0001
0100
,  // measure 64
0101
0000
0101
0101
0000
0101
0101
0100
,  // measure 65
1100
0011
0110
0101
0110
0011
0110
1001
,  // measure 66
1010
0000
1010
1020
0000
1030
0000
1000
,  // measure 67
1001
0000
0001
0000
0000
0000
0001
0000
0101
0000
0010
0000
1000
0100
0010
0001
,  // measure 68
1100
0001
1100
1100
0010
1100
1100
1000
,  // measure 69
1010
0101
1001
1100
1001
0101
1001
0110
,  // measure 70
0011
0100
0011
0012
0000
0013
0100
0010
,  // measure 71
0110
0100
0010
0100
1100
1000
0001
0100
,  // measure 72
0101
0010
0101
0101
1000
0101
0101
0100
,  // measure 73
1100
0011
0110
0101
0110
0011
0110
1001
,  // measure 74
1010
0001
1010
1020
0000
1030
0001
1000
,  // measure 75
1001
0000
0001
0000
1000
0000
0001
0000
0101
0000
0100
0000
0001
0010
0100
1000
,  // measure 76
0011
0100
0011
0100
0011
0100
0110
0010
,  // measure 77
1010
0010
1100
0010
1100
0010
0110
0010
,  // measure 78
0011
0001
1001
0010
0110
0100
1100
0100
,  // measure 79
0110
0110
0100
0010
0011
0110
1100
1001
,  // measure 80
1010
0001
1010
0001
1010
0001
1001
1000
,  // measure 81
1100
1000
0101
1000
0101
1000
1001
1000
,  // measure 82
1010
0010
0110
1000
1001
0001
0101
0001
,  // measure 83
1001
1001
0001
1000
1010
1001
0101
0110
,  // measure 84
1001
0000
0010
0100
1000
0000
1000
0010
0100
0000
0001
1000
0100
0000
1000
0001
,  // measure 85
0100
0000
1000
0100
0010
0000
0010
0100
0001
0000
0001
0010
0100
0000
0100
0010
,  // measure 86
0100
0000
0100
0010
1000
0000
1000
0001
0010
0000
0001
1000
0010
0000
0100
0010
,  // measure 87
0100
0000
0001
1000
0001
0000
0001
0010
0100
0000
0100
0010
0100
0010
0100
0010
,  // measure 88
0001
0010
0100
1000
0100
0010
0001
1000
0010
0100
1000
0001
0010
0001
0100
0010
,  // measure 89
0100
1000
0010
0100
0010
0001
0010
0100
0001
1000
0100
0010
0001
0010
0100
1000
,  // measure 90
0010
0100
0010
0001
0010
0100
1000
0100
0010
0100
0010
0100
1000
0100
0010
0100
,  // measure 91
0001
0010
0100
1000
0001
0010
0100
1000
0001
0010
0100
1000
0100
0010
0001
0010
,  // measure 92
2002
0000
0000
0003
0200
3000
0000
0000
,  // measure 93
0000
0300
0000
0000
0000
0000
0000
0000
;
