#TITLE:Jack;
#SUBTITLE:;
#ARTIST:DesQ;
#TITLETRANSLIT:;
#SUBTITLETRANSLIT:;
#ARTISTTRANSLIT:;
#CREDIT:;
#BANNER:jack.png;
#BACKGROUND:jack-bg.png;
#LYRICSPATH:;
#CDTITLE:!skorTitle.png;
#MUSIC:jack.mp3;
#OFFSET:-1.275;
#SAMPLESTART:25.750;
#SAMPLELENGTH:12.000;
#SELECTABLE:YES;
#BPMS:0.000=116.000,40.000=58.000,44.000=116.000;
#STOPS:;
#BGCHANGES:;
// cache tags:
#FIRSTBEAT:8.000;
#LASTBEAT:190.000;
#SONGFILENAME:Songs/All Songs/jack/jack.sm;
#HASMUSIC:1;
#HASBANNER:1;
#MUSICLENGTH:104.103;
// end cache tags

//---------------dance-single - ----------------
#NOTES:
     dance-single:
     :
     Hard:
     11:
     1.000,1.000,1.000,0.154,1.000,647.000,241.000,16.000,0.000,0.000:  // measure 1
0000
0000
0000
0000
,  // measure 2
0000
0000
0000
0000
,  // measure 3
1001
1001
0000
1010
1010
1010
1010
1010
0110
0110
0000
0110
0110
0110
0110
0110
,  // measure 4
0101
0101
0000
0101
0101
0101
0101
0101
0011
0011
0000
0011
0011
0011
0011
0011
,  // measure 5
0110
0110
0000
0110
0110
0110
0110
0110
1100
1100
0000
1100
1100
1100
1100
1100
,  // measure 6
1001
1001
0000
1001
1001
1001
1001
1001
0101
0101
0000
0101
0101
0101
0101
0101
,  // measure 7
0110
0110
0000
0110
0110
0110
0110
0110
1010
1010
0000
1010
1010
1010
1010
1010
,  // measure 8
0110
0110
0000
0110
0110
0110
0110
0110
1001
1001
0000
1001
1001
1001
1001
1001
,  // measure 9
1010
1010
0000
1010
1010
1010
1010
1010
0101
0101
0000
0101
0101
0101
0101
0101
,  // measure 10
0011
0011
0000
0011
0011
0011
0011
0011
1100
1100
0000
1100
1100
1100
1100
1100
,  // measure 11
1001
0000
0100
0000
0010
0000
0001
0000
1000
0000
0000
0000
1001
0000
0000
0000
0001
0000
0100
0000
0010
0000
1000
0000
0010
0000
0100
0000
0001
0000
0010
0000
0100
0000
1000
0000
0001
0000
0010
0000
0100
0000
0000
0000
0110
0000
0000
0000
1000
0000
0100
0000
0001
0000
0100
0000
1000
0001
1000
0000
0000
0000
0001
0000
,  // measure 12
1001
1001
0000
0001
0100
0010
1000
0010
0110
0110
0000
1000
0100
0010
0001
0010
,  // measure 13
1100
1100
0000
0010
0100
1000
0001
0010
1100
1100
0000
0001
1000
0100
0010
0100
,  // measure 14
1001
1001
0000
0010
0001
1000
0001
0100
1010
1010
0000
0001
0100
0010
1000
0010
,  // measure 15
0101
0101
0000
1000
0001
0100
1000
0100
0011
0011
0000
0010
0001
1000
0001
1000
,  // measure 16
1001
0100
1000
0100
0010
0001
0010
0001
0100
0010
0100
0010
1000
0001
1000
0001
,  // measure 17
0010
0100
0010
0100
1000
0100
1000
0100
0010
0001
0011
0000
0001
0011
0000
0001
,  // measure 18
1001
0100
0001
0100
0010
1000
0010
1000
0100
0010
0100
0010
0001
1000
0001
1000
,  // measure 19
0010
0100
0010
0100
0001
0100
0001
0100
0010
1000
1010
0000
1000
1010
0000
1000
,  // measure 20
1001
0100
0010
1000
0001
0010
0100
1000
0001
0100
0010
1000
0001
0010
0100
1000
,  // measure 21
0001
0100
0010
1000
0001
0010
0100
1000
0001
0100
1010
0000
0100
1010
0000
0100
,  // measure 22
1001
0100
0010
0001
1000
0010
0100
0001
1000
0100
0010
0001
1000
0010
0100
0001
,  // measure 23
1000
0100
0010
0001
1000
0010
0100
0001
1000
0100
0001
0010
1000
0010
0001
0100
,  // measure 24
1001
0000
1001
0000
1001
0110
0000
0101
0000
0101
0101
0000
1001
0000
0220
0330
,  // measure 25
1100
0000
1100
0000
0011
1001
0000
1010
0000
1010
1010
0000
0202
0000
0000
0303
,  // measure 26
0011
0000
0011
0000
1100
1010
0000
0101
0000
0101
0101
0000
0110
0000
2002
3003
,  // measure 27
1100
0000
1100
0000
2002
0000
3003
0000
0001
1000
0000
1000
0000
1000
0000
1000
,  // measure 28
0001
0001
0001
0001
0001
0001
0001
0001
0001
0001
0001
0001
0001
0001
0001
0001
,  // measure 29
0010
0010
0010
0010
0010
0010
0010
0010
0010
0010
0010
0010
0010
0010
0010
0010
,  // measure 30
0100
0100
0100
0100
0100
0100
0100
0100
0100
0100
0100
0100
0100
0100
0100
0100
,  // measure 31
1000
1000
1000
1000
1000
1000
1000
1000
1000
1000
1000
1000
1000
1000
1000
1000
,  // measure 32
0001
0001
0001
0001
0001
0001
0001
0001
0001
0001
0001
0001
0001
0001
0001
0001
,  // measure 33
0010
0010
0010
0010
0010
0010
0010
0010
0010
0010
0010
0010
0010
0010
0010
0010
,  // measure 34
0100
0100
0100
0100
0100
0100
0100
0100
0100
0100
0100
0100
0100
0100
0100
0100
,  // measure 35
1000
1000
1000
1000
1000
1000
1000
1000
1000
1000
1000
1000
1000
1000
1000
1000
,  // measure 36
1001
0000
1001
0000
0011
0000
1000
0100
0010
0001
0010
0100
1010
0000
0000
0000
,  // measure 37
0110
0000
0110
0000
0101
0000
0001
0100
0010
1000
0010
0100
0101
0000
0001
0100
,  // measure 38
1010
0000
1010
0000
1001
0000
0001
0100
1000
0100
0001
0010
1010
0000
0000
0000
,  // measure 39
1000
0010
0001
0100
0101
0000
0001
0100
1000
0100
0001
1000
1001
0001
1000
0001
,  // measure 40
1001
0100
0010
0100
1010
0100
0001
0100
0010
1000
0100
0010
0011
0001
0100
0010
,  // measure 41
1000
0100
0010
0100
1100
1000
0001
0100
0010
0100
0001
0010
0110
0100
1000
0001
,  // measure 42
1001
1000
0100
0010
0011
0001
0100
0010
1000
0100
0010
0100
1100
1000
0001
0100
,  // measure 43
0001
1000
0010
0100
0101
0001
0100
0010
1000
0001
1000
0001
1000
0001
1000
0001
,  // measure 44
1001
0110
0000
1010
1010
1010
1010
1010
1010
1010
0000
0110
0101
0000
2002
3003
,  // measure 45
1010
1001
0000
1001
0101
0101
0101
0101
0101
0101
0000
0011
0110
0000
2200
3300
,  // measure 46
0101
0011
0000
0011
0110
0110
0110
0110
0110
0110
0000
1100
1001
0000
0220
0330
,  // measure 47
1010
0101
0000
0101
0011
0011
0011
0011
0011
0011
0000
0110
1001
0000
0220
0330
,  // measure 48
1000
0001
0000
0001
1000
0100
0001
0010
1000
0000
0000
0000
0000
0000
0000
0000
;
