#TITLE:LAB;
#SUBTITLE:;
#ARTIST:RAM;
#TITLETRANSLIT:;
#SUBTITLETRANSLIT:;
#ARTISTTRANSLIT:;
#CREDIT:;
#BANNER:lab-banner.png;
#BACKGROUND:lab-bg.png;
#LYRICSPATH:;
#CDTITLE:!cynicTitle.png;
#MUSIC:lab.mp3;
#OFFSET:-0.579;
#SAMPLESTART:33.556;
#SAMPLELENGTH:10.667;
#SELECTABLE:YES;
#BPMS:0.000=180.000;
#STOPS:;
#BGCHANGES:;
// cache tags:
#FIRSTBEAT:19.500;
#LASTBEAT:324.000;
#SONGFILENAME:Songs/All Songs/lab/lab.sm;
#HASMUSIC:1;
#HASBANNER:1;
#MUSICLENGTH:110.427;
// end cache tags

//---------------dance-single - ----------------
#NOTES:
     dance-single:
     :
     Hard:
     11:
     1.000,1.000,0.489,0.181,1.000,725.000,54.000,20.000,0.000,0.000:  // measure 1
0000
0000
0000
0000
,  // measure 2
0000
0000
0000
0000
,  // measure 3
0000
0000
0000
0000
,  // measure 4
0000
0000
0000
0000
,  // measure 5
0000
0000
0000
0000
0000
0000
0000
0001
,  // measure 6
0000
0000
0000
0000
1000
0000
0000
0000
0100
1000
0010
0000
0000
0000
0010
0000
,  // measure 7
1000
0010
0100
0001
0010
0000
0001
0010
0100
1000
0010
0000
0000
1000
0001
0000
,  // measure 8
0000
0000
0000
0000
0100
0000
0000
0000
0010
1000
0010
0000
0000
0000
1000
0000
,  // measure 9
0001
0100
0010
0100
0001
0000
1000
0100
1000
0001
1000
0001
1001
0000
1001
0000
,  // measure 10
0001
0100
0010
1000
0001
0000
0001
0000
0010
0001
1000
0000
0100
1000
0010
0000
,  // measure 11
1010
0000
0000
0000
0101
0000
0000
0000
1010
0000
0000
0000
1001
0000
0001
0100
,  // measure 12
0010
0000
0010
1000
0100
0010
0100
0000
0100
1000
0010
0100
0001
0010
0100
0000
,  // measure 13
1001
0000
0000
0000
0110
0000
0000
0000
1001
0001
0100
0010
1000
0000
1000
0000
,  // measure 14
1000
0010
0100
0001
1000
0000
1000
0000
1000
0100
0001
0000
0001
0010
1000
0000
,  // measure 15
1001
0000
0000
0000
0110
0000
0000
0000
1001
0000
0001
0100
0010
0000
0001
0100
,  // measure 16
0010
0000
0001
1000
0010
0000
0000
0010
0000
0000
2002
0000
0000
0000
0000
0000
,  // measure 17
0000
0000
3003
0000
2200
0000
0000
3300
0022
0000
0000
0033
0001
0000
0001
0000
,  // measure 18
0010
0001
1000
0100
1000
0000
1000
0000
1000
0100
0010
0000
0010
0001
0100
0000
,  // measure 19
0101
0000
0000
0000
1010
0000
0000
0000
0101
0000
0000
0000
0001
0100
0001
0100
,  // measure 20
0010
0000
1000
0001
1000
0001
0100
0000
0001
0100
1000
0100
0001
0010
0001
0000
,  // measure 21
0011
0000
0000
0000
1100
0000
0000
0000
0011
0010
0100
1000
0001
0000
0001
0000
,  // measure 22
0100
0001
1000
0001
0010
0000
0010
0000
0010
1000
0001
0100
0001
0010
0001
1000
,  // measure 23
1001
0000
0000
0000
0110
0000
0000
0000
1001
0000
0001
0100
0010
0000
0001
0100
,  // measure 24
0010
0000
0001
1000
0010
0000
0000
0010
0000
0000
2002
0000
0000
0000
0000
0000
,  // measure 25
0000
0000
3003
0000
0202
0000
0000
0303
2020
0000
0000
3030
1000
0001
1000
0001
,  // measure 26
0100
0001
0100
0001
1000
0100
0010
0001
0100
0010
1000
0001
1000
0001
0100
0010
,  // measure 27
1000
0100
0010
0001
0010
0100
0010
0001
0100
0010
1000
0001
0100
1000
0100
0001
,  // measure 28
0010
0100
1000
0010
0100
0001
0100
0001
0100
0010
1000
0001
0100
0001
0010
0100
,  // measure 29
1000
0010
1000
0001
1000
0010
1000
0001
1000
0100
1000
0001
0100
0001
0100
0010
,  // measure 30
1000
0001
0010
0100
1000
0010
0100
0001
1000
0100
1000
0100
1000
0001
0010
0001
,  // measure 31
0010
0100
1000
0100
1000
0001
0010
0001
0010
0100
1000
0001
0010
0100
1000
0010
,  // measure 32
0100
0001
1000
0100
0010
0001
1000
0010
0100
0001
0100
0010
1000
0001
0000
0001
,  // measure 33
0000
0001
0000
0001
0020
0000
0000
0000
0000
0000
0030
0000
0100
0000
0000
0000
,  // measure 34
1000
0000
0000
0000
0001
0000
0100
0010
1000
0100
0000
0000
0010
0000
0001
0000
,  // measure 35
0100
0000
1000
0000
0100
0000
0001
0010
0100
1000
0010
0000
0000
1000
0000
0000
,  // measure 36
0010
0000
0000
0000
0100
0000
0001
0100
0001
0010
0100
0000
0010
0000
0001
0000
,  // measure 37
1000
0010
0100
0001
0000
0000
1000
0000
,  // measure 38
0010
0000
0000
0000
0100
0000
0001
0010
0100
1000
0001
0000
0010
0000
0100
0000
,  // measure 39
1000
0000
0100
0000
1000
0000
0100
0010
0001
1000
0100
0000
0000
0010
0000
0000
,  // measure 40
0001
0000
0000
0000
0100
0000
0010
1000
0001
0100
0010
0000
1000
0000
0001
0000
,  // measure 41
0010
0000
0100
0000
1000
0001
0100
0000
1000
0000
0100
0000
0001
0000
0000
0000
,  // measure 42
0010
0000
0000
0000
0100
0000
1000
0010
0100
0001
0010
0000
0100
0000
1000
0000
,  // measure 43
0001
0000
0100
0000
0010
0000
0100
0001
1000
0100
0010
0000
0000
0001
0000
0000
,  // measure 44
0100
0000
0000
0000
0010
0000
1000
0100
0010
0001
0100
0000
0010
0000
1000
0000
,  // measure 45
0010
1000
0001
0100
0000
0000
0001
0000
,  // measure 46
0010
0000
0000
0000
0100
0000
1000
0010
0100
0001
0010
0000
0100
0000
1000
0000
,  // measure 47
0100
0000
0010
0000
0001
0000
0100
0010
1000
0010
1000
0000
0000
0001
0000
0000
,  // measure 48
0100
0000
0000
0000
0001
0000
1000
0100
0010
0001
1000
0000
0100
0000
0010
0000
,  // measure 49
0000
0000
0001
0010
0100
0000
1000
0100
0010
0000
0000
0000
0001
0010
0100
1000
,  // measure 50
0100
0010
0001
0000
0000
0000
0010
0000
0000
0000
0100
0000
1000
0010
0100
0001
,  // measure 51
0100
0010
1000
0000
0000
0000
0100
0000
0000
0000
0010
0000
0001
0010
0100
1000
,  // measure 52
0100
0010
0001
0000
0000
0000
0010
0000
0000
0000
0100
0000
1000
0010
0100
0001
,  // measure 53
0100
0010
1000
0000
0000
0000
0100
0000
0000
0000
0010
0000
0001
0100
1000
0100
,  // measure 54
0001
0010
0100
0000
0000
0000
1000
0000
0000
0000
0001
0000
1000
0100
0001
0100
,  // measure 55
1000
0010
0100
0000
0000
0000
0001
0000
0000
0000
1000
0000
0001
0100
1000
0100
,  // measure 56
0001
0010
0100
0000
0000
0000
1000
0000
0000
0000
0001
0000
1000
0100
0001
0100
,  // measure 57
1000
0010
0100
0000
0000
0000
0001
0000
0001
0000
0000
0000
1000
0100
0010
0001
,  // measure 58
0010
0100
1000
0000
0000
0000
0100
0000
0000
0000
0010
0000
0001
0100
0010
1000
,  // measure 59
0010
0100
0001
0000
0000
0000
0010
0000
0000
0000
0100
0000
1000
0100
0010
0001
,  // measure 60
0010
0100
1000
0000
0000
0000
0100
0000
0000
0000
0010
0000
0001
0100
0010
1000
,  // measure 61
0010
0100
0001
0000
0000
0000
0010
0000
0000
0000
0100
0000
1000
0010
0001
0010
,  // measure 62
1000
0100
0010
0000
0000
0000
0001
0000
0000
0000
1000
0000
0001
0010
1000
0010
,  // measure 63
0001
0100
0010
0000
0000
0000
1000
0000
0000
0000
0001
0000
1000
0010
0001
0010
,  // measure 64
1000
0100
0010
0000
0000
0000
0001
0000
0000
0000
1000
0000
0001
0010
1000
0010
,  // measure 65
0001
0100
0010
0000
0000
0000
1000
0000
1000
0000
0000
0000
1001
0000
1001
0000
,  // measure 66
0001
0100
0010
1000
0001
0000
0001
0000
0010
0001
1000
0000
0100
1000
0010
0000
,  // measure 67
1010
0000
0000
0000
0101
0000
0000
0000
1010
0000
0000
0000
1001
0000
0001
0100
,  // measure 68
0010
0000
0010
1000
0100
0010
0100
0000
0100
1000
0010
0100
0001
0010
0100
0000
,  // measure 69
1001
0000
0000
0000
0110
0000
0000
0000
1001
0001
0100
0010
1000
0000
1000
0000
,  // measure 70
1000
0010
0100
0001
1000
0000
1000
0000
1000
0100
0001
0000
0001
0010
1000
0000
,  // measure 71
1001
0000
0000
0000
0110
0000
0000
0000
1001
0000
0001
0100
0010
0000
0001
0100
,  // measure 72
0010
0000
0001
1000
0010
0000
0000
0010
0000
0000
2002
0000
0000
0000
0000
0000
,  // measure 73
0000
0000
3003
0000
2200
0000
0000
3300
0022
0000
0000
0033
0001
0000
0001
0000
,  // measure 74
0010
0001
1000
0100
1000
0000
1000
0000
1000
0100
0010
0000
0010
0001
0100
0000
,  // measure 75
0101
0000
0000
0000
1010
0000
0000
0000
0101
0000
0000
0000
0001
0100
0001
0100
,  // measure 76
0010
0000
1000
0001
1000
0001
0100
0000
0001
0100
1000
0100
0001
0010
0001
0000
,  // measure 77
0011
0000
0000
0000
1100
0000
0000
0000
0011
0010
0100
1000
0001
0000
0001
0000
,  // measure 78
0100
0001
1000
0001
0010
0000
0010
0000
0010
1000
0001
0100
0001
0010
0001
1000
,  // measure 79
1001
0000
0000
0000
0110
0000
0000
0000
1001
0000
0001
0100
0001
1000
0100
1000
,  // measure 80
0010
0100
0001
0000
1010
0000
0000
0101
0000
0000
1001
0000
1000
0010
0100
0001
,  // measure 81
1000
0010
0100
0001
0010
0001
1000
0100
0010
0001
1000
0200
0000
0000
0000
0000
,  // measure 82
0300
0000
0000
0000
;
