#TITLE:Classic 8;
#SUBTITLE:(Line Times);
#ARTIST:Waldeus von Dovjak;
#TITLETRANSLIT:;
#SUBTITLETRANSLIT:;
#ARTISTTRANSLIT:;
#CREDIT:;
#BANNER:classic8.png;
#BACKGROUND:classic8-bg.png;
#LYRICSPATH:;
#CDTITLE:!a0Title.png;
#MUSIC:classic8.mp3;
#OFFSET:-1.390;
#SAMPLESTART:69.600;
#SAMPLELENGTH:12.000;
#SELECTABLE:YES;
#BPMS:0.000=210.000,3.000=60.000,5.000=70.000,7.000=80.000,9.000=90.000,11.000=100.000,13.000=110.000,15.000=120.000,17.500=130.000,19.000=140.000,21.000=150.000,23.000=160.000,25.000=170.000,27.000=180.000,31.250=200.000,34.000=180.000,50.000=120.000,51.000=140.000,52.500=160.000,53.000=180.000,67.000=120.000,88.000=70.000,120.000=200.000,184.000=60.000,186.000=85.000,188.000=110.000,190.000=135.000,192.000=160.000,194.000=185.000,196.000=210.000,199.750=105.000,205.875=210.000;
#STOPS:;
#BGCHANGES:;
// cache tags:
#FIRSTBEAT:0.000;
#LASTBEAT:216.000;
#SONGFILENAME:Songs/All Songs/Classic 8 (Line Times)/classic8.sm;
#HASMUSIC:1;
#HASBANNER:1;
#MUSICLENGTH:102.948;
// end cache tags

//---------------dance-single - ----------------
#NOTES:
     dance-single:
     :
     Hard:
     10:
     0.783,0.944,0.369,0.194,0.918,506.000,38.000,20.000,0.000,0.000:  // measure 1
1001
0000
0000
2000
,  // measure 2
0000
3100
0002
0000
0000
0100
1003
0000
,  // measure 3
0000
0000
1000
0010
0200
0000
0000
0000
0300
0000
0000
0000
0002
0000
0000
0000
,  // measure 4
0000
0000
1003
0010
0200
0000
0000
0000
0300
0000
0000
0000
0001
0001
0010
0100
,  // measure 5
2000
0000
0000
3001
0020
0000
0000
0030
0000
0000
0000
0000
2000
0000
0000
3001
,  // measure 6
0010
0100
0010
0001
2000
0000
0000
0000
3000
0000
0100
0000
2002
0000
0000
0000
,  // measure 7
3003
0000
0010
0100
2002
0000
0000
0000
3003
0000
0000
0000
0010
0100
0010
1000
,  // measure 8
0100
0010
0100
1000
0010
0100
0010
1000
0100
0010
0100
1000
0001
0010
0100
1000
,  // measure 9
0010
0000
0000
1000
0001
0000
0000
0000
2002
0000
3003
0000
0000
0000
0001
0010
,  // measure 10
0100
1000
0001
0010
0100
1000
0100
0010
0001
1000
0100
0010
0001
0010
0100
1000
,  // measure 11
0100
0010
0001
1000
0100
0010
0001
0010
1001
0000
0000
1001
0110
0000
1000
0100
,  // measure 12
0010
0001
0010
0100
1000
0100
0010
0001
0010
0100
1000
0100
0010
0001
0010
0100
,  // measure 13
1000
0100
0010
0001
0010
0100
1000
0000
1001
0000
0000
0110
1001
0000
0010
0001
,  // measure 14
0010
0100
1000
0100
0010
0001
0010
0100
1000
0100
0010
0100
1000
0100
0010
0001
,  // measure 15
0010
0100
0010
0001
0010
0100
1000
0100
0010
0100
1000
0100
0010
0001
0010
0100
,  // measure 16
0010
0001
0010
0100
0010
0001
0010
0100
1000
0100
0010
0100
1000
0001
1000
0010
,  // measure 17
0100
0001
1000
0010
0100
0001
1000
0010
0100
0001
1000
0010
1001
0010
0100
0001
,  // measure 18
1000
0100
0010
1001
0010
0100
0001
1000
0010
0100
0001
0010
0100
1000
0010
1001
,  // measure 19
0100
1000
0010
0100
0001
0010
0100
1000
0010
0100
1001
0010
1000
0001
0100
0010
,  // measure 20
1000
0100
0010
0001
0100
0010
0100
1001
0010
0100
0001
1000
0010
1000
0100
0010
,  // measure 21
0001
0100
0010
1001
0010
1000
0001
0010
0100
1000
0100
0010
0001
0010
0100
1001
,  // measure 22
0010
0100
0001
0100
0010
1000
0001
0100
0001
0010
1001
0000
0000
0000
0000
0000
,  // measure 23
1001
0000
0010
0100
1001
0000
0000
0000
,  // measure 24
0000
1000
1000
0001
1001
0000
0000
0000
,  // measure 25
0000
0001
0001
1000
1010
0000
0000
0100
,  // measure 26
0100
1000
0010
0100
1001
0000
0000
0000
,  // measure 27
0000
0001
0001
1000
1001
0000
0000
0000
,  // measure 28
1000
1000
0100
0100
1000
0100
0010
0001
,  // measure 29
0100
0100
0010
0010
1000
0100
0010
0001
,  // measure 30
1010
1010
0101
0101
1010
1010
0101
0101
,  // measure 31
0001
0010
0001
0010
0001
0010
0001
0010
0001
0010
0001
0010
,  // measure 32
0001
0010
0001
0010
0001
0010
0001
0010
0001
0010
0001
0010
,  // measure 33
0001
0010
0001
0010
0001
0010
0001
0010
0001
0010
0001
0010
,  // measure 34
0001
0010
0001
0010
0001
0010
0001
0010
0001
0010
0001
0010
,  // measure 35
0100
1000
0100
1000
0100
1000
0100
1000
0100
1000
0100
1000
,  // measure 36
0010
0100
0010
0100
0010
0100
0010
0100
0010
0100
0010
0100
,  // measure 37
0001
1000
0001
1000
0001
1000
0100
1000
0100
1000
0100
1000
,  // measure 38
0001
0010
0100
1000
0001
0010
0100
1000
,  // measure 39
0001
0010
0100
1000
0001
0010
0100
1000
,  // measure 40
0001
0100
0010
1000
0001
0100
0010
1000
,  // measure 41
0001
0010
0100
1000
0001
0010
0100
1000
,  // measure 42
0001
0010
0100
1000
0001
0010
0100
1000
,  // measure 43
0001
0100
0010
1000
0001
0100
0010
1000
,  // measure 44
0001
0010
0100
1000
0001
0010
0100
1000
,  // measure 45
0001
0010
0100
1000
0001
0010
0100
1000
,  // measure 46
0001
0100
0010
1000
0001
0100
0010
1000
,  // measure 47
0002
0000
0000
0000
2003
0000
0000
3010
,  // measure 48
0000
0000
0100
0000
0000
0000
0010
0100
0001
1000
0100
0010
0001
0000
0000
0000
,  // measure 49
0002
0000
0000
0000
0203
0000
0000
0310
,  // measure 50
0000
0000
0100
0000
0000
0000
0001
0010
0001
0010
0100
1000
0100
1000
0000
0000
,  // measure 51
0000
0000
0000
0000
0021
0000
0000
0000
0031
0000
0000
0001
0010
0100
0010
0100
,  // measure 52
1000
0000
0000
0000
0100
0000
0000
0000
1000
0000
0000
0000
0010
0000
0000
1001
0000
0000
0000
0000
0000
0000
0000
0000
0000
0000
0000
0000
0000
0000
0001
0000
,  // measure 53
0010
0000
0000
0000
0000
0000
0000
0000
0000
0000
0000
0000
0110
0000
0000
0000
0000
0000
0000
0000
0000
0000
0000
0000
1000
0000
0000
0000
0001
0000
0000
0000
0000
0000
0000
0000
0000
0000
0000
0000
0000
0000
0010
0000
0000
1000
0000
0000
,  // measure 54
0100
0010
0001
0100
0010
0000
0000
0000
1010
0000
0000
0000
0011
0000
0000
0000
,  // measure 55
1001
0000
0000
0000
;
