#TITLE:era;
#SUBTITLE:(Step Remix);
#ARTIST:TaQ;
#TITLETRANSLIT:;
#SUBTITLETRANSLIT:;
#ARTISTTRANSLIT:;
#CREDIT:;
#BANNER:eraanother-banner.png;
#BACKGROUND:eraanother-bg.png;
#LYRICSPATH:;
#CDTITLE:!cynicTitle.png;
#MUSIC:Era (Step Remix) - Taq.mp3;
#OFFSET:-1.405;
#SAMPLESTART:34.728;
#SAMPLELENGTH:12.000;
#SELECTABLE:YES;
#BPMS:0.000=180.050,112.000=90.025,160.000=180.000,224.000=90.000;
#STOPS:;
#BGCHANGES:;
// cache tags:
#FIRSTBEAT:0.000;
#LASTBEAT:242.000;
#SONGFILENAME:Songs/All Songs/erastep/eraanother.sm;
#HASMUSIC:1;
#HASBANNER:1;
#MUSICLENGTH:106.089;
// end cache tags

//---------------dance-single - ----------------
#NOTES:
     dance-single:
     :
     Hard:
     11:
     1.000,1.000,0.613,0.349,1.000,795.000,65.000,37.000,0.000,0.000:  // measure 1
0001
0100
0010
0100
0001
0000
0000
0010
,  // measure 2
0100
1000
0010
0100
0001
0000
0000
0000
,  // measure 3
0100
0010
1000
0010
0100
0000
0000
0010
,  // measure 4
1000
0000
0100
0000
0010
0000
0001
0000
0000
0000
1000
0001
1000
0000
0001
0000
,  // measure 5
1001
0000
0001
0100
0001
0000
1000
0000
0010
0000
0000
1000
0100
0000
0010
0001
,  // measure 6
0010
0000
0100
0000
1000
0000
0001
1000
0100
0000
1000
0001
0010
0100
1000
0000
,  // measure 7
1001
0000
0010
0100
1000
0000
0100
0000
1000
0000
0100
1000
0010
0000
0100
0001
,  // measure 8
0010
0000
0100
0000
1000
0010
0100
0000
0010
0100
0001
1000
0100
0010
0001
0000
,  // measure 9
1001
0000
0100
1000
0010
0000
0100
0000
0001
0010
0001
0000
1000
0100
1000
0000
,  // measure 10
0001
0010
0100
1000
0010
0000
0100
0001
1000
0000
1100
0000
0101
0000
1100
0000
,  // measure 11
1000
0001
0100
0000
0001
1000
0100
0000
1000
0000
0010
0100
0001
0000
1100
0000
,  // measure 12
1000
0010
0100
0000
0001
0010
0100
0000
1000
0000
0100
0010
0001
0000
1100
0000
,  // measure 13
1000
0100
0010
0000
0001
0000
0100
0000
0001
0000
0010
0100
1000
0000
1001
0000
,  // measure 14
1000
0001
0100
0000
0010
0000
0100
0000
0010
0000
1000
0100
0010
0000
0110
0000
,  // measure 15
0100
0010
0001
0000
0100
0000
0010
0000
1000
0100
0010
0000
0100
0000
1000
0000
,  // measure 16
2200
0000
0000
3300
0022
0000
0000
0033
0202
0000
0000
0303
2020
0000
0000
3030
,  // measure 17
0010
1000
0100
0000
1000
0000
0010
0000
1000
0000
0001
0010
0100
0000
1000
0000
,  // measure 18
0001
0010
0100
1000
0100
0010
0001
0000
1000
0010
0100
0000
0001
0010
0100
0000
,  // measure 19
0010
0001
0010
0000
0100
1000
0010
0100
0001
0100
0001
0010
0100
1000
1001
0000
,  // measure 20
1000
0010
0100
0000
0001
0100
0010
0100
0001
0010
0100
1000
0100
0010
0110
0000
,  // measure 21
0100
0010
0001
0000
0100
0000
0010
1000
0000
0001
0100
0000
0010
1000
0100
0010
,  // measure 22
1001
0100
0010
0000
1100
0000
0010
0001
0000
0100
1000
0000
0010
0001
0100
0000
,  // measure 23
1001
0000
0001
0100
0010
0000
1000
0000
0010
1000
0010
1000
0010
1000
0010
1000
,  // measure 24
0001
0100
0001
0100
0001
0100
0001
0100
0010
1000
0100
0010
0220
0000
0000
0330
,  // measure 25
1001
0000
0100
0020
0000
0000
1030
0000
0100
0000
0010
0000
0001
0010
0100
0000
,  // measure 26
0110
0000
1000
0002
0000
0000
0103
0000
0010
1000
0100
0000
1000
0001
0100
0000
,  // measure 27
0001
0010
0001
0010
0001
0010
0001
0010
0100
1000
0100
1000
0100
1000
0100
1000
,  // measure 28
0001
0010
0100
1000
0001
0010
0100
1000
0010
0100
0001
1000
0010
0100
0001
1000
,  // measure 29
2002
0000
0000
0000
0000
0000
0000
3003
0200
0000
0000
0000
0000
0000
0000
0300
,  // measure 30
0020
0000
0000
0000
0000
0000
0000
0030
2000
0000
0000
0000
0000
0000
0000
3000
,  // measure 31
2200
0000
0000
3300
0220
0000
0000
0330
0022
0000
0000
0033
0202
0000
0000
0303
0220
0000
0000
0330
2020
0000
0000
3030
2002
0000
0000
3003
0220
0000
0000
0330
,  // measure 32
2002
0000
0000
0000
0000
0000
0000
0000
0000
0000
0000
0000
0000
0000
0000
0000
0000
0000
0000
0000
0000
0000
0000
0000
0000
0000
0000
0000
3003
0000
1000
0001
,  // measure 33
0100
0001
0010
0100
1000
0010
0100
0001
0010
0100
1000
0010
0100
0001
0010
0001
,  // measure 34
0100
0001
0010
0100
1000
0010
0100
0001
0010
0100
1000
0010
0100
0001
0010
0001
,  // measure 35
1001
0010
0100
0001
0010
0100
1000
0010
0100
0001
0010
0100
1000
0010
0100
0010
,  // measure 36
1000
0010
0100
0001
0010
0100
1000
0010
0100
0001
0010
0100
1000
0010
0100
0010
,  // measure 37
1000
0100
0010
0100
0010
0001
0010
0100
1000
0100
0010
0100
0010
0001
0010
0100
1000
0100
0010
0001
0010
0001
0010
0100
1000
0100
0010
0001
0010
0001
0010
0100
,  // measure 38
1000
0100
0010
0001
0010
0100
0010
0100
1000
0100
0010
0001
0010
0100
0010
0100
1000
0100
0010
0001
0010
0100
1000
0100
1000
0100
0010
0001
0010
0100
1000
0100
,  // measure 39
1001
0100
0010
0100
0010
1000
0010
0100
0001
0100
0010
0100
0010
1000
0010
0100
0001
0100
0010
1000
0010
1000
0010
0100
0001
0100
0010
1000
0010
1000
0010
0100
,  // measure 40
0001
0100
0010
1000
0010
0100
0010
0100
0001
0100
0010
1000
0010
0100
0010
0100
0001
0100
0010
1000
0010
0100
0001
0100
0001
0100
0010
1000
0010
0100
0001
0100
,  // measure 41
1001
0100
0010
1000
0001
0100
0010
1000
0100
1000
0001
0010
0100
1000
0001
0010
,  // measure 42
0100
1000
0100
0001
0100
1000
0100
0010
0001
0010
1000
0010
0001
0010
0100
1000
,  // measure 43
0010
1000
0001
0100
0010
1000
0001
0100
0010
1000
0100
0010
0001
1000
0100
0010
,  // measure 44
0001
0010
1000
0010
0100
1000
0100
0010
0001
0010
1000
0010
0100
1000
0100
0010
,  // measure 45
0001
0100
0001
0010
0001
0100
0001
1000
0100
1000
0010
1000
0100
1000
0010
1000
,  // measure 46
0001
0010
0100
1000
0010
0100
0001
0010
0100
1000
0010
0100
0001
0010
0100
1000
,  // measure 47
0001
0100
0010
1000
0100
0010
0001
0100
0010
1000
0100
0010
0001
0100
0010
1000
,  // measure 48
0100
0001
0010
1000
0100
0001
0010
0100
1000
0010
0001
0100
1000
0010
0001
1000
,  // measure 49
1001
0100
1000
0000
0010
0000
0100
0000
1001
0100
0001
0000
0010
0000
0100
0000
,  // measure 50
1001
0100
0010
0000
0001
0000
0010
0000
0100
1000
0001
0000
1001
0000
0000
0000
,  // measure 51
1000
0001
0100
0010
1000
0000
0100
0000
0010
0001
0000
1000
0100
0000
0010
0000
,  // measure 52
0001
0010
0001
0010
0100
1000
0100
1000
0001
0010
0001
0010
0100
1000
0100
1000
,  // measure 53
0001
0100
0001
0100
0010
0000
0100
0000
1000
0010
1000
0010
0100
0000
0001
0000
,  // measure 54
0010
0100
1000
0010
0100
0000
0001
0000
1000
0100
1000
0000
0001
0010
0001
0000
,  // measure 55
1000
0001
0100
0000
1100
0000
0101
0000
0001
1000
0010
0000
0011
0000
1010
0000
,  // measure 56
1000
0010
0100
0001
0010
0100
1000
0001
1000
0100
0010
0001
0100
0010
1000
0001
,  // measure 57
1000
0010
0010
0100
0001
0100
0010
0100
0100
0010
1000
1000
0010
0100
0100
0010
,  // measure 58
0100
0011
0101
0010
1010
1100
0100
0110
0011
0100
1001
0100
1010
0010
1100
0101
,  // measure 59
0001
0010
0010
0001
0010
0100
0010
0100
0100
0010
0100
0100
1000
0100
0100
0010
,  // measure 60
0100
1100
1010
0100
0101
1100
1000
1010
0011
0100
1010
0100
0011
0100
0101
1100
,  // measure 61
0101
2200
0000
0000
0000
0000
0000
0000
3300
0000
0000
0000
0000
0000
0000
0000
;
