#TITLE:1000 WORDS;
#SUBTITLE:;
#ARTIST:JADE;
#TITLETRANSLIT:;
#SUBTITLETRANSLIT:;
#ARTISTTRANSLIT:;
#CREDIT:;
#BANNER:1000 WORDS.PNG;
#BACKGROUND:1000 WORDS-bg.PNG;
#LYRICSPATH:;
#CDTITLE:nintendo.png;
#MUSIC:1000 Words.mp3;
#OFFSET:-8.187;
#SAMPLESTART:102.804;
#SAMPLELENGTH:17.700;
#SELECTABLE:YES;
#BPMS:0.000=102.000;
#STOPS:;
#BGCHANGES:;
// cache tags:
#FIRSTBEAT:1.000;
#LASTBEAT:226.167;
#SONGFILENAME:Songs/All Songs/1,000 Words/1000 Words.sm;
#HASMUSIC:1;
#HASBANNER:1;
#MUSICLENGTH:146.894;
// end cache tags

//---------------dance-single - BASIC----------------
#NOTES:
     dance-single:
     BASIC:
     Easy:
     1:
     0.144,0.173,0.041,0.061,0.000,133.000,6.000,9.000,0.000,0.000:

0000
0000
1000
0000
,
0001
0000
1000
0000
,
0100
0000
0020
0000
,
0030
0000
0001
0000
,
1000
0000
0100
0000
,
0010
0000
0100
0000
,
1000
0000
0000
0200
0000
0000
0000
0000
,
0300
0000
0010
0000
,
0001
0000
1000
0000
,
0100
0000
0002
0000
,
0000
0003
0000
0000
0000
0000
0000
0000
,
0010
0000
0100
0000
,
1000
0100
0100
0000
,
0001
0000
0100
0100
,
0100
0000
0010
0000
,
0100
0000
1000
1000
,
1000
1000
0000
0010
,
0100
0000
0001
0001
,
1000
1000
0100
0100
,
0000
0010
0001
0000
,
2000
0000
0000
0000
,
3000
0010
0200
0000
,
0300
0000
0001
0000
,
1000
0000
0001
0000
,
1000
0000
0100
0100
,
0010
0010
0100
0001
,
1000
0100
0001
0000
,
0010
0010
0100
0100
,
0001
0000
1000
0000
,
1001
0000
0010
0010
,
1001
0000
0100
0100
,
0010
0000
0001
0001
,
1000
0000
0100
0010
,
0100
1000
0001
0100
,
0010
0100
1000
0000
,
0100
0001
1000
0100
,
0010
0100
1001
0000
,
0010
0000
1001
0000
,
0100
0000
0000
0220
0000
0000
0000
0000
,
0000
0000
0000
0000
0000
0330
0000
0000
,
0000
0000
1000
0000
,
1000
0000
0001
0000
,
0001
0000
0010
0000
,
0100
0000
0001
0000
,
1000
0000
0100
0000
,
0001
0000
1000
0000
,
0100
0000
0010
0000
,
1001
0000
0100
0000
,
0010
0000
0001
0000
,
1000
0000
0100
0100
,
0010
0010
0001
0001
,
1000
1000
0100
0000
,
0001
0001
1000
1000
,
0100
0100
0010
0010
,
0001
0100
2000
0000
,
0000
0000
0002
0000
,
0000
0000
0000
0000
0000
0000
0000
0000
0000
0000
0000
0000
0000
3003
0000
0000
0000
0000
0000
0000
0000
0000
0000
0000;

//---------------dance-single - TRICK----------------
#NOTES:
     dance-single:
     TRICK:
     Medium:
     5:
     0.257,0.231,0.082,0.177,0.020,226.000,12.000,26.000,0.000,0.000:
0000
1000
0001
1000
,
0100
0000
0010
0000
0001
0100
1000
0000
,
0100
0002
2003
3000
,
1000
0000
0001
0010
0100
0000
1000
0100
,
0000
0001
0100
0000
0002
0000
0100
0000
,
0013
0000
0000
0001
0100
0000
0010
0000
,
0100
1000
0002
2000
,
0000
0000
0000
0000
0000
3003
0000
0000
,
0010
0100
0000
0001
0000
1000
0001
0000
,
0010
0100
1000
0001
,
0010
0000
0100
0000
2000
0000
0000
3000
,
0100
0000
0010
0000
0002
0000
0100
0103
,
0000
0000
1000
0001
1000
0000
0000
0010
,
0100
0000
0001
0100
0000
1000
0100
0000
,
0020
0032
2003
3000
,
0100
0000
0010
0000
0001
0000
1000
0100
,
0000
0001
0100
0000
0010
0000
0100
0000
,
1001
0000
0010
0000
0100
0000
1000
0100
,
0000
0001
0000
0020
0000
0100
0130
0000
,
0001
0010
0100
1000
,
0100
0010
0000
0001
0000
1000
0001
0000
,
0010
0100
2002
3003
,
0001
0000
1000
0000
0100
0000
0001
1000
,
0000
0000
0100
0010
0000
0000
0001
1000
,
0000
0000
0010
0000
0100
0000
1000
0001
,
1000
0000
0010
0000
0100
0000
0000
1001
,
0000
0110
0000
2002
0000
3003
0000
0000
,
0010
0000
0100
0000
1000
0100
0000
0001
,
0000
0010
0100
0010
,
0001
0000
1000
0100
0000
0000
0010
0100
,
0001
1000
0000
0000
2000
0000
0100
0000
,
0100
0000
0100
3000
0002
0000
0010
0000
,
0010
0000
0013
0000
0010
0100
1000
0100
,
0000
0001
0000
0010
0000
1100
0000
0101
,
0000
0010
0000
2002
0000
0000
0000
0000
,
3003
0000
0001
0000
,
1000
0000
0100
0010
0001
0000
1000
0100
,
0000
0000
0001
0100
0000
0000
1000
0000
,
0100
0000
0010
0000
0002
0000
0003
2000
,
0000
3000
0200
0000
0300
0000
0001
1000
,
0001
0000
0000
0000
0010
0000
0000
0000
1000
0000
0000
0001
0000
0000
1001
0000
,
0000
0000
0000
0010
0100
0001
1000
0100
,
0000
0000
0010
0000
0000
0000
0100
0000
0001
0000
0000
0001
0000
0000
0001
0000
,
0000
0000
0000
1000
0100
0010
0100
1000
,
0000
0000
0100
0000
0001
0000
0000
0000
1000
0000
0000
1000
0000
0000
1000
0000
,
0000
0000
0001
0000
1000
0010
0100
0000
,
0001
0000
1000
0100
0010
0000
0001
2002
,
0000
0000
0000
3003
0000
0000
0000
0000
,
0001
0000
0000
0000
1000
0000
0000
0000
0100
0000
0000
0010
0000
0000
0100
0000
,
0000
0000
0110
0000
1000
0001
0100
1000
,
0000
0000
0100
0000
0000
0000
0010
0000
0001
0000
0000
0001
0000
0000
1001
0000
,
0000
0000
0010
0000
0100
1000
0100
0001
,
0000
0000
0010
0000
0000
0000
0100
0000
0100
0000
0000
0010
0000
0000
0100
0000
,
0000
0000
0001
0000
1000
0100
0010
0000
,
0001
0000
1000
0010
2000
0000
0000
0000
,
0000
0000
0002
0000
,
0000
0000
0000
0000
0000
0000
0000
0000
0000
0000
0000
0000
0000
0000
0000
0000
0000
0000
0000
0000
0000
0000
0000
0000
0000
3003
0000
0000
0000
0000
0000
0000
0000
0000
0000
0000
0000
0000
0000
0000
0000
0000
0000
0000
0000
0000
0000
0000
;

//---------------dance-single - MANIAC----------------
#NOTES:
     dance-single:
     MANIAC:
     Hard:
     7:
     0.340,0.346,0.272,0.306,0.065,265.000,40.000,45.000,0.000,0.000:
0000
0000
1000
0001
1001
0000
0000
0001
,
1000
0000
0001
2000
0000
0001
0001
0000
,
3001
2000
0002
0000
,
3003
0000
0001
0000
1000
0100
0001
0010
,
0000
1000
0010
0000
0010
0000
0100
0000
,
0001
0000
0000
1000
1100
0000
0010
0011
,
0000
0011
0000
0012
0000
0000
2000
0000
,
3003
0000
0000
0000
1000
0100
0010
0001
,
1000
0100
0000
0001
0000
0002
2000
0000
,
0000
0000
0000
3003
0000
0000
0100
0000
,
1000
0000
0010
0001
1000
0100
0000
0010
,
0100
1000
0001
0010
0000
0000
0110
1001
,
0000
0000
0100
1000
0002
0000
0000
0100
,
0103
0000
1000
2000
0000
3001
0002
0000
,
0003
0002
2003
3000
,
0000
0010
0100
1000
0010
0000
1000
0001
,
0000
0001
1000
0000
0000
0000
0010
0100
,
1000
0000
0100
0000
0002
0000
0103
0001
,
0000
0011
0000
2001
0000
0001
0002
0000
,
3003
0000
0010
0001
2000
0000
0000
3000
,
0100
0010
0000
0010
0000
1000
0002
0000
,
0003
1000
0010
0100
2002
0000
0000
0000
,
0000
0000
3003
0000
0020
0000
0100
0130
,
0000
0000
1000
2000
0000
0000
0010
3010
,
0000
0000
1000
0100
0010
0001
0001
0010
,
0000
0100
1000
0100
0000
0011
0000
1100
,
0000
2000
0000
3002
0000
0003
0100
0010
,
0100
0000
0000
0001
0100
1000
0000
1100
,
0000
0000
0000
0010
0001
0000
0001
0010
,
0000
1000
0100
0010
1000
0000
0001
1000
,
0002
0000
0103
0000
0010
0100
1000
0001
,
0010
0000
0001
0002
0000
1003
0000
0100
,
2000
0000
3100
0010
0100
1000
0100
0020
,
0000
0031
0100
2000
0000
0100
0000
3100
,
0000
0011
0000
0012
0000
0003
0100
0010
,
0100
0000
1000
0001
1000
0010
0100
0001
,
0100
1000
0010
1000
1100
0000
0010
0110
,
0000
0000
0001
0011
0000
0000
0010
1010
,
0000
0000
0110
0000
2001
0000
3000
0102
,
0000
0003
1200
0000
0300
0000
0010
0100
,
1000
0000
0000
0000
0010
0000
1000
0100
1000
0000
0000
0110
0000
0000
0102
0000
,
0000
0000
0003
0010
0100
1000
0100
0001
,
0000
0000
0001
0000
0000
0000
0000
0000
1100
0000
0000
0101
0000
0000
1100
0000
,
0000
0000
0000
0000
0000
0000
0010
0100
0010
0000
1000
0000
0100
0000
0010
0000
,
0000
0000
0001
0000
1000
0000
0100
0000
1100
0000
0000
0101
0000
0000
2200
0000
,
0000
0000
0000
3300
0000
0000
0010
0000
0100
0000
0000
1000
0000
0000
0100
0000
,
0010
0000
0000
0001
0000
0000
1000
0000
1001
0000
0000
0110
0000
0000
2002
0000
,
0000
0000
3003
0000
0001
0000
1000
0000
0001
0000
0000
0010
0000
0000
0010
0100
,
0010
0100
0010
0100
0000
0000
1000
0001
1000
0000
0000
0010
0000
0000
2200
0000
,
0000
3300
0000
0000
0000
0000
0010
0000
0100
0000
1000
0000
0001
0000
0110
0000
,
0000
0000
1000
0000
0000
0000
0100
0000
0010
0000
0000
0101
0000
0000
2200
0000
,
0000
0000
3300
0000
0000
0000
0010
0100
0001
0000
1000
0000
0100
0000
0010
0000
,
0000
0000
0100
0000
1000
0000
0100
0000
0010
0000
0000
0101
0000
0000
2200
0000
,
0000
0000
3300
0000
0000
0000
0010
0000
0100
0000
0000
1000
0000
0000
0001
0000
,
0100
0000
0000
0001
0000
0000
1000
0000
2000
0000
0000
0000
0000
0000
0000
0000
,
0000
0000
0002
0000
,
0000
0000
3003
0000
;
