#TITLE:Final Fantasy VII Battle;
#SUBTITLE:;
#ARTIST:植松伸夫;
#TITLETRANSLIT:;
#SUBTITLETRANSLIT:;
#ARTISTTRANSLIT:Nobuo Uematsu;
#CREDIT:;
#BANNER:FF7 Battle.PNG;
#BACKGROUND:FF7 Battle-bg.PNG;
#LYRICSPATH:;
#CDTITLE:!Dokuroridertitle.png;
#MUSIC:FF7 Battle.mp3;
#OFFSET:-2.820;
#SAMPLESTART:24.320;
#SAMPLELENGTH:12.500;
#SELECTABLE:YES;
#BPMS:0.000=178.200;
#STOPS:;
#BGCHANGES:;
// cache tags:
#FIRSTBEAT:0.000;
#LASTBEAT:224.000;
#SONGFILENAME:Songs/All Songs/FF7 Battle v.2/FF7 Battle.sm;
#HASMUSIC:1;
#HASBANNER:1;
#MUSICLENGTH:88.189;
// end cache tags

//---------------dance-single - ----------------
#NOTES:
     dance-single:
     :
     Easy:
     3:
     0.191,0.286,0.000,0.079,0.000,111.000,0.000,7.000,0.000,0.000:
1000
0000
0000
1000
0000
0000
1000
0000
,
0000
0000
0000
0010
,
0001
0000
0000
0001
0000
0000
0001
0000
,
0000
0100
0010
0000
,
1000
0000
0000
1000
0000
0000
1000
0000
,
0000
0001
0100
0000
,
0010
0000
0000
0100
,
0000
0000
1000
0001
,
1000
0000
0000
0010
,
0000
0000
0100
0001
,
0100
0000
0000
0010
,
0000
0000
1000
0100
,
1000
0000
0000
0100
0000
0000
0000
0000
,
0000
0010
0001
0010
,
0001
0100
0001
0100
,
0001
0000
0000
0000
,
1000
0000
0000
0010
0000
0000
1000
0000
,
0000
0000
0010
0001
,
0010
0000
0000
0001
0000
0000
0010
0000
,
0000
0000
0010
1000
,
0010
0000
0000
1000
0000
0000
0010
0000
,
0000
0000
0100
0010
,
0100
0000
0000
0010
0000
0000
0000
0000
,
0000
0010
1000
0010
,
1000
0100
1000
0100
,
1000
0000
0000
0001
0000
0000
1000
0000
,
0100
0000
0000
0000
,
0000
0010
0001
0010
,
0001
0100
0001
0100
,
0001
1000
0001
1000
,
0001
0000
0000
0000
,
0000
1000
0010
1000
,
0010
0000
0000
0100
,
0010
0000
0000
0100
,
0010
0000
0000
0100
,
0010
0000
0000
0000
,
0001
0000
0000
1000
0000
0000
0001
0000
,
0000
0010
0000
0000
0001
0000
0100
0000
,
0002
0000
0000
0000
,
0000
0000
0000
0000
0000
0003
0000
0000
,
2000
0000
0000
0000
,
0000
0000
0000
0000
0000
3000
0000
0000
,
0002
0000
0000
0000
,
0000
0000
0000
0000
0000
0003
0000
0000
,
2000
0000
0000
0000
,
0000
0000
0000
0000
0000
3000
0000
0000
,
0020
0000
0000
0000
,
0000
0000
0000
0000
0000
0030
0000
0000
,
0200
0000
0000
0000
,
0000
0000
0000
0000
0000
0300
0000
0000
,
0001
0000
0000
1000
0000
0000
0001
0000
,
0000
0010
0001
0010
,
0001
0000
0000
1000
0000
0000
0001
0000
,
0000
1000
0100
1000
,
0200
0000
0000
0000
,
0000
0000
0000
0000
,
0300
0000
0000
0000
;

//---------------dance-single - ----------------
#NOTES:
     dance-single:
     :
     Medium:
     5:
     0.301,0.381,0.023,0.057,0.000,179.000,2.000,5.000,0.000,0.000:
1000
0000
0000
0001
0000
0000
1000
0000
,
0000
0001
0100
0001
,
0100
0000
0000
0010
0000
0000
0100
0000
,
0000
0010
1000
0010
,
1000
0001
1000
0001
,
0000
0000
0000
0000
,
0010
0000
0000
1000
0000
0000
0100
0000
,
0000
0010
0000
0000
0001
0000
0100
0000
,
0001
0000
0000
0010
0000
0000
0100
0000
,
0000
1000
0000
0000
0001
0000
0010
0000
,
0001
0000
0000
0100
0000
0000
0010
0000
,
0000
1000
0000
0000
0010
0000
0000
0000
,
1000
0000
0000
0001
0000
0000
1000
0000
,
0000
0010
0000
0000
0100
0000
0100
0000
,
0001
1000
0100
0100
,
0010
0000
0000
0001
0000
0000
0010
0000
,
0100
0000
0000
1000
0000
0000
0100
0000
,
0000
0010
0000
0000
0001
0000
0100
0000
,
0001
0000
0000
1000
0000
0000
0010
0000
,
0000
0100
0000
0000
0010
0000
1000
0000
,
0010
0000
0000
0100
0000
0000
0010
0000
,
0000
1000
0000
0000
0001
0000
0000
0000
,
1000
0000
0000
0001
0000
0000
0001
0000
,
0100
0010
1000
0100
,
0010
0001
0100
0010
,
1000
0000
0000
0001
0000
0000
1000
0000
,
0010
0000
0000
0100
0000
0000
0010
0000
,
0000
1000
0001
0010
,
0100
1000
0010
0100
,
0001
1000
0001
1000
,
0010
0000
0000
0100
0000
0000
0001
0000
,
0000
1000
0000
0000
0100
0000
0010
0000
,
0200
0000
0300
0000
,
0020
0000
0030
0000
,
2002
0000
0000
0000
,
0000
0000
0000
3003
,
1000
0000
0000
0010
0000
0000
0100
0000
,
0000
0001
0000
0000
0010
0000
0100
0000
,
0000
1000
0010
0000
1000
0010
0000
1000
,
0010
0000
1000
0010
0000
1000
0010
0000
,
0000
0001
0100
0000
0001
0100
0000
0001
,
0100
0000
0001
0100
0000
0001
0100
0000
,
0000
1000
0010
0000
1000
0010
0000
1000
,
0010
0000
1000
0010
0000
1000
0010
0000
,
0000
0001
0010
0000
0001
0010
0000
0001
,
0010
0000
0001
0010
0000
0001
0010
0000
,
0000
0100
0010
0000
0100
0010
0000
0100
,
0010
0000
0100
0010
0000
0100
0010
0000
,
0000
1000
0001
0000
1000
0001
0000
1000
,
0001
0000
1000
0001
0000
1000
0001
0000
,
1001
0000
0000
0100
0000
0000
0001
0000
,
0000
1000
0100
0010
,
0001
0000
0000
1000
0000
0000
0001
0000
,
0000
0010
0100
1000
,
0002
0000
0000
0000
,
0000
0000
0000
0000
,
0003
0000
0000
0000
;

//---------------dance-single - ----------------
#NOTES:
     dance-single:
     :
     Hard:
     7:
     0.458,0.540,0.329,0.181,0.000,238.000,29.000,16.000,0.000,0.000:
1100
0000
0000
0011
0000
0000
1100
0000
,
0000
0010
0100
0010
,
1020
0000
0000
0100
0000
0000
1030
0000
,
0000
0001
0010
0001
0010
0100
1000
0100
,
0020
0032
0203
0320
,
0000
0000
0000
0030
,
1100
0000
0000
0010
0000
0000
0101
0000
,
0000
0001
0000
0000
1010
0000
1001
0000
,
0101
0000
0000
0010
0000
0000
1010
0000
,
0000
1000
0000
0000
1001
0000
0011
0000
,
0110
0000
0000
0010
0000
0000
0100
0000
,
0000
0010
0000
0000
0002
0000
0000
0000
,
1003
0000
0000
0100
0000
0000
0100
0000
,
0000
0010
0001
0010
0100
0010
0100
1000
,
0010
0100
0001
0100
0010
0100
0010
1000
,
0100
0000
0000
0010
0000
0010
0100
0000
,
0011
0000
0000
0100
0000
0000
1100
0000
,
0000
0010
0000
0000
0101
0000
1001
0000
,
1010
0000
0000
0100
0000
0000
0011
0000
,
0000
0100
0000
0000
1100
0000
0110
0000
,
0011
0000
0000
0001
0000
0000
0010
0000
,
0000
0100
0000
0000
0020
0000
0000
0000
,
1030
0000
0000
1001
0000
0000
0001
0000
,
0000
1000
0100
1000
0100
0010
0001
0010
,
0001
0100
0010
0100
0010
1000
0100
1000
,
0100
0000
0000
0010
0000
0010
0001
0000
,
1001
0000
0000
0100
0000
0000
1001
0000
,
0000
0010
1000
0010
1000
0100
0010
0100
,
0010
0001
0010
0001
0100
0010
0100
0010
,
1000
0001
1000
0001
0010
0100
0010
0100
,
0020
0000
0000
0001
0000
0000
0031
0000
,
0000
0020
2030
3002
,
0103
0000
0001
0100
0000
0001
0100
0001
,
1000
0000
0100
1000
0000
0100
1000
0100
,
0020
0000
0000
0000
,
0000
0000
0000
0030
,
1001
0000
0000
0001
0000
0000
1100
0000
,
0000
0010
0100
0010
0100
1000
0001
1000
,
0000
0010
0001
0000
0100
0001
0000
1000
,
0010
0000
0100
0001
0000
1000
0100
1000
,
0000
0010
0001
0000
0100
0001
0000
0010
,
0100
0000
1000
0100
0000
0010
0001
0010
,
0000
0001
0100
0000
0010
1000
0000
0100
,
0010
0000
0001
0100
0000
0010
1000
0010
,
0000
0100
0010
0000
1000
0100
0000
0010
,
0001
0000
0100
0010
0000
1000
0100
1000
,
0000
0001
0100
0000
0010
1000
0000
0100
,
0010
0000
0001
0100
0000
0010
0100
0010
,
0000
1000
0100
0000
0010
0100
0000
1000
,
0001
0000
0100
0001
0000
1000
0100
1000
,
0000
0001
0100
0000
0100
0000
0010
1000
,
0000
0100
0010
0100
0010
0001
0100
0001
,
0100
0000
0000
0110
0000
0000
1001
0000
,
0000
0200
0320
2030
,
3002
0000
0000
0000
,
0000
0000
0000
0000
,
0003
0000
0000
0000
;

//---------------dance-single - ----------------
#NOTES:
     dance-single:
     :
     Challenge:
     8:
     0.515,0.540,0.181,0.057,0.000,297.000,16.000,5.000,0.000,0.000:
1000
0010
1000
0010
0100
0010
1000
0010
,
1000
0010
0100
0000
0001
0000
0010
0000
,
0100
1000
0100
1000
0100
0010
0100
1000
,
0100
1000
0100
0010
0001
0100
0010
1000
,
0100
0010
0001
1000
,
0000
0010
0100
0001
0010
0100
1000
0000
,
0001
0000
0001
0100
0000
0100
0010
0000
,
1000
0100
0000
0100
0010
0000
0001
0000
,
0100
0000
0100
0010
0000
0010
1000
0000
,
0100
0010
0000
0010
0001
0000
0100
0000
,
0010
0000
0010
1000
0000
1000
0100
0000
,
0010
0001
0000
0001
2000
0000
0000
0000
,
3001
0000
0010
0100
0000
0000
0010
0000
,
0000
0001
0100
0010
1000
0100
1000
0010
,
0100
0001
0010
0100
0010
0001
0010
0100
,
1000
0010
0100
0001
1000
0001
0100
0000
,
0001
0000
1000
0001
0000
0100
0010
0000
,
1000
0100
0000
0010
0001
0000
1000
0000
,
0010
0000
0100
0001
0000
0010
0001
0000
,
1000
0100
0000
0010
0100
0000
1000
0000
,
0010
0000
0100
0001
0000
0010
0100
0000
,
1000
0010
0000
0100
0001
0000
1000
0000
,
1001
0000
0000
1001
0000
0000
0001
0000
,
0000
0100
0010
1000
0100
1000
0010
0100
,
0001
0010
0001
0100
0010
1000
0100
1000
,
0010
0000
0000
0100
0000
0001
1000
0000
,
0010
0100
1000
0010
0100
0001
1000
0001
,
0100
0010
1000
0100
0010
0001
0100
0010
,
0100
0001
1000
0100
0010
0100
1000
0001
,
0010
0100
1000
0010
0100
0001
0010
0100
,
2000
0000
0000
0000
,
3000
0101
1001
1100
,
1001
0001
0100
0001
0000
0010
0100
1000
,
0010
0100
0001
0100
0000
0010
1000
0010
,
0200
0000
0000
0000
,
0000
0000
0000
0300
,
0101
0000
0000
1010
0000
0000
1100
0000
,
0000
0110
0000
0000
0011
0000
1100
0000
,
1000
0010
0100
0000
0001
0100
0000
0010
,
1000
0000
0100
0010
0000
0001
0010
0001
,
0100
0010
1000
0000
0010
0100
0000
0001
,
0100
0000
0010
1000
0000
0100
0010
0001
,
0100
0010
1000
0000
0100
0010
0000
0001
,
0010
0000
0100
1000
0000
0010
0100
0010
,
1000
0100
0010
0000
0100
1000
0000
0010
,
0100
0000
0001
0010
0000
0100
1000
0010
,
0100
0001
0100
0000
0010
1000
0000
0100
,
0010
0000
0100
1000
0000
0010
0100
0001
,
0100
0010
1000
0000
0100
0010
0000
0001
,
0010
0000
0001
0100
0000
0010
1000
0100
,
0010
0001
0010
0000
0001
0000
0100
0010
,
0000
1000
0100
1000
0001
0100
0001
0010
,
0100
0000
0100
0010
0000
0010
0100
0000
,
0000
0110
1100
0101
,
2002
0000
0000
0000
,
0000
0000
0000
0000
,
3003
0000
0000
0000
;
