#TITLE:Somebody Like You;
#SUBTITLE:;
#ARTIST:good-cool;
#TITLETRANSLIT:;
#SUBTITLETRANSLIT:;
#ARTISTTRANSLIT:;
#CREDIT:;
#BANNER:Somebody Like You.png;
#BACKGROUND:Somebody Like You-bg.png;
#LYRICSPATH:;
#CDTITLE:!tophTitle.png;
#MUSIC:Somebody Like You.mp3;
#OFFSET:-0.440;
#SAMPLESTART:71.460;
#SAMPLELENGTH:15.300;
#SELECTABLE:YES;
#BPMS:0.000=125.000;
#STOPS:;
#BGCHANGES:;
// cache tags:
#FIRSTBEAT:4.000;
#LASTBEAT:227.750;
#SONGFILENAME:Songs/All Songs/Somebody Like You/Somebody Like You.sm;
#HASMUSIC:1;
#HASBANNER:1;
#MUSICLENGTH:114.422;
// end cache tags

//---------------dance-single - ----------------
#NOTES:
     dance-single:
     :
     Hard:
     12:
     1.000,0.871,1.000,0.017,1.000,680.000,138.000,2.000,0.000,0.000:  // measure 1
0000
0000
0000
0000
,  // measure 2
1100
0000
0010
0100
0101
0000
1000
0001
0010
0001
0100
0000
1010
0000
0100
0000
,  // measure 3
0001
1000
0100
0000
0011
0000
1000
0001
0100
0000
0010
0000
0101
0000
1000
0000
,  // measure 4
0011
0000
1000
0000
0010
0000
0000
0000
1001
0000
0000
0000
0010
0000
0001
0000
0000
0000
1000
0010
0100
0000
0000
0000
0011
0000
1000
0000
0000
0000
0100
0000
,  // measure 5
0010
0001
1000
0010
0101
1000
0000
0011
0100
1000
0100
0000
1001
0010
0100
0010
,  // measure 6
1001
0000
0100
0010
1010
0000
0001
1000
0010
1000
0100
0000
0011
0000
1000
0000
,  // measure 7
0100
0010
0001
0000
1010
0000
0100
0001
1000
0000
0100
0000
0011
0000
1000
0000
,  // measure 8
0101
1000
0010
0100
1001
0010
0000
0100
1000
0001
0100
0000
0110
1000
0001
0000
,  // measure 9
0010
0000
0100
0000
1000
0001
1000
0001
1000
0000
0100
0000
0000
0000
0010
0000
1001
0000
0100
0000
0010
0000
0001
0000
1100
0000
0010
0000
0001
0000
0100
0000
,  // measure 10
1001
0000
0010
1000
1010
0000
0100
0000
1000
0001
0100
0000
1001
0001
0010
0100
,  // measure 11
1000
0000
0010
0100
1001
0000
0010
0100
0000
0100
0010
0100
1001
0000
0010
0100
,  // measure 12
1000
0000
0010
0100
0110
0000
0001
0000
1000
0100
0010
0000
1001
0001
0100
0001
,  // measure 13
1100
0000
0101
0000
0010
1001
0000
0110
0011
0000
1000
0101
0000
1010
0000
1001
,  // measure 14
0110
0000
1000
0001
1001
0000
0100
0000
0010
1000
0100
1000
0110
0010
0001
0010
,  // measure 15
0100
0000
1000
0000
1010
0000
0100
0001
1000
0001
0100
0000
1010
0000
0001
0000
,  // measure 16
0100
0000
0001
1000
1100
0000
1000
0000
0010
0100
0001
0100
1001
0001
0100
0001
,  // measure 17
0010
0000
0100
0000
1001
0000
0010
0100
0001
0010
0100
0000
1001
0000
0100
0000
,  // measure 18
1100
0000
0001
0100
0110
0000
1000
0000
0010
0100
0001
0010
1100
0100
1000
0001
,  // measure 19
0100
0000
0010
0000
1100
0000
0001
0100
0010
0100
0001
0000
1100
0000
0010
0000
,  // measure 20
0001
0000
1000
0010
0110
0000
0001
0000
1000
0100
0010
0100
1001
0001
0100
0001
,  // measure 21
1000
0000
0000
0000
0100
0000
0000
0000
0011
0000
1000
0000
0001
0000
0100
0000
0010
0000
1000
0001
0010
0000
0100
0000
1001
0000
0010
0000
0100
0000
0010
0000
,  // measure 22
1001
0000
0010
0100
0101
0000
1000
0000
0100
0010
0001
1000
1001
0000
0010
0100
,  // measure 23
0001
1000
0010
1000
0101
0000
0010
1000
0000
0001
0010
0000
1100
0001
0100
0001
,  // measure 24
0010
0000
0001
1000
1100
0000
0010
0000
0001
1000
0010
0100
0101
0000
1000
0100
,  // measure 25
0010
0001
1000
0010
0101
0000
1000
0100
0000
1000
0001
0000
0101
1000
0010
1000
,  // measure 26
0001
0000
0010
0100
1100
0000
0001
0000
1000
0010
0100
0001
1001
0000
0010
0100
,  // measure 27
1000
0001
0100
0010
1001
0000
0010
0100
0000
0010
0001
0000
1010
0100
0001
0100
,  // measure 28
0010
0000
1000
0001
0011
0000
0010
0000
0001
0100
0010
1000
1100
0000
0010
0000
,  // measure 29
0001
0000
1000
0000
0001
0000
1000
0000
0000
0100
0000
0000
0010
0000
0000
0001
0000
0000
0100
0000
0000
0010
0000
0000
1000
0000
0000
0100
0000
0000
0000
0000
0000
0000
0000
0000
1001
0000
0000
0100
0000
0000
1000
0000
0000
0100
0000
0000
,  // measure 30
0011
0000
0001
0100
0110
0000
1000
0000
0001
0010
0100
0000
1001
0000
0010
0100
,  // measure 31
0001
1000
0100
0000
1001
0000
1000
0001
0010
0000
0010
0000
0110
0000
0100
1000
,  // measure 32
0001
0000
0100
0010
1010
0000
1000
0000
0001
0010
0100
0000
1100
0000
0001
1000
,  // measure 33
0010
0100
0001
0000
1001
0000
1100
0010
0001
0000
0001
0000
1001
0100
0001
0100
,  // measure 34
1010
0000
1000
0001
0101
0000
1000
0000
0100
0010
0001
0000
1001
0000
1000
0100
,  // measure 35
0010
0001
1000
0000
0110
0000
0010
0100
0001
0000
0001
0000
1100
0000
1000
0001
,  // measure 36
0100
0000
0000
0000
0000
0000
0100
0000
0000
0010
0000
0000
1010
0000
0000
0000
0000
0000
0001
0000
0000
0000
0000
0000
1000
0000
0000
0100
0000
0000
0010
0000
0001
0000
0010
0000
0001
0000
0000
0100
0000
0000
0010
0000
0000
1000
0000
0000
,  // measure 37
1001
0100
0000
0100
0000
0100
1000
0101
,  // measure 38
1010
0000
0100
0001
0101
0000
1000
0000
0100
0010
0001
0000
1010
0010
0100
0001
,  // measure 39
1000
0100
1000
0010
0101
0000
1000
0100
0000
1000
0001
0000
0011
1000
0001
1000
,  // measure 40
0010
0000
0100
0001
1001
0000
0100
0000
0010
1000
0001
0000
1100
0100
0010
0001
,  // measure 41
0100
0000
0000
0010
0000
0000
1000
0000
0000
0001
0000
0000
0110
0000
0000
0000
0000
0000
1000
0000
0000
0001
0000
0000
0100
0000
0010
0000
0100
0000
0010
0000
0000
1000
0000
0000
0101
0000
0000
0100
0000
0000
0010
0000
0000
1000
0000
0000
,  // measure 42
1001
0000
0010
0100
0101
0000
1000
0000
0100
0010
0001
0000
1010
0010
0100
0001
,  // measure 43
1000
0100
0010
0001
1100
0000
0001
1000
0000
0001
0100
0000
1010
0001
1000
0100
,  // measure 44
0010
0000
0001
1000
1010
0000
0100
0000
0001
1000
0100
0000
0011
0001
0100
0010
,  // measure 45
1000
0000
1000
0100
0011
0001
0100
0010
1000
0000
0100
0000
0000
1001
1001
0000
,  // measure 46
1001
0000
0010
0100
0101
0000
1000
0000
0100
0010
0001
1000
0101
0100
0010
0000
,  // measure 47
1000
0100
0010
0000
1001
0000
0010
0100
0001
0000
1000
0000
0110
0000
0001
0000
,  // measure 48
1000
0100
0010
0001
0110
1000
0000
0001
1000
0100
0000
0010
1001
0100
0000
0100
,  // measure 49
1000
0011
0100
1000
0011
0100
0000
1000
0001
0100
0010
1000
0101
0000
0101
0000
,  // measure 50
1001
0000
0010
0100
1100
0000
0010
0000
0100
0001
1000
0100
0011
0010
0100
0000
,  // measure 51
1000
0001
0100
0000
1010
0000
0010
0100
0001
0000
1000
0000
0101
0000
0010
0000
,  // measure 52
1000
0000
0000
0000
0001
0000
0010
0100
1000
0000
0001
0000
0100
0000
0010
0000
1000
0000
0100
0000
0000
0000
0010
0000
0011
0000
0001
0000
0100
0000
0010
0000
,  // measure 53
1000
0000
0000
0001
0000
0000
1000
0000
0100
0000
1000
0000
0100
0000
0000
0010
0000
0000
0001
0000
0000
0100
0000
0000
0010
0000
0000
1000
0000
0000
0001
0000
0000
0010
0000
0000
0220
0000
0000
0000
0000
0000
0330
0000
0000
0000
0000
0000
,  // measure 54
1001
0000
0010
0100
0101
0000
0010
0000
1000
0001
0010
0000
1100
0100
1000
0100
,  // measure 55
0010
0001
1000
0000
1001
0000
0010
1100
0001
1100
0010
0000
1001
0000
0010
0100
,  // measure 56
0001
0000
1000
0100
0010
0000
0001
0000
1001
0000
0000
0000
0100
0000
0000
0000
0010
0000
1000
0000
0001
0000
0000
0000
0110
0000
0010
0000
0100
0000
0010
0000
,  // measure 57
1000
0001
0010
0000
1100
0000
0001
1100
0010
1100
0001
0000
1001
0010
0100
1000
;
