#TITLE:Summer Vacation;
#SUBTITLE:(Bounce-Connected Style);
#ARTIST:TaQ;
#TITLETRANSLIT:;
#SUBTITLETRANSLIT:;
#ARTISTTRANSLIT:;
#CREDIT:;
#BANNER:summervacation-banner.png;
#BACKGROUND:summervacation-bg.png;
#LYRICSPATH:;
#CDTITLE:!cynicTitle.png;
#MUSIC:Summer Vacation (Bounce-Connected Style).mp3;
#OFFSET:-0.044;
#SAMPLESTART:44.443;
#SAMPLELENGTH:11.980;
#SELECTABLE:YES;
#BPMS:0.000=135.005;
#STOPS:199.750=0.444
,234.375=0.222
;
#BGCHANGES:;
// cache tags:
#FIRSTBEAT:16.000;
#LASTBEAT:235.000;
#SONGFILENAME:Songs/All Songs/summervacation/summervacation.sm;
#HASMUSIC:1;
#HASBANNER:1;
#MUSICLENGTH:105.488;
// end cache tags

//---------------dance-single - ----------------
#NOTES:
     dance-single:
     :
     Hard:
     10:
     1.000,1.000,1.000,0.123,1.000,682.000,170.000,13.000,0.000,0.000:  // measure 1
0000
0000
0000
0000
,  // measure 2
0000
0000
0000
0000
,  // measure 3
0000
0000
0000
0000
,  // measure 4
0000
0000
0000
0000
,  // measure 5
1000
0000
0010
0000
0101
0000
0001
0010
0001
0000
1010
0000
0100
0000
0010
0000
,  // measure 6
1001
0010
1000
0010
1000
0100
0010
0001
0100
0010
0100
0000
0001
1000
0010
0100
,  // measure 7
1001
0000
0010
0000
1010
0000
0100
0010
0100
0000
0011
0000
0100
0000
1010
0000
,  // measure 8
1001
0100
0010
0001
0010
0001
0010
0100
2002
0000
0000
3003
0220
0000
0000
0330
,  // measure 9
1001
0000
0100
0000
1010
0000
0100
0110
0000
0010
0011
0000
0001
0010
0001
0100
,  // measure 10
0110
0000
0100
0000
1010
0000
0100
0110
0000
0100
1100
0000
0010
0100
0001
1000
,  // measure 11
0101
0000
0100
0000
1010
0000
1000
1100
0000
0100
0110
0010
0001
0100
0010
1000
,  // measure 12
1001
0100
1000
0100
1001
0100
0001
0100
0110
0010
1000
0100
0010
0002
0000
0003
,  // measure 13
1001
0000
0100
0000
0101
0000
0010
1010
0000
1000
1001
0000
0100
0001
0010
0100
,  // measure 14
1001
0010
0100
0001
1000
0100
0010
0011
0000
0010
0110
0000
1001
0100
0010
0100
,  // measure 15
1001
0000
0100
0000
0011
0000
0100
1100
0000
1000
1010
0000
0010
0100
0001
1000
,  // measure 16
0110
0000
0010
0000
0110
0000
0001
1000
0001
0000
0110
0000
1001
0000
0010
0000
,  // measure 17
0110
0000
0001
0000
0011
0000
0010
0110
0000
0100
1100
0000
1000
0010
0100
0001
,  // measure 18
1001
0000
0100
0000
1010
0000
0100
0110
0000
0010
1010
0000
1000
0200
0000
0300
,  // measure 19
1001
0000
0100
0000
0011
0000
0100
1100
0000
1000
1001
0000
0010
0100
0001
1000
,  // measure 20
1001
0000
0100
0110
0000
0001
1001
0000
0110
0000
0000
0100
1001
0000
0010
0000
,  // measure 21
1001
0000
0010
0000
0101
0000
0010
1010
0000
1000
1100
0000
0100
0010
0001
0100
,  // measure 22
0110
0010
1000
0100
0010
0001
0100
0010
1010
0000
0011
0000
0010
0200
0000
0300
,  // measure 23
1001
0000
0100
0000
0011
0000
0100
1100
0000
1000
1010
0000
0010
0100
0001
1000
,  // measure 24
1001
0001
0100
0010
1000
0100
1000
0100
1000
0100
1000
0100
0110
0010
0001
0010
,  // measure 25
0001
0010
0001
0010
0011
0001
0100
0001
0100
0001
0100
0001
0101
0100
0010
0100
,  // measure 26
0010
0100
0010
0100
0110
0010
1000
0010
1000
0010
1000
0010
1010
1000
0100
1000
,  // measure 27
0100
0000
0000
1000
0000
0000
0100
0000
0000
1000
0000
0000
1100
0000
0000
0100
0000
0000
0010
0000
0000
0100
0000
0000
0010
0000
0000
0001
0000
0000
2000
0000
0000
0000
0000
0000
0000
0000
0002
0000
0000
0000
0000
0000
0000
3003
0000
0000
,  // measure 28
0110
0000
0100
0000
1010
0000
0100
0001
0100
0010
1000
0000
1010
0000
0100
0001
,  // measure 29
1001
0000
0100
0000
0011
0000
0001
0100
0010
1000
0001
0000
0110
0000
0001
1000
,  // measure 30
1100
0000
0100
0000
0011
0000
0001
0100
0001
1000
0100
0000
1010
0000
1000
0010
,  // measure 31
0110
0000
0010
0000
0101
0000
0010
1000
0010
0100
0001
0000
0101
0000
0010
1000
,  // measure 32
1001
0000
0010
0000
1100
0000
1000
0010
0100
0001
1000
0000
0110
0000
1000
0001
,  // measure 33
0011
0000
0100
0000
1010
0000
1000
0010
0100
0001
1000
0000
0110
0000
0001
1000
,  // measure 34
0101
1010
1100
0011
0101
1010
1100
0011
,  // measure 35
1000
0000
0100
0000
0010
0000
0001
0000
0100
0000
0010
0000
1000
0000
0100
0000
0010
0000
0001
0000
0100
0000
0010
0000
1000
0100
1000
0100
0010
0001
0010
0001
,  // measure 36
1000
0100
0010
0001
0100
0001
1000
0100
0011
0000
0100
1010
0000
0100
0011
0000
,  // measure 37
1001
0010
0100
0001
1000
0100
0010
0001
1100
0000
0010
0101
0000
0010
1100
0000
,  // measure 38
0110
0010
0001
0100
0010
1000
0001
1000
0110
0000
0001
0110
0000
0100
0110
0000
,  // measure 39
1001
0010
0100
1000
0010
0100
0010
1000
0101
0000
0010
1100
0000
0010
0101
0000
,  // measure 40
1001
0010
0100
1000
0010
1000
0001
0010
1100
0000
0010
0101
0000
0010
1100
0000
,  // measure 41
1001
0100
0010
1000
0001
0010
0100
1000
0011
0000
0100
1010
0000
0100
0011
0000
,  // measure 42
0110
0100
1000
0010
0100
0001
1000
0001
0110
0000
1000
0110
0000
0010
0110
0000
,  // measure 43
1001
0100
0010
0001
0100
0010
0100
0001
1010
0000
0101
0000
0011
0000
1100
0000
,  // measure 44
1001
0100
0010
1000
0100
0010
0001
0100
0010
0100
0001
1000
0100
0010
0100
0010
,  // measure 45
1001
0100
0001
0010
0001
0100
0010
1000
0100
0010
0001
0010
1000
0010
0001
0100
,  // measure 46
0110
1000
0100
0001
0100
1000
0010
0100
0001
1000
0100
0010
0001
0100
0001
0100
,  // measure 47
1001
0100
0001
0010
0100
1000
0010
0100
0010
0100
0001
1000
0100
0010
0001
0010
,  // measure 48
1001
0010
0100
0010
0100
1000
0001
0010
0100
0010
0001
0100
0010
0100
0010
0100
,  // measure 49
1001
0010
0100
1000
0010
0100
0001
1000
0010
0100
0001
0100
0001
0100
0001
0010
,  // measure 50
0110
0001
0100
1000
0010
0001
0010
0100
0001
0010
0100
1000
0010
1000
0020
0030
,  // measure 51
0010
0000
1000
0001
0100
0000
1010
0000
0100
0000
0011
0000
0110
0000
0010
0000
,  // measure 52
0101
0000
0010
1000
0010
0100
0001
0000
0101
0000
0010
1000
1001
0000
0010
0000
,  // measure 53
1100
0000
1000
0010
0100
0001
1000
0000
0110
0000
1000
0001
0011
0000
0010
0000
,  // measure 54
1100
0000
1000
0010
1000
0001
0010
0000
0101
0000
0001
0000
1000
0000
0100
0110
,  // measure 55
0000
0000
0010
0000
0011
0000
0000
0000
1001
0000
0000
0000
0000
0000
0010
1000
0001
0100
0001
0100
0010
1000
0010
1000
0001
0000
0000
0000
0010
0000
0000
0000
,  // measure 56
0101
0000
0010
0110
0000
0100
1100
0000
1000
0100
1000
0010
0110
0000
0010
0000
,  // measure 57
0101
0000
0010
0110
0000
0010
0011
0000
0100
0010
1000
0001
1010
0000
0010
0000
,  // measure 58
0101
0000
0001
0011
0000
0010
0110
0100
1000
0010
0100
0001
1001
0010
0001
0010
,  // measure 59
1001
0000
0010
0000
1000
0000
0010
0000
0110
0000
0100
0000
0001
0000
0010
0000
0100
0000
2000
3000
2002
0000
0000
0000
3003
0000
0000
0000
0000
0000
0000
0000
;
