#TITLE:The 24th D;
#SUBTITLE:;
#ARTIST:Sparker;
#TITLETRANSLIT:;
#SUBTITLETRANSLIT:;
#ARTISTTRANSLIT:;
#CREDIT:;
#BANNER:24D.png;
#BACKGROUND:24D-bg.png;
#LYRICSPATH:;
#CDTITLE:!skorTitle.png;
#MUSIC:02.THE 24TH D.mp3;
#OFFSET:2.680;
#SAMPLESTART:70.060;
#SAMPLELENGTH:12.000;
#SELECTABLE:YES;
#BPMS:0.000=145.000;
#STOPS:;
#BGCHANGES:;
// cache tags:
#FIRSTBEAT:8.000;
#LASTBEAT:216.000;
#SONGFILENAME:Songs/All Songs/the 24th d/24thd.sm;
#HASMUSIC:1;
#HASBANNER:1;
#MUSICLENGTH:91.330;
// end cache tags

//---------------dance-single - ----------------
#NOTES:
     dance-single:
     :
     Hard:
     11:
     0.979,1.000,0.843,0.153,1.000,535.000,77.000,14.000,0.000,0.000:  // measure 1
0000
0000
0000
0000
,  // measure 2
0000
0000
0000
0000
,  // measure 3
0010
0100
1000
0001
,  // measure 4
1000
0100
0010
1000
,  // measure 5
0010
0100
1000
0001
,  // measure 6
1000
0100
0010
1000
,  // measure 7
1000
0000
1000
0001
0000
0001
0000
0000
0001
0000
0010
0100
0000
0100
0000
0100
,  // measure 8
1000
0100
0000
1000
0000
1000
0001
0000
0010
0000
0010
0001
0000
0001
0100
0000
,  // measure 9
0002
0000
0000
0103
0000
0100
0000
0100
0001
0000
0010
0100
0000
0100
0000
0100
,  // measure 10
1000
0100
0000
0010
0000
0010
0000
0010
0100
0010
0001
0010
0100
0000
0000
0100
,  // measure 11
1000
0000
1000
0001
0000
0001
0000
1000
0001
0000
0010
0100
0000
0100
0000
0100
,  // measure 12
1000
0100
0000
1000
0000
1000
0100
0000
0010
0000
0010
0001
0000
0001
0100
0000
,  // measure 13
0002
0000
0000
0103
0000
0100
0000
0001
0100
0000
0010
1000
0000
1000
0000
0100
,  // measure 14
1000
0100
0000
0010
0000
0010
0000
0010
0001
0010
0100
1000
0100
0000
0000
0100
,  // measure 15
1001
0100
0000
0100
0000
0100
0100
0000
1000
0100
0000
0100
0000
0100
0100
0000
,  // measure 16
0010
0100
0000
0100
0000
0100
0100
0000
1000
0100
0000
1000
0000
0010
0001
0100
,  // measure 17
1000
0100
0000
0100
0000
0100
0100
0000
1000
0100
0000
0100
0000
0100
0100
0000
,  // measure 18
0010
0100
0000
0100
0000
0100
0100
0000
1000
0100
0000
1000
0000
0010
0001
0100
,  // measure 19
1000
0100
0000
0100
0000
0100
0100
0000
1000
0100
0000
0100
0000
0100
0100
0000
,  // measure 20
0010
0100
0000
0100
0000
0100
0100
0000
1000
0100
0000
1000
0000
0010
0001
0100
,  // measure 21
1000
0100
0000
0100
0000
0100
0100
0000
1000
0100
0000
0100
0000
0100
0100
0000
,  // measure 22
0220
0000
0330
0202
0000
0303
0022
0000
0033
1000
0000
1000
1000
0000
0100
0000
,  // measure 23
1001
1001
1001
1001
,  // measure 24
1001
1001
1001
1001
,  // measure 25
1001
0000
0000
0100
1001
0000
0000
0100
1001
0000
0000
0100
1001
0000
0000
0100
,  // measure 26
1001
0000
0000
0100
1001
0000
0000
0100
1001
0000
0000
0100
1001
0000
0000
0100
,  // measure 27
1001
0000
0000
0000
0100
0000
0000
0000
0000
0100
0000
0000
1001
0000
0000
0000
0100
0000
0000
0000
0000
0100
0000
0000
1001
0000
0000
0000
0100
0000
0000
0000
0000
0100
0000
0000
1001
0000
0000
0000
0100
0000
0000
0000
0000
0100
0000
0000
,  // measure 28
1001
0000
0000
0000
0100
0000
0000
0000
0000
0100
0000
0000
1001
0000
0000
0000
0100
0000
0000
0000
0000
0100
0000
0000
1001
0000
0000
0000
0100
0000
0000
0000
0000
0100
0000
0000
1001
0000
0000
0000
0100
0000
0000
0000
0000
0100
0000
0000
,  // measure 29
1001
0100
0010
0001
0100
0010
1000
0100
0010
0001
0100
0010
1000
0100
0010
0001
,  // measure 30
0100
0000
0010
0000
1000
0000
0100
0000
0010
0000
0001
0000
0100
0000
0010
0000
1000
0001
1000
0001
1000
0001
1000
0001
1000
0001
1000
0001
1000
0001
1000
0001
,  // measure 31
1000
0000
1000
0001
0000
0001
0000
0001
1000
0000
0010
0100
0000
0100
0000
0100
,  // measure 32
0001
0100
0000
0001
0000
0001
0100
0000
0001
0000
0010
0100
0000
0100
1000
0000
,  // measure 33
0002
0000
0000
1003
0000
1000
0000
1000
0001
0000
0010
0100
0000
0100
0000
0100
,  // measure 34
1000
0100
0000
1000
0000
1000
0001
0000
0001
1000
0100
0010
0001
0000
0000
1000
,  // measure 35
0001
0000
0001
0100
0000
0100
0000
0100
0001
0000
0010
0100
0000
0100
0000
0100
,  // measure 36
1000
0100
0000
1000
0000
1000
0100
0000
1000
0000
0010
0100
0000
0100
0001
0000
,  // measure 37
2000
0000
0000
3001
0000
0001
0000
0001
1000
0000
0010
0100
0000
0100
0000
0100
,  // measure 38
0001
0100
0000
0001
0000
0001
0100
0000
0001
0100
0010
1000
0100
0000
0000
0100
,  // measure 39
1001
0100
0000
0100
0000
0100
0100
0000
0010
0100
0000
0100
0000
0100
0100
0000
,  // measure 40
0001
0100
0000
0100
0000
0100
0100
0000
0001
0100
0001
0100
0000
0001
0100
0010
,  // measure 41
1000
0000
0100
0100
0000
0100
0000
0000
0010
0100
0000
0100
0000
0100
0100
0000
,  // measure 42
0001
0100
0000
0100
0000
0001
0010
0000
0010
0001
0010
0002
0000
0003
0000
0000
,  // measure 43
1000
0100
0000
0100
0000
0100
0100
0000
0010
0100
0000
0100
0000
0100
0100
0000
,  // measure 44
0001
1000
0000
1000
0000
1000
1000
0000
0001
0100
0010
1000
0000
1000
0100
0100
,  // measure 45
0001
0000
0100
0100
0000
0100
0000
0000
0010
0100
0000
0100
0000
0100
0100
0000
,  // measure 46
1000
0100
0000
0100
0000
0100
0100
0000
1000
0100
0010
0002
0000
0003
0000
0000
,  // measure 47
0011
1100
0000
1100
0000
1100
1100
0000
1010
0101
0000
0101
0000
0101
0101
0000
,  // measure 48
0110
1001
0000
1001
0000
1001
1001
0000
0110
1001
0110
1001
0000
0110
1001
0011
,  // measure 49
1100
0000
1100
1100
0000
1100
0000
0000
1010
0101
0000
0101
0000
0101
0101
0000
,  // measure 50
0110
1001
0000
1001
0000
1100
0011
0000
0110
1001
0110
2002
0000
0000
3003
0000
,  // measure 51
1001
0100
0010
0001
0100
0010
1000
0100
0010
0001
0100
0010
1000
0100
0010
0001
,  // measure 52
1001
0010
0100
1000
0010
0100
0001
0010
0100
1000
0010
0100
0001
0010
0100
1000
,  // measure 53
1001
0100
0010
0100
0010
0100
0010
0100
1001
1000
0001
1000
0001
1000
0001
1000
,  // measure 54
1001
0000
0100
0000
0010
0000
0100
0000
1001
0000
0100
0000
0010
0000
0100
0000
1001
0000
0001
1000
0001
1000
0001
1000
0001
1000
0001
1000
0001
1000
0001
1000
,  // measure 55
0001
0000
0000
0000
;
