#TITLE:Prophetess;
#SUBTITLE:;
#ARTIST:STM;
#TITLETRANSLIT:;
#SUBTITLETRANSLIT:;
#ARTISTTRANSLIT:;
#CREDIT:;
#BANNER:prophetess.png;
#BACKGROUND:prophetess-bg.png;
#LYRICSPATH:;
#CDTITLE:!mwerpTitle.png;
#MUSIC:prophetess.mp3;
#OFFSET:-0.080;
#SAMPLESTART:40.886;
#SAMPLELENGTH:12.000;
#SELECTABLE:YES;
#BPMS:0.000=200.000,265.000=180.000,265.500=160.000,266.000=140.000,266.500=120.000,267.000=100.000,269.250=200.000;
#STOPS:;
#BGCHANGES:;
// cache tags:
#FIRSTBEAT:24.000;
#LASTBEAT:318.000;
#SONGFILENAME:Songs/All Songs/Prophetess/prophetess.sm;
#HASMUSIC:1;
#HASBANNER:1;
#MUSICLENGTH:99.821;
// end cache tags

//---------------dance-single - ----------------
#NOTES:
     dance-single:
     :
     Hard:
     12:
     1.000,1.000,1.000,0.000,0.606,689.000,198.000,0.000,0.000,0.000:  // measure 1
0000
0000
0000
0000
,  // measure 2
0000
0000
0000
0000
,  // measure 3
0000
0000
0000
0000
,  // measure 4
0000
0000
0000
0000
,  // measure 5
0000
0000
0000
0000
,  // measure 6
0000
0000
0000
0000
,  // measure 7
0001
0000
0010
0000
1100
0001
0100
0000
0110
0000
0001
0000
1001
0010
0100
0000
,  // measure 8
1100
0000
0010
0000
0001
0000
0110
0000
0001
0000
1000
0000
0011
1000
0100
0000
,  // measure 9
1010
0001
0100
0000
1001
0000
0100
0000
0110
0001
0100
0000
1001
0000
0010
0100
,  // measure 10
0010
0000
0100
0000
1001
0000
0010
0000
1100
0000
0010
0000
1001
0100
0001
0000
,  // measure 11
1100
0000
0001
0000
0100
0000
0011
0000
1000
0000
0100
0000
1001
0100
1000
0000
,  // measure 12
0101
1000
0010
0000
1000
0000
0001
0000
1100
0001
1000
0000
1001
0010
1000
0000
,  // measure 13
0001
0000
0010
0000
1100
0001
0100
0000
0110
0000
0001
0000
1001
0010
0100
0000
,  // measure 14
1100
0000
0010
0000
0001
0000
0110
0000
0001
0000
1000
0000
0011
1000
0100
0000
,  // measure 15
1010
0001
0100
0000
1001
0000
0100
0000
0110
0001
0100
0000
1001
0000
0010
0100
,  // measure 16
0010
0000
0100
0000
1001
0000
0010
0000
1100
0000
0010
0000
1001
0100
0001
0000
,  // measure 17
1100
0000
0001
0000
0100
0000
0011
0000
1000
0000
0100
0000
1001
0100
1000
0000
,  // measure 18
0101
1000
0010
0000
1000
0000
0001
0000
1100
0001
1000
0000
1001
0010
1000
0000
,  // measure 19
1001
0000
1000
0000
0100
0000
1000
0010
1000
0000
0001
0000
0101
0000
0010
0000
,  // measure 20
1001
0000
1000
0100
1000
0000
0010
1000
0010
0000
0100
0000
0001
0000
1000
0100
,  // measure 21
1000
0000
0001
0000
0011
0000
1000
0000
0001
0000
1000
0000
0001
0010
0100
1000
,  // measure 22
0010
0000
0100
0000
0001
0000
1000
0010
1000
0000
0001
0000
0110
0000
1000
0000
,  // measure 23
0010
0000
0100
0000
0001
0000
1000
0100
1000
0000
0001
0100
0001
0000
1000
0100
,  // measure 24
1000
0000
0001
0000
0100
0000
0010
0000
0100
0000
0001
0000
1000
0001
0010
0100
,  // measure 25
1000
0000
0001
0010
0001
0000
1000
0100
0010
0000
0001
0000
0011
0000
1000
0100
,  // measure 26
1000
0000
0001
0100
0001
0000
1000
0100
1000
0000
0001
0000
0010
0000
1000
0001
,  // measure 27
1000
0000
0100
0000
0011
0000
1000
0000
0100
0000
0001
0000
0110
0000
0001
0010
,  // measure 28
0100
0000
0100
1000
0010
0000
0010
0001
0100
0000
0010
0000
1001
0000
1000
0100
,  // measure 29
0001
0000
0001
0100
1000
0000
1000
0010
0001
0000
0001
0010
0100
0000
0100
0010
,  // measure 30
0001
0000
0001
0010
1000
0000
1000
0100
0001
0000
0100
0000
1000
0100
0010
0000
,  // measure 31
1001
0001
1000
0100
0010
1000
0001
0100
,  // measure 32
0010
0000
0001
0000
0100
0000
0010
0000
1000
0000
0100
0000
0011
1000
0010
0000
,  // measure 33
0110
0000
1000
0000
1001
0100
0010
0000
0011
0000
0100
0000
1000
0000
0110
0000
,  // measure 34
1000
0000
0001
0000
1100
0001
0010
0000
0101
1000
0010
0000
1001
0000
0010
0000
,  // measure 35
0110
1000
0010
0000
1001
0000
0100
0010
0100
0000
0010
0000
1001
0000
0100
0000
,  // measure 36
0011
0000
0100
0000
1001
0010
1000
0000
0011
0000
1000
0000
0010
0000
1100
0000
,  // measure 37
0001
0000
0010
0000
1001
0010
0001
0000
1010
0001
0100
0000
0001
0000
1000
0000
,  // measure 38
0011
1000
0001
0000
1001
0100
0001
0000
1000
0000
0100
0000
0011
1000
0010
0000
,  // measure 39
0110
0000
1000
0000
1001
0100
0010
0000
0011
0000
0100
0000
1000
0000
0110
0000
,  // measure 40
1000
0000
0001
0000
1100
0001
0010
0000
0101
1000
0010
0000
1001
0000
0010
0000
,  // measure 41
0110
1000
0010
0000
1001
0000
0100
0010
0100
0000
0010
0000
1001
0000
0100
0000
,  // measure 42
0011
0000
0100
0000
1001
0010
1000
0000
0011
0000
1000
0000
0010
0000
1100
0000
,  // measure 43
0001
0000
0010
0000
1001
0010
0001
0000
1010
0001
0100
0000
0001
0000
1000
0000
,  // measure 44
0011
1000
0001
0000
1001
0100
0001
0000
0010
0000
1000
0000
0101
0010
0001
0000
,  // measure 45
1001
0000
0010
0000
0110
1000
0001
0000
0101
0000
1000
0000
0010
0000
1001
0000
,  // measure 46
0010
0000
0100
0000
1010
0100
0001
0000
1100
0010
0001
0000
0110
0000
0001
0000
,  // measure 47
1001
0010
0001
0000
0110
0000
1000
0001
1000
0000
0001
0000
0110
0000
1000
0000
,  // measure 48
0101
0000
1000
0000
0110
0001
0010
0000
0101
0000
0010
0000
0001
0000
1010
0000
,  // measure 49
0100
0000
0001
0000
0110
0001
0100
0000
0011
0100
1000
0000
0100
0000
0010
0000
,  // measure 50
0101
0010
0100
0000
0110
1000
0100
0000
0010
0000
1000
0000
0101
0010
0001
0000
,  // measure 51
1001
0000
0010
0000
0110
1000
0001
0000
0101
0000
1000
0000
0010
0000
1001
0000
,  // measure 52
0010
0000
0100
0000
1010
0100
0001
0000
1100
0010
0001
0000
0110
0000
0001
0000
,  // measure 53
1001
0010
0001
0000
0110
0000
1000
0001
1000
0000
0001
0000
0110
0000
1000
0000
,  // measure 54
0101
0000
1000
0000
0110
0001
0010
0000
0101
0000
0010
0000
0001
0000
1010
0000
,  // measure 55
0100
0000
0001
0000
0110
0001
0100
0000
0011
0100
1000
0000
0100
0000
0010
0000
,  // measure 56
0101
0010
0100
0000
0110
1000
0100
0000
1001
0000
0000
0000
1000
0000
0100
0000
,  // measure 57
0010
0000
0010
0000
0010
0100
1000
0001
,  // measure 58
0010
0000
0010
0001
0100
0010
1000
0000
,  // measure 59
1000
0010
0100
0001
1000
0000
1000
0100
,  // measure 60
0001
0100
1000
0000
1000
0010
0001
0010
,  // measure 61
1000
0000
1000
0001
0100
1000
0100
0000
,  // measure 62
0100
0001
0010
0100
1000
0000
1000
0010
,  // measure 63
0100
0001
1000
0000
1000
0100
0010
0001
,  // measure 64
0010
0000
0010
0100
1000
0001
1000
0000
,  // measure 65
1000
0001
0100
1000
0100
0000
0100
0001
,  // measure 66
0010
1000
0010
0000
0010
0001
0100
0010
,  // measure 67
1000
0000
0000
0000
1000
0000
0010
0000
0100
0000
0001
0000
1000
0000
0000
1000
,  // measure 68
0000
1000
0000
0000
0000
0100
0000
0000
0000
0010
0000
0000
0000
0000
0000
0000
1001
0000
0000
0000
0011
0000
0000
0000
1100
0000
0001
0000
0100
0000
0000
0000
,  // measure 69
0110
0000
1100
0000
1001
0010
0100
0000
1100
0000
1010
0000
1001
0000
0110
0000
,  // measure 70
0101
0000
1010
0000
0011
1000
0100
0000
1010
0001
0100
0000
1001
0000
0101
0000
,  // measure 71
0110
0001
0100
0000
1001
0000
0010
0100
0010
0000
0101
0000
1001
0000
0011
0000
,  // measure 72
1100
0000
1010
0000
1001
0100
0001
0000
1100
0000
1001
0000
0110
0000
0011
0000
,  // measure 73
1001
0000
0110
0000
0011
0100
1000
0000
0101
1000
0010
0000
1100
0000
0011
0000
,  // measure 74
1100
0001
1000
0000
1010
0100
0001
0000
0011
0000
1100
0000
0011
1000
0010
0000
,  // measure 75
0110
0000
1100
0000
1001
0100
0010
0000
0011
0000
0101
0000
1001
0000
0110
0000
,  // measure 76
1010
0000
1001
0000
1100
0001
0010
0000
0101
1000
0010
0000
1001
0000
0011
0000
,  // measure 77
0110
1000
0010
0000
1001
0000
0100
0010
0100
0000
1010
0000
1001
0000
1100
0000
,  // measure 78
0011
0000
0110
0000
1001
0010
1000
0000
0011
0000
1001
0000
0011
0000
1100
0000
,  // measure 79
0011
0000
0110
0000
1001
0010
0001
0000
1010
0001
0100
0000
1001
0000
1100
0000
,  // measure 80
0011
1000
0001
0000
1001
0100
0001
0000
1001
0000
0000
0000
0000
0000
0000
0000
;
