#TITLE:Sakuranbo Kiss;
#SUBTITLE:(from Colourful Kiss);
#ARTIST:Kotoko;
#TITLETRANSLIT:;
#SUBTITLETRANSLIT:;
#ARTISTTRANSLIT:;
#CREDIT:;
#BANNER:Sakuranbo Kiss (from Colourful Kiss) BN.png;
#BACKGROUND:Sakuranbo Kiss (from Colourful Kiss) BG.png;
#LYRICSPATH:;
#CDTITLE:!kilgaTitle.png;
#MUSIC:Sakuranbo Kiss (from Colourful Kiss).mp3;
#OFFSET:-0.322;
#SAMPLESTART:66.980;
#SAMPLELENGTH:13.740;
#SELECTABLE:YES;
#BPMS:0.000=140.000;
#STOPS:212.000=0.420
;
#BGCHANGES:;
// cache tags:
#FIRSTBEAT:0.000;
#LASTBEAT:259.000;
#SONGFILENAME:Songs/All Songs/Sakuranbo Kiss (from Colourful Kiss)/Sakuranbo Kiss (from Colourful Kiss).sm;
#HASMUSIC:1;
#HASBANNER:1;
#MUSICLENGTH:119.541;
// end cache tags

//---------------dance-single - ----------------
#NOTES:
     dance-single:
     :
     Hard:
     12:
     1.000,1.000,1.000,0.376,0.711,655.000,309.000,45.000,0.000,0.000:  // measure 1
1001
0000
0100
0000
0010
0000
0100
0100
0011
0000
1001
0000
0010
0000
1001
0000
,  // measure 2
1100
0000
0001
0000
0010
0000
0001
0001
0110
0000
1100
0000
0010
0000
1100
0000
,  // measure 3
0101
0000
1000
0000
0010
0000
1000
1000
0011
0000
0101
0000
0010
0000
0101
0000
,  // measure 4
1001
0000
0010
0001
0100
0001
0010
0010
0110
0000
0100
0000
2002
0000
3003
0000
,  // measure 5
1010
0000
0100
0000
0010
0000
0001
0010
1100
0010
0000
0001
1010
0001
0100
0000
,  // measure 6
0010
0000
0100
0000
0101
1100
0000
0110
0000
0000
0010
0000
1001
0000
0010
0100
,  // measure 7
0011
1000
0101
1000
1010
0100
1001
0010
,  // measure 8
2100
0000
0100
3000
0011
0000
1100
0001
1100
0000
0100
0000
1010
0000
0001
0000
,  // measure 9
0110
0000
1000
0000
0010
0000
1000
0001
1100
0001
0000
0100
0011
0100
0010
0000
,  // measure 10
1001
0000
0110
0000
1001
0110
0000
1001
0000
0000
0010
0000
0101
0000
0010
0000
,  // measure 11
2002
3003
0000
0210
0300
0101
0010
0101
,  // measure 12
1001
0010
0100
0001
1000
0100
0011
0100
1001
0010
1000
0100
0010
0001
0010
0100
,  // measure 13
1001
0000
0011
1000
0110
0000
0101
0100
1100
0000
0011
0000
0100
0000
1010
0000
,  // measure 14
0100
0000
0101
0000
1100
0000
1001
1000
0110
0000
0011
0000
1000
0000
0101
0000
,  // measure 15
1000
0000
0011
0000
1010
0000
0101
0100
1100
0000
1001
0000
1000
0000
0110
0000
,  // measure 16
0001
0010
0101
1000
0010
0100
0011
1000
0100
0010
1001
0100
1001
0100
0010
0001
,  // measure 17
0100
0001
1100
0010
0001
0100
1010
0100
1000
0010
1001
0100
0010
1000
0011
0100
,  // measure 18
1000
0100
0011
0100
0010
1000
0101
0010
1000
0100
1001
0010
0001
0010
1100
0001
,  // measure 19
0010
0000
1100
0000
0101
0000
1010
0010
0011
0000
1001
0000
0100
0000
0110
0000
,  // measure 20
0001
0000
1100
0100
0101
0000
1010
0010
0011
0000
0110
0000
1001
0000
0010
0000
,  // measure 21
1001
0000
0100
0000
0011
0000
0100
0100
0011
0000
1100
0000
0010
0000
2010
0000
,  // measure 22
3001
0000
1100
0000
0011
0000
0101
1010
0101
0000
1100
0000
0001
0000
0100
0000
,  // measure 23
1010
0000
0100
0000
0011
0000
0100
0100
1001
0000
1000
0000
0011
0000
1100
0000
,  // measure 24
0021
0000
0001
0000
0130
0000
1001
1001
0110
0000
0010
0000
1000
0000
0001
0000
,  // measure 25
1100
0000
0010
0000
1001
0000
0001
0001
0110
0000
1001
0000
1000
0000
0120
0000
,  // measure 26
0030
0000
0101
0000
0010
0000
1000
1000
0011
0000
0110
0000
1100
0000
0001
0000
,  // measure 27
1000
0100
0011
0000
1001
0000
0100
0000
0011
0000
0101
0000
1010
0000
1200
0000
,  // measure 28
0301
1000
0011
0100
1000
0001
0100
0010
1100
0101
1000
0010
1100
0001
1100
0010
,  // measure 29
2001
0000
0010
0000
0001
3000
0110
0000
0011
0000
1100
0000
1010
0000
0101
0000
,  // measure 30
1100
0000
2001
0000
0001
3000
0110
0000
1100
0000
0011
0000
1100
0000
0101
0000
,  // measure 31
0110
0000
1010
0000
0110
0000
0101
0000
1002
0000
0100
0003
2001
0000
0010
3000
,  // measure 32
0120
0000
0000
0000
0130
0000
0110
1001
0210
0000
0001
0000
0301
0010
0100
1000
,  // measure 33
0120
1000
0031
1010
1010
0101
1010
0101
,  // measure 34
1001
0000
0120
0000
0000
0030
1001
0000
0020
0030
2002
3003
0200
0300
1001
0100
,  // measure 35
0012
0000
1000
0003
1100
0000
0001
0000
1100
0000
1010
0000
0110
0000
0001
0000
,  // measure 36
1010
0000
0100
0000
1001
0000
0100
0000
1100
0011
0000
0101
0000
0000
0110
0000
,  // measure 37
2001
0000
0000
0000
3010
0000
1100
0001
1000
0011
1000
0100
0010
0100
1000
0100
,  // measure 38
0011
0000
1000
0000
0100
0011
0000
0010
1100
0000
0010
0000
0100
0000
0010
0100
,  // measure 39
1001
0100
0001
0100
1010
0000
0001
0100
0001
0100
1000
0000
2002
0000
3003
0000
,  // measure 40
1100
0000
0110
0000
0011
0000
0100
0010
0101
1000
0000
0100
1001
0100
0010
0000
,  // measure 41
1100
0000
1010
0001
0100
1010
0000
0201
0000
0300
0110
0000
1001
0000
0110
0100
,  // measure 42
0012
0000
1003
0000
1020
0000
0031
0000
0101
0010
0001
0010
2100
0000
0100
3000
,  // measure 43
0102
0000
1000
0000
0103
0000
1001
0110
1001
0010
0100
0000
0110
0000
0000
0000
,  // measure 44
0011
0000
0110
0000
1100
0000
1000
0100
0011
0100
0000
1000
0101
0010
1000
0000
,  // measure 45
1010
0000
0011
0000
1100
0011
0000
2001
0000
0000
3001
0000
0110
0000
1010
0000
,  // measure 46
2001
0000
0100
0000
0100
3000
0120
0000
0000
0000
0130
0000
0101
0000
1100
0000
,  // measure 47
0012
0000
0100
0000
1003
0000
1010
0100
1001
0010
0100
0000
0110
0010
0010
0010
,  // measure 48
1001
0000
0001
0000
1100
0000
0010
0100
0011
0100
0000
0001
1010
0001
1000
0000
,  // measure 49
0110
0000
1100
0001
1100
0001
0000
0110
0000
0000
1000
0000
1001
0000
0011
1100
,  // measure 50
0021
0130
2001
3010
0102
1003
0210
0301
,  // measure 51
2000
0000
0001
0000
3001
0000
0101
1000
0101
0000
0010
0000
1001
0000
0100
0000
,  // measure 52
1001
0000
0011
0000
1010
0000
0001
1000
0110
1000
0000
1000
0011
0100
0010
0000
,  // measure 53
0110
0000
1010
0000
1000
0011
0000
2100
0000
0000
3010
0000
1001
0000
0100
0000
,  // measure 54
2002
3003
0120
0000
0030
0000
0001
0000
1000
0000
0100
0000
1001
0010
0100
1000
,  // measure 55
0010
0100
0011
1000
0101
1000
0100
0001
1000
0100
0001
0010
1100
0000
0011
0000
,  // measure 56
1010
0000
0011
0010
0110
0000
0011
0000
0100
0000
1001
0000
0100
0000
0011
0000
,  // measure 57
1100
0000
0011
0010
1010
0000
0011
0000
0100
0000
1001
0000
0100
1000
0011
0100
,  // measure 58
0001
0010
0101
1000
0001
1000
0011
0100
0010
0001
1100
0010
0100
1000
0110
0001
,  // measure 59
0010
1000
0011
0100
1000
0001
0110
0000
1001
0000
0000
0000
0011
0000
1100
0000
,  // measure 60
0101
0000
1100
0100
0110
0000
1100
0000
0010
0000
1001
0000
0010
0000
1100
0000
,  // measure 61
0011
0000
1100
0100
0101
0000
1100
0000
0010
0000
1001
0000
0010
0000
1100
0000
,  // measure 62
0110
0000
1100
1000
0011
0000
1100
0000
0010
0000
1001
0000
0010
0000
1100
0100
,  // measure 63
0101
1100
0011
0110
1001
0010
2001
0010
,  // measure 64
3001
0010
0100
1000
0100
0010
1001
0100
1000
0001
0010
0100
0001
0010
1100
0001
,  // measure 65
0010
0100
0010
0001
1000
0010
1001
0010
0001
0010
1000
0100
1001
0000
0000
0000
;
