#TITLE:Air;
#SUBTITLE:;
#ARTIST:Shiki;
#TITLETRANSLIT:;
#SUBTITLETRANSLIT:;
#ARTISTTRANSLIT:;
#CREDIT:;
#BANNER:Air-bn.PNG;
#BACKGROUND:Air-bg.PNG;
#LYRICSPATH:;
#CDTITLE:;
#MUSIC:Shiki - Air.mp3;
#OFFSET:-1.600;
#SAMPLESTART:30.000;
#SAMPLELENGTH:12.000;
#SELECTABLE:YES;
#BPMS:0.000=178.000;
#STOPS:;
#BGCHANGES:;
// cache tags:
#FIRSTBEAT:12.000;
#LASTBEAT:428.000;
#SONGFILENAME:Songs/All Songs/Air/Air.sm;
#HASMUSIC:1;
#HASBANNER:1;
#MUSICLENGTH:168.706;
// end cache tags

//---------------dance-single - Copied from----------------
#NOTES:
     dance-single:
     Copied from:
     Challenge:
     12:
     1.000,1.000,0.812,0.148,1.000,1019.000,137.000,25.000,0.000,0.000:
0000
0000
0000
0000
,
0000
0000
0000
0000
,
0000
0000
0000
0000
,
1000
0100
0010
0100
0010
0001
0010
0100
1000
0100
0010
0001
0010
0100
0010
0001
,
1000
0100
0010
0100
0010
0001
0010
0100
1000
0100
0010
0001
0010
0100
0010
0001
,
1000
0100
0010
0100
0010
0001
0010
0100
1000
0100
0010
0001
0010
0100
0010
0001
,
1000
0100
0010
0100
0010
0001
0010
0100
1000
0100
0010
0001
0010
0100
0010
0001
,
1000
0001
1000
0001
1000
0001
1000
0001
0100
0010
0100
0010
0100
0010
0100
0010
,
1000
0001
1000
0001
1000
0001
1000
0001
0010
0100
0010
0100
0010
0100
0010
0100
,
1000
0001
1000
0001
1000
0001
1000
0001
0010
0100
0010
0100
0010
0100
0010
0100
,
1000
0100
0010
0001
0100
0010
0100
0010
0100
1000
0100
0010
0001
1000
0010
0100
,
1001
0000
0100
0000
1010
0000
0100
0000
0001
1000
0000
1000
0001
0000
0100
0000
,
1001
0000
0010
0000
0101
0000
1000
0000
0001
1000
0000
1000
0001
0000
0010
0000
,
1001
0000
0100
0000
0011
0000
0100
0000
1000
0001
0000
0001
1000
0000
0100
0000
,
1001
0000
0010
0000
1100
0000
0010
0000
1000
0001
0000
0001
1000
0000
0010
0000
,
1001
0000
1001
0000
0110
0000
0110
0000
0001
0100
0000
1000
0001
0000
0100
0000
,
0011
0000
0011
0000
1100
0000
1100
0000
0010
1000
0000
1000
0001
0000
0001
0000
,
0011
0000
0011
0000
1100
0000
1100
0000
0001
0010
0000
0010
0100
0000
0100
0000
,
0101
0000
0101
0000
1010
0000
1010
0000
0001
0010
0100
1000
0000
0001
1000
0010
,
1001
0000
1000
0010
0100
0000
0001
0000
1000
0010
0000
0100
0001
0000
0100
0000
,
1001
0000
0010
1000
0010
0000
0100
0000
0001
1000
0000
1000
0001
0000
0010
0000
,
1001
0000
0010
0100
0010
0000
1000
0000
0001
0010
0000
0100
1000
0000
0010
0000
,
1001
0000
0010
0100
0001
0000
1000
0000
0010
0100
0000
0100
0010
0000
0100
0000
,
1001
0000
0100
0010
0100
0000
0001
0000
1000
0010
0000
0010
1000
0000
0010
0000
,
1001
0000
0010
0001
1000
0000
0010
0000
1000
0100
0000
0100
0010
0000
0100
0000
,
1001
0000
0010
1000
0100
0000
0010
0000
0100
0001
0000
0001
0100
0000
0010
0000
,
1000
0000
0010
0001
1000
0000
0100
0000
0001
0100
0010
1000
0001
0010
0100
1000
,
2001
0000
0000
0000
,
0000
0000
3200
0000
0320
0032
0000
0000
,
2003
0000
0000
3200
0000
0000
0320
0000
,
2030
0000
3200
0000
0320
0032
0000
0000
,
0023
0000
0000
0000
0000
2030
0000
3020
,
0230
0000
0302
0000
0023
0230
0000
0000
,
2300
0000
0000
0000
0000
3020
0000
0230
,
2300
0000
0000
0000
3200
0000
0000
0000
0302
0000
0010
0103
0000
1000
0010
0100
,
1001
0000
0001
0010
0001
0000
1000
0100
1000
0001
1000
0001
0100
0010
0100
0010
,
1000
0000
0001
0100
0001
0000
1000
0010
1000
0001
0100
0001
1000
0100
1000
0001
,
0010
0000
0100
0010
0100
0000
0001
0010
0100
0010
0100
1000
0100
0010
0001
0010
,
0100
0000
1000
0100
1000
0000
0001
0010
0001
0100
0001
1000
0001
0010
0100
1000
,
0001
0000
1000
0001
1000
0000
1000
0010
0100
0001
0010
0001
0100
0001
1000
0001
,
0010
0000
0100
0010
0100
0000
1000
0010
0100
0001
0010
0100
1000
0010
0100
0001
,
1000
0000
0010
0100
0010
0000
0001
1000
0001
0100
0010
0100
0001
1000
0001
0100
,
0010
1000
0010
0100
0001
1000
0010
0100
0010
1000
0010
0100
0001
0100
0001
1000
,
0110
0110
0110
0110
,
0110
0000
0110
0001
1010
0101
0001
0001
,
1100
0100
0100
1010
0010
0010
1100
0001
,
0110
0001
1100
0010
0101
0011
1100
0110
,
1001
0001
0001
0001
0001
1100
0100
0110
,
1001
1000
0110
0010
1001
0110
0001
1000
,
0110
2001
0010
0000
0010
0000
0010
0000
,
0010
0000
0000
0000
3010
0000
0000
0000
0001
0000
1000
0100
0000
0001
1000
0010
,
1001
0000
0100
0000
0010
0000
0001
0000
0000
1000
0000
0000
0010
0000
0100
0000
,
1001
0000
0010
0000
1000
0000
0001
0000
0000
1000
0000
0000
0010
0000
0100
0000
,
0011
0000
0100
0000
1000
0000
0010
0000
0000
0100
0000
0000
0001
0000
1000
0000
,
0011
0000
0100
0000
0010
0000
0001
0000
0000
1000
0000
0000
0010
0000
0100
0000
,
1001
0000
1001
0000
1001
0000
0110
0000
0000
1100
0000
0000
1100
0000
0110
0000
,
1001
0000
1001
0000
1001
0000
0110
0000
0000
0011
0000
0000
0011
0000
0110
0000
,
1001
0000
1001
0000
1001
0000
1010
0000
0000
1100
0000
0000
1010
0000
1001
0000
,
0110
0000
1000
0100
0000
0001
0010
0000
1000
0010
0000
0001
0010
0100
0010
0100
,
1001
0000
0100
0010
0001
0000
0010
0000
0000
0100
0000
0000
1000
0010
0100
0000
,
1001
0000
0001
0010
0100
0000
0010
0000
0000
1000
0000
0000
0100
0001
0010
0000
,
1001
0000
0100
0001
1000
0000
0001
0000
0000
0010
0000
0000
1000
0001
1000
0000
,
1001
0000
0100
0001
0100
0000
0010
0000
0000
0100
0000
0000
0010
1000
0100
0000
,
1001
0000
1000
0100
0010
0000
0001
0000
0000
0100
0000
0000
0001
0010
0100
0000
,
1001
0000
1000
0100
0010
0000
1000
0000
0000
0010
0000
0000
1000
0100
0010
0000
,
1001
0000
0001
1000
0001
0000
0100
0000
0000
0010
0000
0000
1000
0001
1000
0000
,
1001
0000
0010
0100
0001
0000
0010
0000
1001
0000
0010
0100
0010
0000
0110
0000
,
1001
0000
0000
0000
0000
0000
0000
0000
1000
0000
0000
0000
0000
0000
0000
0000
1000
0000
0000
0000
0000
0000
0000
0000
0001
0000
0010
0000
0100
1000
0100
0010
,
0001
0000
0010
0100
0000
0100
1100
0000
,
1001
0000
0000
1100
0000
0000
0101
1010
,
0011
1000
0010
0100
,
1001
0000
0000
0000
,
0000
0000
0101
0000
1100
0110
0000
0100
,
1100
0000
1001
0000
,
0001
0010
0100
1000
0001
0100
0010
1000
0001
0010
0100
1000
0001
0100
0010
1000
,
0011
0000
0000
0000
0000
0000
0000
0000
0001
0000
0000
0000
0000
0000
0000
0000
0001
0000
0000
0000
0000
0000
0000
0000
0001
0000
0010
0000
0100
1000
0100
0010
,
0001
0000
0001
0010
0000
0010
0110
0000
,
1010
0000
0000
0101
0000
0000
0110
1001
,
0110
0010
0010
0010
,
1001
0010
0010
0010
,
0010
0000
0000
0000
1001
0000
0000
0000
1100
0000
0011
0000
0000
0000
0010
0100
,
1001
0000
1010
0000
,
0001
0010
0100
1000
0001
0100
0010
1000
0001
0010
0100
1000
0001
0100
0010
1000
,
0011
0000
0000
0000
0000
0000
0000
0000
0001
0000
0000
0000
0000
0000
0000
0000
0001
0000
0000
0000
0000
0000
0000
0000
0001
0000
0010
0000
0100
1000
0100
0010
,
0001
0000
0001
0010
0000
0010
0110
0000
,
1100
0000
0000
1001
0000
0000
0110
1001
,
0110
0010
0010
0010
,
1001
0010
0010
0010
,
0010
0000
1001
0000
1010
0101
0000
0010
,
0011
0000
1100
0000
,
0001
0010
0100
1000
0001
0100
0010
1000
0001
0010
0100
1000
0001
0100
0010
1000
,
0011
0100
1000
0100
1000
0001
0010
0100
1000
0100
0010
0001
0010
0001
1000
0100
,
0010
0001
0010
0100
1000
0010
1000
0001
0100
0001
1000
0100
0010
0001
0010
0100
,
1000
0100
1000
0010
1000
0100
1000
0100
0010
0001
0010
0100
1000
0001
1000
0010
,
1000
0010
0100
0001
0100
0001
0010
0100
1000
0100
0010
0001
0010
0001
0100
0001
,
1000
0100
0010
0100
1000
0001
1000
0100
0010
0001
0010
0100
1000
0010
0100
0001
,
1000
0100
0010
0100
1000
0001
1000
0100
0010
0001
0010
0100
1000
0100
1000
0001
,
0010
0001
0100
0001
1000
0100
0010
0001
0010
0100
1000
0010
0100
0001
0010
0100
,
1000
0100
0010
0001
1000
0010
0100
0001
1000
0100
0010
0100
1000
0100
0010
0001
,
1100
0001
0010
0001
0100
0001
1000
0100
0010
0001
0010
0100
1000
0100
0010
0100
,
1000
0010
0100
0001
0010
0001
1000
0100
0010
0001
0010
0100
1000
0100
0010
0100
,
1000
0010
1000
0001
0100
0001
1000
0100
0010
0001
0010
0100
1000
0100
0010
0100
,
1000
0001
1000
0100
0010
0100
1000
0100
0010
0001
0010
0100
1000
0001
0100
0001
,
0010
0001
1000
0100
0010
0001
0010
0100
0010
0001
0010
0100
1000
0100
0010
0001
,
1000
0001
1000
0010
1000
0010
0100
0001
0100
0001
0010
0100
1000
0100
0010
0001
,
1000
0010
0100
0010
1000
0001
1000
0100
0010
0001
0010
0100
1000
0100
0010
0100
,
1000
0100
0010
0001
0010
0100
0010
0001
0010
0100
1000
0001
0100
0010
0100
0001
,
1001
0000
0000
0000
;
