#TITLE:Holic;
#SUBTITLE:(IVKAS Style);
#ARTIST:TaQ;
#TITLETRANSLIT:;
#SUBTITLETRANSLIT:;
#ARTISTTRANSLIT:;
#CREDIT:;
#BANNER:holic.png;
#BACKGROUND:holic-bg.png;
#LYRICSPATH:;
#CDTITLE:!unknownTitle.png;
#MUSIC:holic.mp3;
#OFFSET:-1.898;
#SAMPLESTART:38.710;
#SAMPLELENGTH:12.000;
#SELECTABLE:YES;
#BPMS:0.000=155.000;
#STOPS:;
#BGCHANGES:;
// cache tags:
#FIRSTBEAT:0.000;
#LASTBEAT:210.250;
#SONGFILENAME:Songs/All Songs/holic/holic.sm;
#HASMUSIC:1;
#HASBANNER:1;
#MUSICLENGTH:85.426;
// end cache tags

//---------------dance-single - ----------------
#NOTES:
     dance-single:
     :
     Hard:
     10:
     0.978,1.000,0.667,0.000,0.960,528.000,57.000,0.000,0.000,0.000:  // measure 1
1000
0000
0001
0000
0010
0100
0000
0010
,  // measure 2
0000
0000
1000
0000
0000
0000
0001
0000
1000
0100
1000
0000
0001
0100
0001
0000
,  // measure 3
0100
0010
0100
0010
0100
0010
1000
0000
0100
0010
0001
0000
1000
0100
0010
0001
,  // measure 4
1000
0100
0010
0001
0000
0000
0010
0100
1000
0000
0001
0010
0100
0000
1000
0001
,  // measure 5
0010
0100
1000
0000
0100
0010
0001
0000
1000
0100
0010
0000
0001
1000
0100
0010
,  // measure 6
0001
0010
0100
1000
0001
0010
0100
1000
0001
0010
0100
1000
0001
0010
0001
0000
,  // measure 7
1000
0010
0100
0000
0001
1000
0010
0000
0100
0001
1000
0010
0100
0000
0010
1000
,  // measure 8
0001
0000
0100
0010
1000
0000
0001
0100
0010
1000
0001
0000
0100
0010
1000
0000
,  // measure 9
0001
0100
0010
0000
1000
0001
0100
0010
1000
0001
0100
0010
1000
0001
0100
0010
,  // measure 10
1000
0001
0100
0010
1000
0001
1000
0000
0100
0000
1000
0000
0100
0000
0000
0000
,  // measure 11
0110
0001
1100
0000
1100
0000
0100
0010
,  // measure 12
0101
1000
0100
1000
0100
0000
0110
0001
,  // measure 13
1100
0000
0000
0000
1100
0000
0000
0000
0100
0000
0010
0000
0101
0000
1000
0100
,  // measure 14
0100
0000
1000
0100
0100
0000
0010
0001
0010
0000
0101
0000
1010
0000
0010
0010
,  // measure 15
1000
0000
0010
0010
0100
0001
0100
0000
0011
0000
1100
0000
0100
0100
1000
0000
,  // measure 16
0100
0100
0010
0001
0010
0000
1100
0000
1010
0000
0010
0010
1000
0000
0010
0010
,  // measure 17
0100
0001
0100
0010
1010
0000
1000
0000
0100
0100
1000
0000
0100
0100
0010
0001
,  // measure 18
0100
0000
0101
0000
1010
0000
0010
0010
1000
0000
0010
0010
0100
0001
0100
0000
,  // measure 19
0011
0000
1100
0000
0100
0100
1000
0000
0100
0100
0010
0001
0100
0100
0101
0000
,  // measure 20
1010
0000
0010
0010
1000
0000
0010
0000
0000
0000
0100
0000
0001
0000
1000
0000
,  // measure 21
0000
1000
0000
0000
0010
0001
1000
0000
,  // measure 22
1000
0000
0000
0010
0001
1000
0000
1000
,  // measure 23
0000
0000
0010
0001
1000
0000
1000
0000
,  // measure 24
0000
0010
0001
1100
0010
0001
0010
0000
,  // measure 25
1100
0010
0100
0001
0100
0010
1000
0100
,  // measure 26
1000
0110
0001
0100
0010
0000
1100
0001
,  // measure 27
0010
0100
0010
0001
0100
0010
1000
0011
,  // measure 28
0100
0001
0100
0000
1000
0100
1000
0001
,  // measure 29
0010
0001
0010
0100
1000
0110
0100
0010
,  // measure 30
0100
0000
0000
0000
0100
0000
0010
0000
0100
0000
0001
0101
0000
0000
1000
1100
,  // measure 31
0000
0000
0001
0101
0000
0000
1001
0000
0010
0001
0100
0000
0001
0010
0100
1000
,  // measure 32
0100
0010
0001
0000
1000
0010
1000
0100
1000
0010
1000
0000
0001
0010
0100
1000
,  // measure 33
0001
0010
0100
1000
0001
0010
0001
0000
1000
0100
1000
0010
1000
0100
1000
0000
,  // measure 34
0001
0010
0100
1000
0100
0010
0001
0000
1000
0100
1000
0010
1000
0100
0011
0000
,  // measure 35
1000
0100
0010
0000
0001
0010
0001
0100
0001
0010
0001
0000
1000
0100
0010
0001
,  // measure 36
0010
0100
1000
0000
0001
0010
0001
0100
0001
0010
1001
0000
0000
0000
0000
0000
,  // measure 37
0110
0000
0000
0000
0000
0000
1001
0000
1001
0000
0000
1000
1100
0000
0000
0001
,  // measure 38
0101
0000
0000
1000
1100
0000
0000
0001
0101
0000
1001
0000
1000
0010
0100
0000
,  // measure 39
0001
0010
0100
1000
0100
1000
1000
0000
0001
0100
0010
1000
0100
1000
1000
0000
,  // measure 40
0001
0010
0100
1000
0100
1000
1000
0000
0001
0010
0100
1000
0100
0010
0001
0000
,  // measure 41
1000
0100
0010
0001
0010
0001
0001
0000
1000
0010
0100
0001
0010
0001
0001
0000
,  // measure 42
1000
0100
0010
0001
0010
0001
0001
0000
1000
0100
0010
0001
0010
0100
1000
0000
,  // measure 43
0001
0010
0100
1000
0100
1000
1000
0000
0001
0100
0010
1000
0100
1000
1000
0000
,  // measure 44
0001
0010
0100
1000
0100
1000
1000
0000
0001
0010
0100
0000
1000
0010
0100
0000
,  // measure 45
0001
0010
0100
0000
1000
0010
0100
0000
0001
0010
1100
0010
0001
0100
1010
0001
,  // measure 46
0100
0001
0000
0000
0010
0010
1100
0000
1001
0000
1000
0000
0000
0000
1000
0000
,  // measure 47
0000
0000
0001
0010
1000
0000
0000
1000
,  // measure 48
0000
0000
0001
0010
1000
0000
0000
1000
,  // measure 49
0000
0000
0001
0010
1000
0000
0000
1000
,  // measure 50
0000
0000
0000
0000
0100
0000
0100
0000
0000
0000
1100
0000
0010
0010
1010
0000
,  // measure 51
0001
0010
0100
0010
0001
0001
0011
0000
1010
0010
0110
0000
0001
1000
1010
0000
,  // measure 52
0001
1000
0100
0000
0001
1000
0011
0000
1010
0010
0110
0000
0100
1000
1010
0000
,  // measure 53
0010
0010
0110
1000
0001
1000
0011
0000
0100
1000
0000
0000
0000
0000
0000
0000
;
