#TITLE:Candyman;
#SUBTITLE:-Speedy Mix-;
#ARTIST:Aqua;
#TITLETRANSLIT:;
#SUBTITLETRANSLIT:;
#ARTISTTRANSLIT:;
#CREDIT:;
#BANNER:candyman-bn.png;
#BACKGROUND:candyman-bg.png;
#LYRICSPATH:;
#CDTITLE:!tank101title.png;
#MUSIC:Candyman -Speedy Mix-.mp3;
#OFFSET:-0.043;
#SAMPLESTART:35.295;
#SAMPLELENGTH:12.000;
#SELECTABLE:YES;
#BPMS:0.000=170.000;
#STOPS:;
#BGCHANGES:;
// cache tags:
#FIRSTBEAT:1.000;
#LASTBEAT:489.000;
#SONGFILENAME:Songs/All Songs/Tank101 - Candyman -Speedy Mix-/Candyman.sm;
#HASMUSIC:1;
#HASBANNER:1;
#MUSICLENGTH:177.214;
// end cache tags

//---------------dance-single - ----------------
#NOTES:
     dance-single:
     :
     Hard:
     11:
     1.000,1.000,1.000,0.000,0.296,1053.000,452.000,0.000,0.000,0.000:  // measure 1
0000
0000
0010
1000
0010
1000
0010
1000
,  // measure 2
0001
0100
0010
1000
0010
1000
0010
1000
,  // measure 3
1000
0100
0010
0001
0010
0000
1000
0000
0010
0000
1000
0000
0010
0000
1000
0000
,  // measure 4
0001
0100
0010
1000
0010
1000
0010
1000
,  // measure 5
0010
0100
1000
0100
1001
0010
0100
0010
,  // measure 6
1001
0100
1000
0100
1001
0010
0001
0010
,  // measure 7
1001
0010
1000
0010
0100
0000
0100
0000
1001
0000
0100
0000
0010
0000
1000
0000
,  // measure 8
1001
0010
0100
0010
1001
0100
0001
0010
,  // measure 9
1001
0100
0010
0001
1001
0010
0100
1000
,  // measure 10
1001
0100
1000
0001
1001
0010
0100
0010
,  // measure 11
1001
0100
0010
0100
1000
0000
0100
0000
1001
0000
0010
0000
0001
0000
1000
0000
,  // measure 12
1001
0010
0101
0000
0000
0000
0000
0000
,  // measure 13
0000
0000
1001
0100
0011
1000
0101
0010
,  // measure 14
0101
1000
1100
0010
1001
0100
0110
1000
,  // measure 15
0101
1000
0010
0100
1001
0000
0100
0000
1001
0000
0100
0000
1010
0000
0001
0000
,  // measure 16
1001
0010
0011
0100
1010
1000
1100
0010
,  // measure 17
0101
0010
1100
0100
1001
0100
1010
0001
,  // measure 18
0110
1000
1001
0100
0011
1000
0101
0100
,  // measure 19
1001
0010
0100
1000
0110
0000
0001
0000
0110
0000
0001
0000
1010
0000
0100
0000
,  // measure 20
1001
0000
0100
0000
0110
0001
1000
0001
1000
0001
1000
0001
1000
0001
1000
0001
,  // measure 21
1000
0001
1000
0001
0110
0000
0001
0000
0110
0000
1000
0000
0110
0000
0001
0000
,  // measure 22
1010
0000
0000
0100
0000
0000
1001
0000
0000
0010
0000
0000
1010
0000
0000
0000
0100
0000
0011
0000
0000
1010
0000
0000
,  // measure 23
0101
1000
0110
1000
0101
0010
1010
0100
,  // measure 24
1010
0000
0000
0001
0000
0000
1010
0000
0000
0100
0000
0000
1001
0000
0000
0000
0010
0000
1001
0000
0000
0110
0000
0000
,  // measure 25
0110
1000
0101
1000
0101
1000
0011
0100
,  // measure 26
1001
0000
0000
0100
0000
0000
1010
0000
0000
0001
0000
0000
0110
0000
0000
0000
0001
0000
1100
0000
0000
0110
0000
0000
,  // measure 27
0011
0100
1010
0100
1001
0010
0101
1000
,  // measure 28
0110
0000
0000
1000
0000
0000
0101
0000
0000
1000
0000
0000
0101
0000
0000
0000
0001
0000
1010
0000
0000
0101
0000
0000
,  // measure 29
1001
0010
1001
0100
1001
0010
1001
0100
,  // measure 30
0110
0001
0110
1000
0110
0001
0110
1000
,  // measure 31
0101
0010
0101
1000
0101
0010
0101
1000
,  // measure 32
1100
0010
1100
0001
1100
0010
1100
0001
,  // measure 33
0011
0100
0011
1000
0011
0100
0011
1000
,  // measure 34
0011
0001
0101
0001
1001
1000
1010
1000
,  // measure 35
1100
0010
1001
0100
0011
0100
1010
0100
,  // measure 36
1001
0000
0010
0000
1001
0000
0000
0000
0010
0000
0000
0000
0001
0000
0010
0100
,  // measure 37
0001
0000
0010
0100
1001
0000
0100
0000
1010
0000
0001
0000
1010
0000
0001
0000
,  // measure 38
1001
0011
0101
0110
1001
1010
1010
0101
,  // measure 39
0011
0101
1010
0001
0110
0010
0101
0100
,  // measure 40
0011
0000
1010
0000
0101
0000
1010
0000
1001
0000
0110
0000
1010
0000
1000
0001
,  // measure 41
1000
0001
1000
0001
0110
0000
1000
0000
0101
0000
0010
0000
0101
0000
1000
0000
,  // measure 42
0110
0101
1010
0110
0011
1001
0110
1010
,  // measure 43
0110
1100
1001
0100
1001
0010
0101
1000
,  // measure 44
0101
0000
1010
0000
1100
0000
0010
0000
0001
0000
1100
0000
1001
0010
0100
1000
,  // measure 45
0110
0001
0010
0100
1001
0000
0100
0000
0011
0000
0100
0000
1010
0000
0100
0000
,  // measure 46
1001
0010
1100
0101
1010
1001
0110
1010
,  // measure 47
1001
0010
0100
1000
0101
0000
1000
0000
0101
0000
1000
0000
0110
0000
0001
0000
,  // measure 48
1100
0010
0101
1000
0110
0011
0110
0011
,  // measure 49
1001
0100
1010
0001
0110
1000
1001
0100
,  // measure 50
0110
0001
1010
0101
0011
1100
0110
1001
,  // measure 51
0110
1000
0010
0100
1001
0000
0010
0000
0101
0000
1000
0000
0110
0000
0001
0000
,  // measure 52
1001
0000
0100
0000
0101
1000
0010
1000
0010
1000
0010
1000
0010
1000
0010
1000
,  // measure 53
0010
1000
0010
1000
0010
0000
1000
0000
0010
0000
1000
0000
0010
0000
1000
0000
,  // measure 54
0001
0100
0010
1000
0010
1000
0010
1000
,  // measure 55
0001
0010
1100
0001
1100
0000
0010
0000
1100
0000
0010
0000
0101
0000
1000
0000
,  // measure 56
0110
0000
0000
1000
0000
0000
0101
0000
0000
1000
0000
0000
0110
0000
0000
0000
0001
0000
1010
0000
0000
0110
0000
0000
,  // measure 57
1001
0010
1001
0100
1010
0100
0011
1000
,  // measure 58
1001
0000
0000
0100
0000
0000
1100
0000
0000
0010
0000
0000
0101
0000
0000
0000
0010
0000
1001
0000
0000
0110
0000
0000
,  // measure 59
1100
0010
0101
1000
1001
0010
0011
1000
,  // measure 60
1010
0000
0000
0100
0000
0000
1010
0000
0000
0100
0000
0000
0011
0000
0000
0000
0100
0000
1010
0000
0000
0101
0000
0000
,  // measure 61
1010
0010
1001
0100
0110
1000
0011
0100
,  // measure 62
1010
0100
0011
0100
1001
0110
0101
1100
,  // measure 63
1001
0010
0101
0010
0101
0010
1100
0010
,  // measure 64
1100
0001
1001
1000
1001
0010
1100
0001
,  // measure 65
0110
1000
0011
0100
1010
0001
0110
1000
,  // measure 66
0110
0001
1001
0100
1010
0001
1100
1000
,  // measure 67
0011
0100
1001
0100
1010
0001
1001
0010
,  // measure 68
1100
0010
0101
0010
1100
0010
1001
0001
,  // measure 69
1010
0100
1010
0001
0110
0001
1010
0100
,  // measure 70
1001
0000
0010
0000
0100
0000
0000
0000
0000
0000
0000
0000
0010
0000
0010
0100
,  // measure 71
0001
0000
0010
0100
1001
0000
0100
0000
1010
0000
0100
0000
1001
0000
0010
0000
,  // measure 72
0101
0011
1010
0101
1010
0101
0011
0110
,  // measure 73
1010
0101
1010
0100
1001
0100
1001
0010
,  // measure 74
0101
0000
1010
0000
0110
0000
1001
0000
1010
0000
0101
0000
0110
0001
1000
0001
,  // measure 75
1000
0001
1000
0001
1010
0000
0100
0000
1001
0000
0010
0000
0101
0000
1000
0000
,  // measure 76
0110
1001
0110
0011
0110
1001
0110
1100
,  // measure 77
1010
1100
1001
0010
0101
0010
1100
0001
,  // measure 78
1100
0000
0011
0000
1001
0010
0100
1000
0001
0010
0100
1000
0001
0010
0100
1000
,  // measure 79
0001
0010
0100
1000
0110
0000
1000
0000
0101
0000
0010
0000
1001
0000
0100
0000
,  // measure 80
0011
1100
0110
0101
1010
1001
0110
0011
,  // measure 81
1010
1100
1010
0100
1001
0010
0101
0010
,  // measure 82
1100
0000
0110
0000
0101
0000
1010
0000
1100
0000
0110
0000
0011
0000
0001
0010
,  // measure 83
0100
1000
0010
0100
1001
0000
0100
0000
1001
0000
0010
0000
0101
0000
0010
0000
,  // measure 84
1100
0110
0101
1010
1100
1001
0011
1100
,  // measure 85
1010
0101
1010
0100
1001
0010
0101
1000
,  // measure 86
0110
0000
0011
0000
1100
0000
0001
0010
0100
1000
0001
0010
0100
1000
0001
0010
,  // measure 87
0100
1000
0001
1000
0010
0000
0100
0000
0010
0000
0100
0000
0010
0000
0100
0000
,  // measure 88
0001
0100
0010
0100
0010
0100
0010
0100
,  // measure 89
1000
0010
0100
0001
1000
0000
0010
0000
1000
0000
0010
0000
0001
0000
0010
0000
,  // measure 90
0100
1000
0100
1000
0100
1000
0010
1000
,  // measure 91
0001
0010
0001
0010
0001
0010
0100
0010
,  // measure 92
0001
0010
0001
0010
0001
0010
0001
0010
,  // measure 93
0100
1000
0001
0010
0100
0000
1000
0000
0010
0000
1000
0000
0010
0000
1000
0000
,  // measure 94
0001
1000
0110
0000
0000
0000
0000
0000
,  // measure 95
0000
0000
1001
0100
1001
0010
0101
1000
,  // measure 96
0110
0010
0101
1000
0011
0100
1010
0100
,  // measure 97
1001
0010
0100
1000
0110
0000
0001
0000
0101
0000
0010
0000
1100
0000
0010
0000
,  // measure 98
1001
0001
0110
0001
1100
0010
0101
1000
,  // measure 99
0011
0100
1010
0001
1010
0100
1001
0010
,  // measure 100
0101
1000
0110
0001
1010
0100
1001
0010
,  // measure 101
0101
1000
0010
0100
1001
0000
0010
0000
1001
0000
0010
0000
1100
0000
0010
0000
,  // measure 102
0101
0000
1000
0000
0110
0000
0000
0000
0000
0000
0000
0000
0001
0000
0001
0010
,  // measure 103
0100
0000
0001
0010
1100
0000
0010
0000
0101
0000
1000
0000
0110
0000
1000
0000
,  // measure 104
0110
1001
0101
1010
1100
1001
0011
0110
,  // measure 105
1100
1010
0101
0010
1001
0100
1100
0010
,  // measure 106
0101
0000
1010
0000
1100
0000
0011
0000
0110
0000
1001
0000
0110
0000
0001
1000
,  // measure 107
0001
1000
0001
1000
0110
0000
1000
0000
0101
0000
0010
0000
1100
0000
0010
0000
,  // measure 108
0101
1010
0101
0110
0011
1001
0110
1100
,  // measure 109
1010
0110
0101
0010
1001
0100
1010
0100
,  // measure 110
0011
0000
1100
0000
1001
0010
0100
1000
0001
0010
0100
1000
0001
0010
0100
1000
,  // measure 111
0001
0010
0100
1000
0110
0000
0001
0000
1010
0000
0100
0000
0011
0000
0100
0000
,  // measure 112
1010
0001
0110
1001
0101
0011
1100
0101
,  // measure 113
1001
0010
0100
1000
0101
0000
1000
0000
0011
0000
0100
0000
1001
0000
0010
0000
,  // measure 114
0101
1000
0110
0010
0101
1010
0101
1010
,  // measure 115
1001
0100
0101
0010
1001
0100
0011
1000
,  // measure 116
1010
0100
1100
1010
0101
1010
0110
1001
,  // measure 117
0011
0100
1000
0010
0101
0000
1000
0000
0110
0000
1000
0000
1001
0000
0010
0000
,  // measure 118
0101
0000
0010
0000
1100
0000
0010
0000
1001
0010
0100
0001
1000
0010
0100
0001
,  // measure 119
0010
0100
1000
0010
0100
0000
0001
0000
0100
0000
0001
0000
0100
0000
0001
0000
,  // measure 120
0010
0100
0001
0100
0001
0100
0001
0100
,  // measure 121
1000
0010
0100
0001
0010
0000
1000
0000
0010
0000
1000
0000
0010
0000
1000
0000
,  // measure 122
0001
1000
0010
1000
0010
1000
0010
1000
,  // measure 123
0010
0100
1001
0000
0000
0000
0000
0000
;
