#TITLE:Fly Away;
#SUBTITLE:;
#ARTIST:Loki;
#TITLETRANSLIT:;
#SUBTITLETRANSLIT:;
#ARTISTTRANSLIT:;
#CREDIT:;
#BANNER:Fly Away.png;
#BACKGROUND:Fly Away-bg.png;
#LYRICSPATH:;
#CDTITLE:!evilpeerTitle.png;
#MUSIC:fly_away.mp3;
#OFFSET:-1.524;
#SAMPLESTART:49.520;
#SAMPLELENGTH:12.000;
#SELECTABLE:YES;
#BPMS:0.000=160.000;
#STOPS:;
#BGCHANGES:;
// cache tags:
#FIRSTBEAT:0.000;
#LASTBEAT:264.000;
#SONGFILENAME:Songs/All Songs/eVILPeeR - Fly Away/Fly Away.sm;
#HASMUSIC:1;
#HASBANNER:1;
#MUSICLENGTH:103.033;
// end cache tags

//---------------dance-single - ----------------
#NOTES:
     dance-single:
     :
     Hard:
     10:
     0.991,1.000,0.825,0.311,1.000,598.000,85.000,32.000,0.000,0.000:  // measure 1
0010
0000
0010
1000
0000
1000
0100
1000
0100
0000
0010
0001
0000
0001
0100
0000
,  // measure 2
0100
0000
0100
0001
0000
0001
0100
0001
0100
0000
0100
0010
0000
0010
1000
0000
,  // measure 3
0010
0000
0010
1000
0000
1000
0100
0010
0001
0000
0001
0010
0000
0010
0100
0000
,  // measure 4
1000
0100
0010
0002
0000
0013
0100
1000
0100
0010
0001
0010
0100
1000
0001
1000
,  // measure 5
0010
0000
0010
1000
0000
1000
0100
1000
0100
0000
0010
0001
0000
0001
0100
0000
,  // measure 6
0100
0000
0100
0001
0000
0001
0100
0001
0100
0000
0100
0010
0000
0010
1000
0000
,  // measure 7
0010
0000
0010
1000
0000
1000
0100
0010
0001
0000
0001
0010
0000
0010
0100
0000
,  // measure 8
0010
0100
0010
0002
0000
0013
0100
1000
0100
0010
0001
0010
0100
0010
0100
1000
,  // measure 9
0002
0000
0000
0000
0003
0000
0100
0000
0110
0000
0000
1010
0000
0000
1001
0000
,  // measure 10
0002
0000
0000
0000
0003
0000
0100
0000
0110
0000
0000
1010
0000
0000
1001
0000
,  // measure 11
0200
0000
0000
0000
0300
0000
0100
0000
0110
0000
0000
0101
0000
0000
0011
0000
,  // measure 12
0200
0000
0000
0000
0300
0000
0100
0000
0110
0000
0000
1100
0000
0000
1010
0000
,  // measure 13
2000
0000
0000
0000
3000
0000
1000
0000
1100
0000
0000
0101
0000
0000
1001
0000
,  // measure 14
2000
0000
0000
0000
3000
0000
1000
0000
1100
0000
0000
1100
0000
0000
1001
0000
,  // measure 15
0020
0000
0000
0000
0030
0000
0010
0000
0110
0000
0000
1010
0000
0000
0011
0000
,  // measure 16
0202
0000
0000
0000
0000
0303
2020
0000
0000
0000
0000
3030
2200
0000
0000
3300
,  // measure 17
0002
0000
0000
0000
0003
0000
0100
0000
0110
0000
0000
1010
0000
0000
1001
0000
,  // measure 18
0002
0000
0000
0000
0003
0000
0100
0000
0110
0000
0000
1010
0000
0000
1001
0000
,  // measure 19
0200
0000
0000
0000
0300
0000
0100
0000
0110
0000
0000
0101
0000
0000
0011
0000
,  // measure 20
0001
0000
0000
0010
0000
0000
0100
0000
0001
0000
0000
0010
0000
0000
0100
0000
,  // measure 21
2000
0000
0000
0000
3000
0000
1000
0000
1100
0000
0000
0101
0000
0000
1001
0000
,  // measure 22
2000
0000
0000
0000
3000
0000
1000
0000
1100
0000
0000
1100
0000
0000
1001
0000
,  // measure 23
0020
0000
0000
0000
0030
0000
0010
0000
0110
0000
0000
1010
0000
0000
0011
0000
,  // measure 24
0020
0000
0000
0000
0030
0000
0010
0000
1010
0000
0000
0011
0000
0000
0101
0000
,  // measure 25
1000
0001
1000
0001
1000
0001
1000
0001
0010
0100
0010
0100
0010
0100
0010
0100
,  // measure 26
1000
0100
0010
0001
0010
0001
0010
0100
1000
0100
1000
0100
0010
0001
0010
0100
,  // measure 27
0010
0000
0010
0000
0001
0100
0010
0000
0010
1000
0100
0000
0100
0010
0100
0010
,  // measure 28
0001
0000
1000
0000
0100
0000
0010
0000
0001
1000
0100
0010
0001
1000
0100
0010
,  // measure 29
0001
1000
0001
1000
0001
1000
0001
1000
0100
0010
0100
0010
0100
0010
0100
0010
,  // measure 30
0001
0010
0100
1000
0100
1000
0100
0010
0001
0010
0001
0010
0100
1000
0100
0010
,  // measure 31
0100
0000
0100
0000
1000
0010
0100
0000
0100
0001
0010
0000
0010
0100
0010
0100
,  // measure 32
1000
1001
0110
0101
1100
0110
2002
3003
,  // measure 33
0001
0010
0011
0110
0001
0110
0011
0010
,  // measure 34
0002
0000
0000
0003
0011
0000
1100
0000
,  // measure 35
1000
0010
1010
0110
1000
0110
1010
0010
,  // measure 36
2000
0000
0000
3000
1010
0000
0101
0000
,  // measure 37
0001
1000
1001
0110
0001
0110
1001
1000
,  // measure 38
0002
0000
0000
0003
1001
0000
0110
0000
,  // measure 39
1000
0001
1000
0001
0010
0100
1000
0000
0001
1000
0001
1000
0010
0100
0001
0000
,  // measure 40
1000
0010
0100
0001
1000
0010
0100
0001
1000
0100
0010
0001
1000
0100
0010
0001
,  // measure 41
0010
0000
1000
0000
1100
0000
1000
0000
1000
0100
1000
0000
0100
0000
0110
0000
,  // measure 42
0101
0000
0001
0000
0100
0000
0001
0000
0001
0100
0001
0000
0100
0000
0010
0000
,  // measure 43
1000
0000
1000
0000
1010
0000
1000
0000
1000
0010
1000
0000
0010
0000
0110
0000
,  // measure 44
0001
0000
0001
0000
0010
0000
0001
0000
0001
0010
0001
0000
0010
0000
0100
0000
,  // measure 45
1001
0000
1000
0100
0010
0001
0010
0000
0100
0000
1000
0100
0010
0001
0010
0000
,  // measure 46
0100
0000
0001
0100
0010
1000
0100
0010
0100
0010
0100
0010
0001
0100
0010
1000
,  // measure 47
0100
0100
0110
1001
0001
0110
1001
0110
,  // measure 48
1000
0100
0010
0001
1000
0100
0010
0001
0010
0100
1000
0001
0010
0100
1000
0100
,  // measure 49
1000
0000
0000
0000
1100
0000
0000
0000
0100
0000
0100
1000
0000
0000
1000
0000
,  // measure 50
1010
0000
0000
0000
0100
0000
0000
0000
0001
0010
0100
1000
0000
1000
0100
0000
,  // measure 51
0100
0000
1001
0000
0000
0000
0001
0000
0001
0010
0000
0010
0000
0010
0100
0000
,  // measure 52
1000
0100
0010
0001
0000
0001
0100
0000
0100
0010
1000
0001
0000
0001
1000
0000
,  // measure 53
0000
0000
0000
0000
0011
0000
0000
0000
0001
0000
0001
0010
0000
0000
0010
0000
,  // measure 54
1010
0000
0000
0000
0010
0000
0000
0000
1000
0100
0010
0001
0010
0100
1000
0000
,  // measure 55
0010
0100
0000
0100
0000
0000
1000
0000
1000
0100
0000
0010
0000
0010
0100
0000
,  // measure 56
0010
0100
0000
0001
0000
0001
1000
0000
1000
0100
0000
0010
0000
0001
0100
0000
,  // measure 57
0010
0000
0010
1000
0000
1000
0100
1000
0100
0000
0010
0001
0000
0001
0100
0000
,  // measure 58
0100
0000
0100
0001
0000
0001
0100
0001
0100
0000
0100
0010
0000
0010
1000
0000
,  // measure 59
0010
0000
0010
1000
0000
1000
0100
0010
0001
0000
0001
0010
0000
0010
0100
0000
,  // measure 60
1000
0100
0010
0002
0000
0013
0100
1000
0100
0010
0001
0010
0100
1000
0001
1000
,  // measure 61
0010
0000
0010
1000
0000
1000
0100
1000
0100
0000
0010
0001
0000
0001
0100
0000
,  // measure 62
0100
0000
0100
0001
0000
0001
0100
0001
0100
0000
0100
0010
0000
0010
1000
0000
,  // measure 63
0010
0000
0010
1000
0000
1000
0100
0010
0001
0000
0001
0010
0000
0010
0100
0000
,  // measure 64
0010
0100
0010
0002
0000
0013
0100
1000
0100
0010
0001
0010
0100
0010
0100
1000
,  // measure 65
0002
0000
2003
0000
0000
0000
0000
3000
,  // measure 66
0200
0000
0000
0000
,  // measure 67
0300
0000
0000
0000
;
