#TITLE:桜;
#SUBTITLE:;
#ARTIST:Reven-G;
#TITLETRANSLIT:SAKURA;
#SUBTITLETRANSLIT:;
#ARTISTTRANSLIT:;
#CREDIT:;
#BANNER:sakura.png;
#BACKGROUND:sakura-bg.png;
#LYRICSPATH:;
#CDTITLE:fromiidx.png;
#MUSIC:SAKURA!!s.mp3;
#OFFSET:-0.777;
#SAMPLESTART:20.777;
#SAMPLELENGTH:12.000;
#SELECTABLE:YES;
#BPMS:0.000=300.000,192.000=150.000,203.000=110.000,204.000=120.000,206.000=300.000,271.000=320.000,432.000=125.000;
#STOPS:206.000=3.695
,271.000=1.500
;
#BGCHANGES:;
// cache tags:
#FIRSTBEAT:32.000;
#LASTBEAT:441.000;
#SONGFILENAME:Songs/All Songs/sakura/sakura.sm;
#HASMUSIC:1;
#HASBANNER:1;
#MUSICLENGTH:101.641;
// end cache tags

//---------------dance-single - ----------------
#NOTES:
     dance-single:
     :
     Hard:
     10:
     0.756,0.976,0.423,0.118,0.030,483.000,43.000,12.000,0.000,0.000:
0000
0000
0000
0000
,
0000
0000
0000
0000
,
0000
0000
0000
0000
,
0000
0000
0000
0000
,
0000
0000
0000
0000
,
0000
0000
0000
0000
,
0000
0000
0000
0000
,
0000
0000
0000
0000
,
0010
0100
1000
0001
1000
0000
0001
0100
,
0001
0010
0001
0000
1000
0001
0100
0000
,
0000
0100
0001
0010
0001
0000
0001
0010
,
1000
0001
0010
1000
0100
0001
1000
0100
,
0001
0100
1000
0100
0001
0000
0100
1000
,
0010
1000
0001
0100
0001
0010
0001
1000
,
0001
1000
0100
1000
0010
1000
0001
0000
,
1000
0010
0100
0001
0010
0100
1000
0001
,
0010
0001
0010
0100
,
0010
1000
0010
0100
,
1000
0001
0100
0001
,
2000
0000
0000
0000
0000
0000
0000
0000
0001
0000
0000
0000
0000
0000
0000
0000
0010
0000
0000
0000
0000
0000
0000
0000
0100
0000
0000
0000
0000
0000
0000
3000
,
0101
0000
0110
0000
,
1100
0000
0000
0000
,
1001
0000
0110
0000
,
0011
0000
0100
0100
0100
0000
0100
0000
,
1000
0001
0000
0000
0010
0100
0000
0000
,
0001
0100
0000
0000
0010
0100
0000
0000
,
1000
0010
0000
0000
0001
0100
0000
0000
,
0000
0000
0100
1000
0100
0000
1000
0100
,
0000
0000
1000
0001
0000
0000
0010
1000
,
0000
0000
0001
0100
0000
0000
0100
1000
,
0000
0000
0001
0010
0000
0000
0100
0010
,
0000
0000
0001
1000
0000
0000
0010
1000
,
0000
0001
0100
0001
,
0110
0000
1000
0100
0002
0000
0013
0000
,
0101
1000
0010
1000
,
1000
0100
0010
0100
0001
0000
0001
0000
,
1000
0010
0100
1000
,
0001
0100
0010
1000
,
0100
0001
0100
0010
,
1000
0100
0001
1000
,
0001
0110
0110
0110
,
0001
1000
0010
0100
,
0001
0000
1000
0100
1000
0100
0000
0000
,
0010
1000
0001
0100
,
0010
0000
0100
0010
0100
0010
0100
0000
,
1001
0000
0000
0000
0110
0000
0000
1001
,
0000
0000
1001
0000
,
1000
0100
0010
0001
0010
0100
0100
0001
,
0100
0010
0100
0001
0100
1000
0100
0010
,
0001
1000
0001
0100
0010
0001
0010
0001
,
1000
0001
0010
0001
1000
0010
0100
0001
,
0001
0100
1000
0100
2002
3003
1000
0100
,
0000
0000
0001
0010
0000
0000
0001
0010
,
0001
0010
0001
0000
0000
0010
0100
0000
,
0000
0001
0010
0000
0000
1000
0100
0000
,
0000
0001
0010
0001
0010
0001
0000
0000
,
1001
0000
0000
0000
0110
0000
1000
0100
,
0000
0001
0010
0001
0010
0001
0100
1000
,
0000
0000
0010
0001
0000
0000
0000
0000
,
0001
1000
0001
1000
,
0001
0010
0000
0000
0100
1000
0000
0000
,
0010
0001
0000
0000
0010
0100
0000
0000
,
1000
0100
0000
0000
0001
0010
0000
0000
,
0100
0010
0000
0000
0100
0010
0000
0000
,
0001
1000
0000
0000
0100
0010
0000
0000
,
0001
1000
0000
0000
0100
1000
0000
0000
,
0010
0001
0000
0000
0100
0010
0000
0000
,
1000
0001
0000
0000
0001
0000
0220
0330
,
0010
0001
1000
0001
,
0010
0100
0001
0100
0010
1000
0010
0000
,
0010
1000
0100
0010
,
0010
0100
0010
0001
0010
0001
0000
0000
,
0100
0110
0100
1100
,
1000
0000
0100
0001
0010
0100
1000
0001
,
0100
0110
1000
1001
,
1001
0000
1000
0001
0100
0100
0010
0010
,
1000
0101
0010
0010
,
1000
0001
0100
0010
0000
0100
0001
0000
,
0010
0010
0100
0100
,
0010
1000
0010
0100
0001
1000
0001
1000
,
0001
1000
0010
1000
,
0001
0010
0100
1000
0010
0100
0001
0000
,
1000
0100
1000
0000
0001
0010
0001
0000
,
0001
0010
0100
1000
0010
0100
0001
0000
,
0010
0100
0010
0000
0100
0010
0001
0000
,
1001
0110
0000
0010
,
1000
0000
0001
0000
0100
0010
0100
0000
,
0110
1001
0110
0000
,
0001
0000
0100
0001
0100
0000
1000
0000
,
0001
0000
0101
1010
,
1000
0010
0100
0001
,
0010
0000
0000
0000
0001
0100
0001
0100
,
0001
0100
0200
0000
0300
0000
1000
0000
,
0010
0000
1000
1010
,
0100
0001
2000
0000
3000
0000
0001
0000
,
0100
0000
0100
0101
,
0010
1000
0002
0000
0003
0000
0200
0000
,
0020
0330
0011
1010
,
0010
0001
0100
0000
0001
0000
1000
0000
,
0100
0000
0000
0000
0010
1000
0001
0000
,
0100
0010
0100
0010
,
0100
1000
0010
0000
0010
0000
0100
0000
,
0010
0001
0100
0000
0010
1000
0100
0000
,
0010
0001
0100
0000
1000
0000
0010
0000
,
0100
0001
0000
0001
,
0100
0000
0010
0000
0001
0000
0100
0010
,
0110
0000
0000
1001
0000
0000
0110
0000
,
1001
0000
0000
1100
0000
0000
1010
0000
,
0000
0100
0010
1000
0001
0100
0010
0000
1000
0010
0100
0001
0000
1010
0001
0000
,
0020
0000
0000
0000
,
0000
0030
0000
0000
;
