#TITLE:CIA Rave;
#SUBTITLE:;
#ARTIST:Jared And Peter;
#TITLETRANSLIT:;
#SUBTITLETRANSLIT:;
#ARTISTTRANSLIT:;
#CREDIT:;
#BANNER:Supercalifragilisticexpialidocious.png;
#BACKGROUND:Neo-LotsofBullets.bmp;
#LYRICSPATH:;
#CDTITLE:./CDTITLES/AVEX.PNG;
#MUSIC:1.mp3;
#OFFSET:-1.025;
#SAMPLESTART:19.530;
#SAMPLELENGTH:12.000;
#SELECTABLE:YES;
#DISPLAYBPM:114.000:200.000;
#BPMS:0.000=160.010,152.000=160.000,176.000=160.010,192.000=160.000,216.000=160.010,224.000=160.000;
#STOPS:;
#BGCHANGES:0.000=Neo-LotsofBullets.bmp=1.000=0=0=1,
2.000=PSM.avi=1.000=0=0=1,
313.500=Neo-LotsofBullets.bmp=1.000=0=0=1,
99999=-nosongbg-=1.000=0=0=0 // don't automatically add -songbackground-
;
// cache tags:
#FIRSTBEAT:5.500;
#LASTBEAT:313.500;
#SONGFILENAME:Songs/All Songs/CIA Rave1 copy/Supercalifragilis1ticexpialidocious.sm;
#HASMUSIC:1;
#HASBANNER:0;
#MUSICLENGTH:120.066;
// end cache tags

//---------------dance-single - ----------------
#NOTES:
     dance-single:
     :
     Easy:
     1:
     0.000,0.000,0.000,0.000,0.000,0.000,0.000,0.000,0.000,0.000:
0000
0000
0000
0000
;

//---------------dance-single - ----------------
#NOTES:
     dance-single:
     :
     Medium:
     8:
     0.000,0.000,0.000,0.000,0.000,0.000,0.000,0.000,0.000,0.000:
0000
0000
0000
0000
;

//---------------dance-single - ----------------
#NOTES:
     dance-single:
     :
     Hard:
     10:
     0.000,0.000,0.000,0.000,0.000,0.000,0.000,0.000,0.000,0.000:
0000
0000
0000
0000
;

//---------------dance-double - ----------------
#NOTES:
     dance-double:
     :
     Easy:
     6:
     0.309,0.356,0.192,0.000,0.000,237.000,23.000,0.000,0.000,0.000:
00000000
00000000
00000000
00000000
,
00000000
00000000
00000000
00000000
,
00000000
00000000
00000000
00000000
,
00000000
00000000
10100000
01000000
,
00000000
00000000
00110000
01000000
,
00000000
00000000
01100000
10010000
,
00100000
00010000
01000000
00100000
,
00010000
00001000
00000110
00000000
,
00000001
00000100
00001000
00000100
,
00000001
00000100
00000010
00000010
,
00000001
00001000
00010000
00100000
,
10000000
01000000
00100000
10010000
,
00010000
00100000
10000000
00100000
,
00010000
00100000
10000000
01000000
,
00100000
10000000
00010000
00001000
,
00000010
00000001
00001000
00000100
,
00000001
00000010
00001000
00000010
,
00000001
00000010
00000100
00000100
,
00001100
00000000
00110000
00000000
,
10100000
11000000
01010000
10010000
,
00010000
01000000
10000000
01000000
,
00010000
01000000
00100000
00100000
,
10000000
00010000
00001000
00000100
,
00000001
00000010
00000100
00001001
,
00000010
00000000
00000100
00000000
00000010
00001000
00010000
00000000
,
00100000
00000000
01000000
00000000
00100000
00010000
00001000
00000000
,
00100000
00010000
00001000
00000000
00000010
00001000
00010000
00000000
,
01000000
00010000
00000100
00001000
,
01000000
00010000
00001000
00000100
,
00000011
00000100
00001010
00000100
,
00000001
00001000
00000110
00000000
,
00001000
00010000
00100000
01000000
,
00010000
00001000
00100000
01100000
,
10000000
00100000
00010000
00001000
,
01000000
10000000
00100000
10010000
,
00100000
01000000
00001000
00010000
,
10000000
00100000
01000000
10010000
,
00000000
00000000
00000000
00000000
,
00100000
00000000
01000000
00000000
,
10000000
00010000
00001000
00000000
,
00000010
00000010
00000100
00000001
,
00001000
00000100
00000001
00000010
,
00001000
00000001
00001000
00010000
,
00100000
00100000
01000000
10000000
,
00010000
01000000
10000000
01000000
,
00100000
00010000
01000000
10000000
,
00110000
00000000
10100000
00000000
,
01000000
00010000
00001000
00000100
,
00000010
00000010
00000100
00000001
,
00001000
00000100
00000001
00000010
,
00001000
00000001
00001000
00010000
,
00100000
00100000
01000000
10000000
,
00010000
01000000
10000000
01000000
,
00100000
00010000
01000000
10000000
,
00110000
00000000
10100000
00000000
,
01000000
00010000
00001000
00000100
,
00000010
00000010
00000100
00000001
,
00001000
00000100
00000001
00000010
,
00001000
00000001
00001000
00010000
,
00100000
00100000
01000000
10000000
,
00010000
01000000
10000000
01000000
,
00100000
00010000
00000010
00001000
,
00000100
00000000
00000100
00000000
00010000
00001000
00010000
00000000
,
01000000
00000000
01000000
00000000
00001000
00010000
00001000
00000000
,
00100000
00010000
00000010
00001000
,
00010000
01000000
10000000
00010000
;

//---------------dance-double - ----------------
#NOTES:
     dance-double:
     :
     Medium:
     10:
     0.439,0.438,0.242,0.000,0.000,340.000,29.000,0.000,0.000,0.000:
00000000
00000000
00000000
00000000
,
00000000
00000000
00000000
00000000
,
00000000
00000000
00000000
00000000
,
00000000
00010000
00101000
00010010
,
00000000
00001000
00010100
00101000
,
00000000
00010000
10100000
01010000
,
10000000
01000000
00010000
00100000
,
10000000
01000000
00100000
00010000
00001000
00000000
00000000
00000000
,
00011000
00000000
00011000
00000000
00000010
00000100
00001000
00000000
,
00011000
00000000
00011000
00000000
00001000
00000100
00000010
00000000
,
00000011
00000011
00001100
00000011
,
00001000
00000100
00000010
00000001
00001000
00000000
00000110
00000000
,
00000001
00000010
00000100
00001000
00000001
00000010
00000100
00001000
,
00000001
00000010
00000100
00001000
00000001
00000000
00000100
00000000
,
00001000
00000100
00000001
00001000
,
00010000
10000000
00100000
00010000
,
10000000
01000000
00100000
00010000
10000000
01000000
00100000
00010000
,
10000000
01000000
00100000
00010000
10000000
00000000
00100000
00000000
,
00010000
00100000
01000000
10000000
00100000
00010000
00001000
00000100
,
00000001
00000010
00000100
00001000
00010000
00000000
00001000
00000000
,
00011000
00000000
00011000
00000000
00100000
01000000
00010000
00000000
,
00011000
00000000
00011000
00000000
00010000
01000000
00100000
00000000
,
10100000
10100000
01010000
11000000
,
00100000
00010000
10000000
01000000
00100000
00010000
10000000
00000000
,
10000000
01000000
00100000
00000000
00010000
01000000
00100000
00000000
,
10000000
01000000
00100000
00000000
00010000
00001000
00000100
00000000
,
00000010
00000100
00001000
00000000
00000001
00000100
00000010
00000000
,
00000110
00000000
00010100
00000000
00001000
00000100
00000001
00000000
,
00000101
00000000
00010010
00000000
00000100
00001000
00010000
00000000
,
00001000
00000100
00000010
00000000
00001000
00000010
00000100
00000000
,
00000001
00000010
00000100
00001000
00010000
00000000
00000000
00000000
,
00100000
10000000
00010000
01000000
00100000
10000000
00010000
01000000
,
00100000
10000000
00010000
00100000
00010000
00000000
00011000
00000000
,
00000100
00000001
00001000
00000010
00000100
00000001
00001000
00000010
,
00000100
00000001
00001000
00000100
00001000
00000000
00011000
00000000
,
00100000
10000000
00010000
01000000
,
00100000
01000000
10000000
00010000
01000000
00100000
10000000
00000000
,
00000000
00000000
00000000
00000000
,
00100000
00010000
00001000
00000000
00000010
00001000
00010000
00000000
,
00100000
00010000
00001000
00000010
00001000
00010000
01000000
00000000
,
00010000
00100000
00001000
00000100
,
00000010
00001000
00010000
00001000
00000010
00001000
00010000
00000000
,
00001000
00000010
00010000
01000000
,
00100000
00010000
00001000
00010000
00100000
00010000
00001000
00000000
,
00000100
00000001
00001000
00010000
,
00100000
10000000
00010000
00001000
,
00000100
00000010
00001000
00000000
00000001
00001000
00000010
00000000
,
00000100
00001000
00010000
00100000
01000000
00100000
00010000
00000000
,
00001000
00000010
00010000
01000000
,
00100000
00010000
00001000
00010000
00100000
00010000
00001000
00000000
,
00010000
00100000
00001000
00000100
,
00000010
00001000
00010000
00001000
00000010
00001000
00010000
00000000
,
01000000
10000000
00010000
00001000
,
00000010
00000001
00001000
00010000
,
01000000
00100000
00010000
00000000
10000000
00010000
00100000
00000000
,
01000000
00010000
00001000
00000010
00000100
00000010
00001000
00000000
,
00010000
00100000
00001000
00000100
,
00000010
00001000
00010000
00001000
00000010
00001000
00010000
00000000
,
00001000
00000010
00010000
01000000
,
00100000
00010000
00001000
00010000
00100000
00010000
00001000
00000000
,
00000100
00000001
00001000
00010000
,
00100000
10000000
00010000
00001000
,
00000010
00001000
00010000
00000000
00100000
00010000
00001000
00000000
,
00000010
00001000
00010000
00000000
00100000
00010000
00001000
00000000
,
00000100
00000000
00000001
00000000
00000010
00000000
00001000
00010000
,
00100000
01000000
10000000
00010000
00100000
01000000
10000000
00000000
;

//---------------dance-single - Copied from----------------
#NOTES:
     dance-single:
     Copied from:
     Challenge:
     12:
     1.000,1.000,0.450,0.058,1.000,962.000,54.000,7.000,0.000,4.000:
0000
0000
0000
0000
,
0000
0000
0000
1100
0000
0011
0000
0101
,
0000
1010
0000
0110
0000
1001
0000
1101
,
0000
0000
1011
0000
0000
0000
1000
0100
0010
0001
1000
0100
0010
0001
0100
0010
,
1000
0100
0010
0001
0100
0010
0100
0001
0100
0010
0100
0010
0001
0010
0100
1000
,
0100
0010
0001
0100
0010
1000
0100
0010
0001
1000
0100
0010
0001
1000
0001
0010
,
0100
0010
0100
0010
1000
0001
1000
0010
1000
0100
0010
0001
1000
0100
0010
0001
,
0010
0100
1000
0100
0010
0001
0010
0100
1000
0100
0010
0001
0010
0100
1000
0100
,
0010
0100
0010
0100
1000
0100
0010
0001
0100
0010
1000
0100
0010
0001
0100
0010
,
0100
0010
0100
0010
1000
0100
0010
0001
1000
0100
0010
0001
0010
0100
1000
0001
,
0010
0100
1000
0100
0010
0001
0010
0100
1000
0100
0010
0001
0010
0001
0100
1000
,
0100
1000
0100
1000
0010
0001
0010
0001
0100
1000
0100
1000
0001
0010
0100
1000
,
0100
0010
0001
0010
0100
1000
0100
1000
0100
0010
0100
0010
0100
0010
1000
0100
,
0010
0001
0100
0010
1000
0100
0010
0001
1000
0100
0010
0001
0100
0010
0100
0010
,
1000
0100
0010
0001
1000
0100
0010
0001
1000
0100
0010
0001
1000
0100
0010
0001
,
0010
0100
1000
0100
0010
0001
0010
0100
1000
0100
0010
0001
0010
0100
1000
0001
,
0010
0100
1000
0001
0010
0100
1000
0100
0010
0001
1000
0100
1001
0000
0000
0000
,
0110
0000
0000
0000
0000
0010
0001
0010
0001
0010
0001
0100
1000
0100
1000
0100
,
0010
0001
1000
0100
0010
0001
1000
0100
0010
0001
0010
0100
1000
0100
0010
0001
,
0010
0100
1000
0100
0010
0001
1000
0100
0010
0001
0010
0100
1000
0100
0010
0001
,
1000
0100
0010
0001
0100
0010
1000
0100
0010
0100
0010
0001
0010
0100
1000
0100
,
1000
0100
0010
0001
1000
0100
0010
0001
0100
0010
1000
0100
0010
0001
0100
0010
,
1000
0100
0010
0001
0100
0010
1000
0100
0010
0001
1000
0100
0010
0001
0100
0000
,
0100
0000
0100
0000
0100
0000
1000
0100
0010
0001
1000
0100
0010
0001
0010
0100
,
1000
0100
0010
0001
0010
0100
1000
0100
0010
0001
0010
0100
1000
0100
0010
0001
,
1000
0000
0000
0100
0000
0000
0010
0000
0000
0001
0000
0000
0000
0000
0000
0000
0000
0000
0000
0000
0000
0000
0000
0000
0100
0000
1000
0000
0100
0000
0000
0000
0000
0000
0000
0000
0100
0000
0000
0000
0000
0000
0100
0000
1000
0000
0100
0000
,
0000
0000
0000
0010
0000
0000
0010
0001
0010
0000
0000
0000
0100
1000
0100
0000
0000
0000
0010
0000
0000
0010
0100
1000
,
0000
0000
0000
0010
0000
0000
0010
0100
1000
0000
0000
0000
0010
0001
0010
0000
0000
0000
0100
0000
0000
0100
1000
0100
,
0000
0000
0000
0000
0000
0000
0010
0000
0000
0000
0000
0000
0010
0000
0001
0000
0000
0000
0010
0000
0000
0100
0000
0000
1000
0000
0000
0100
0000
0000
0010
0000
0000
0001
0000
0000
0010
0000
0000
0100
0000
0000
1000
0000
0000
0100
0000
0000
,
0010
0000
0000
0001
0000
0000
0010
0000
0000
0100
0000
0000
1000
0000
0000
0000
0000
0000
0000
0000
0000
0000
0000
0000
0100
0000
1000
0000
0100
0000
0000
0000
0000
0000
0000
0000
0100
0000
0000
0000
0000
0000
0100
0000
1000
0000
0100
0000
,
0000
0000
0000
0010
0000
0000
0010
0001
0010
0000
0000
0000
0100
1000
0100
0000
0000
0000
0010
0000
0000
0010
0100
1000
,
0000
0000
0000
0010
0000
0000
0010
0100
1000
0000
0000
0000
0010
0001
0010
0000
0000
0000
0100
0000
0000
0100
1000
0100
,
0000
0000
0000
0000
0000
0000
0010
0000
0000
0000
0000
0000
0010
0000
0001
0000
0000
0000
1000
0000
0000
0100
0000
0000
0010
0000
0000
0001
0000
0000
1000
0000
0000
0100
0000
0000
0010
0000
0000
0001
0000
0000
1000
0000
0000
0100
0000
0000
,
0010
0001
0100
0010
1000
0100
0010
0100
0010
0000
0001
0000
0001
0000
0001
1000
,
0001
0000
0001
0000
0001
0000
0001
1000
0001
0000
0001
1000
0001
0000
1000
0100
,
0010
0001
1000
0100
0010
0001
0100
0010
0100
0000
1000
0000
1000
0000
1000
0001
,
1000
0000
1000
0000
1000
0000
1000
0001
1000
0000
1000
0001
1000
0000
1000
0100
,
0010
0001
1000
0100
0010
0001
1000
0000
1000
0000
0100
0000
0100
0000
0010
0000
,
0010
0000
0001
0000
0001
0000
0100
0000
1000
0000
0100
0000
1000
0000
1000
0100
,
0010
0001
1000
0100
0010
0001
0100
0000
0100
0000
0010
0000
0010
0000
0100
0000
,
0100
0000
0010
0000
0010
0000
1000
0000
0001
0000
1000
0000
0001
0000
0001
0010
,
0100
1000
0001
0010
0100
1000
1100
0000
1100
0000
0011
0000
0011
0000
0110
0000
,
0110
0000
1001
0000
1001
0000
1000
0000
0100
0000
1000
0000
0100
0000
0100
0010
,
0100
0010
1000
0001
1000
0100
1001
0000
0110
0000
1001
0000
0110
0000
1100
0000
,
1100
0000
0011
0000
0011
0000
1000
0000
0100
0000
1000
0000
0100
0000
1000
0100
,
0010
0001
1000
0100
0010
0001
1100
0000
0011
0000
1100
0000
0011
0000
0011
0000
,
1100
0000
0011
0000
1100
0000
0100
0000
0010
0000
0100
0000
0010
0000
0001
0010
,
0100
1000
0001
0010
0100
1000
0001
0000
0010
0000
0100
0000
1000
0000
0001
0000
,
0010
0000
0100
0000
1000
0000
0110
0000
1001
0000
0110
0000
1001
0000
1000
0100
,
0010
0001
1000
0100
0010
0001
0010
0100
1000
0100
0010
0001
0010
0100
1000
0100
,
0010
0001
0010
0100
1000
0100
0010
0001
0010
0100
1000
0100
0010
0001
1000
0100
,
0010
0001
0100
0010
0100
0010
0100
0001
0100
0001
0100
0001
0100
0010
0100
0010
,
0100
0000
0000
0001
0000
0000
0010
0000
0000
0100
0000
0000
1000
0000
0001
0000
0010
0000
0100
0000
0000
1000
0000
0000
0100
0000
0000
0010
0000
0000
0002
0000
0000
0000
0000
0000
1000
0000
0000
0000
0000
0000
0100
0000
0000
0000
0000
0000
,
0100
1000
0100
2003
0001
0001
0001
3001
,
0001
1000
0100
0010
0001
0100
0010
0000
0010
0000
0100
0000
0100
0000
0001
0000
,
0001
0000
0010
0000
0010
0000
0100
0000
0100
0000
1000
0000
1000
0000
0001
1000
,
0100
0010
0001
1000
0100
0010
0100
0000
0100
0000
1000
0000
1000
0000
0001
0000
,
0001
0000
0010
0000
0010
0000
0100
0000
0100
0000
1000
0000
1000
0000
1000
0100
,
0010
0001
1000
0100
0010
0001
1000
0100
0010
0001
0010
0100
1000
0001
0010
0100
,
1000
0100
0010
0001
1000
0100
0010
0001
1000
0100
0010
0001
0100
0010
1000
0100
,
0010
0001
0100
0010
1000
0100
0010
0001
0010
0001
1000
0100
1000
0100
0010
0001
,
0010
0001
0100
1000
0100
1000
0001
0000
0010
0000
0100
0000
1000
0000
1000
0000
,
0100
0010
0001
0001
0010
0100
1000
1000
,
0100
0000
0010
0000
0001
0000
0001
0000
0010
0000
0100
0000
1000
0000
1000
0100
,
0010
0001
1000
0100
0010
0001
0110
0000
1001
0000
0110
0000
1001
0000
1100
0000
,
0011
0000
1100
0000
0011
0000
0110
0000
1001
0000
0110
0000
1001
0000
0001
0010
,
0100
1000
0001
0010
0100
1000
0001
0010
0100
1000
0100
0010
0001
0010
0100
1000
,
0001
0010
0100
1000
0001
0010
0100
1000
0100
0010
0001
0010
0100
1000
0001
0010
,
0100
1000
0001
0010
0100
1000
0001
0010
0100
1000
0001
0010
0100
1000
0100
0010
,
0001
1000
0100
0010
0001
0100
0010
0100
0001
0100
0010
0100
0001
0100
0010
1000
,
0100
0010
0001
1000
0100
0010
0001
0000
0001
0000
0001
0000
0001
0000
0001
0000
,
1000
1000
1000
1000
1000
0001
1000
1100
,
0000
0011
0000
2002
0000
0000
0000
0020
,
0000
0000
0000
0000
0000
0000
3003
0000
0000
0000
0000
0000
0000
0000
0000
0000
0000
0000
1030
0000
0000
0100
0000
0000
1000
0000
0000
0100
0000
0000
0010
0000
0000
0001
0000
0000
1000
0000
0000
0100
0000
0000
0010
0000
0000
0001
1000
0000
,
0100
0000
0010
0000
0001
0000
1000
0000
0000
0100
0000
0000
0010
0000
0000
0002
0000
0000
0000
0000
0000
0003
0000
0000
0000
0000
0000
0001
0000
0000
0010
0000
0000
0100
0000
0000
1000
0000
0000
0001
0000
0000
0010
0000
0000
0100
0000
0000
,
1000
0001
0010
0100
1000
0001
0010
0100
1000
0100
0010
0001
1000
0100
0010
0001
,
0010
0100
1000
0100
0010
0001
0010
0100
1000
0100
0010
0001
0010
0100
1000
0010
,
0100
0010
0100
0010
1000
0100
0020
0000
0000
0000
0000
0000
0000
0000
0130
0000
,
0000
0000
0000
1111
0000
0000
0000
0000
;
