#TITLE:ESC;
#SUBTITLE:(Super Version);
#ARTIST:Onoken;
#TITLETRANSLIT:;
#SUBTITLETRANSLIT:;
#ARTISTTRANSLIT:;
#CREDIT:;
#BANNER:esc-ba~1.png;
#BACKGROUND:esc-bg.png;
#LYRICSPATH:;
#CDTITLE:!cynic.png;
#MUSIC:esc_(super_version_edit).mp3;
#OFFSET:-0.045;
#SAMPLESTART:43.841;
#SAMPLELENGTH:11.980;
#SELECTABLE:YES;
#DISPLAYBPM:69.000:137.000;
#BPMS:0.000=137.000,31.000=274.000,32.000=136.999,39.000=274.000,40.000=136.999,47.000=273.999,48.000=136.999,55.000=273.999,56.000=136.999,63.000=273.999,64.000=68.498,96.000=136.998,160.000=68.498,191.750=299.997,191.875=279.998,192.000=259.999,192.125=239.998,192.250=219.998,192.375=199.998,192.500=179.998,192.625=159.998,192.750=139.998,192.875=119.998,193.000=99.998,193.125=89.998,193.250=79.998,193.375=69.998,193.500=59.998,193.625=49.998,193.750=39.998,193.813=29.998,193.875=19.998,193.938=6.918,194.000=136.998,257.250=34.248;
#STOPS:31.000=0.220
,39.000=0.220
,47.000=0.220
,55.000=0.220
,63.000=0.220
;
#BGCHANGES:;
// cache tags:
#FIRSTBEAT:15.750;
#LASTBEAT:262.125;
#SONGFILENAME:Songs/All Songs/Cynic - ESC (Super Version)/esc.sm;
#HASMUSIC:1;
#HASBANNER:1;
#MUSICLENGTH:152.457;
// end cache tags

//---------------dance-single - ----------------
#NOTES:
     dance-single:
     :
     Hard:
     12:
     1.000,1.000,0.603,0.315,1.000,989.000,92.000,48.000,0.000,0.000:  // measure 1
0000
0000
0000
0000
,  // measure 2
0000
0000
0000
0000
,  // measure 3
0000
0000
0000
0000
,  // measure 4
0000
0000
0000
0000
0000
0000
0000
0000
0000
0000
0000
0000
0000
0000
0000
0000
0000
0000
0000
0000
0000
0000
0000
0000
0000
0000
0000
0000
0000
0000
0100
1000
,  // measure 5
0100
0000
1000
0000
0010
0000
0100
0000
0001
0000
0000
0000
0100
0000
0010
0000
1000
0000
0001
0000
0010
0000
0100
0000
0010
0000
0001
0000
1000
0000
0010
0100
,  // measure 6
0001
0100
0001
1000
0010
0000
0100
0010
1000
0001
0010
0100
2002
0000
3003
0000
,  // measure 7
1001
0000
0100
0000
0010
0000
1000
0000
0001
0000
0000
0000
0010
0000
0100
1000
0001
0000
0100
0000
0010
0000
1000
0000
0101
0000
0000
0000
0001
0000
1000
0100
,  // measure 8
0010
0000
0001
0000
1000
0000
0100
0000
0010
0000
0001
0000
0100
0000
0010
0000
1000
0000
0010
0100
0001
0000
1000
0000
0220
0330
0000
0000
0000
0000
0000
0000
,  // measure 9
1001
0000
0100
0000
0001
0000
0100
0010
1000
0000
0100
0000
0010
0000
0100
1000
0001
0000
0100
0000
0010
0000
0100
0000
0001
0000
1000
0000
0010
0000
0100
0001
,  // measure 10
1000
0000
0001
0000
0100
0000
0010
0000
1000
0000
0001
0000
0100
0000
0010
0100
0001
0000
0010
0000
0001
0000
1000
0000
0220
0330
0000
0000
0000
0000
0000
0000
,  // measure 11
1001
0000
0010
0000
0100
0000
1000
0000
0001
0000
0100
0000
0010
0000
1000
0001
0100
0000
0010
0000
0100
0000
0001
0000
1000
0000
0100
0000
0010
0000
0001
1000
,  // measure 12
0100
0000
1000
0000
0010
0000
0100
0000
0001
0000
1000
0000
0001
0000
0100
0010
1000
0000
0001
0000
0010
0000
0100
0000
2002
3003
0000
0000
0000
0000
0000
0000
,  // measure 13
1001
0000
0010
0000
0100
0000
0001
0000
1000
0000
0000
0000
0100
0000
0010
0001
1000
0000
0010
0000
0100
0000
0001
0000
1010
0000
0000
0000
1000
0000
0001
0010
,  // measure 14
0100
0000
1000
0000
0001
0000
0010
0000
0100
0000
1000
0000
0010
0000
0100
0000
0001
0000
0100
0010
1000
0000
0001
0000
0220
0330
0000
0000
0000
0000
0000
0000
,  // measure 15
1001
0000
0010
0000
1000
0000
0010
0100
0001
0000
0010
0000
0100
0000
0010
0001
1000
0000
0010
0000
0100
0000
0010
0000
1000
0000
0001
0000
0100
0000
0010
1000
,  // measure 16
0001
0000
1000
0000
0010
0000
0100
0000
0001
0000
1000
0000
0010
0000
0100
0010
1000
0000
0100
0000
1000
0000
0001
0000
0220
0330
0000
0000
0000
0000
0000
0000
,  // measure 17
1002
0000
0100
0000
0000
0000
1000
0000
0000
0000
0010
0000
0000
0000
2003
0000
0000
0000
0100
0000
0000
0000
0001
0000
0000
0000
3010
0000
0000
0000
0100
0001
,  // measure 18
1020
0100
0000
0001
0000
1000
0000
0230
0000
1000
0000
0010
0000
0301
0000
0101
,  // measure 19
0021
0000
0100
0000
0000
0000
1000
0000
0000
0000
0001
0000
0000
0000
0230
0000
0000
0000
0001
0000
0000
0000
0010
0000
0000
0000
1300
0000
0000
0000
0100
1000
,  // measure 20
0012
1000
0000
0010
0000
0100
0000
2003
0000
0010
0000
0100
0000
3001
0000
0110
,  // measure 21
1001
0000
0001
0100
0010
0000
1000
0200
0000
0000
0001
0000
0000
0000
0320
0000
0000
0000
1000
0000
0000
0000
0100
0000
0000
0000
0031
0000
0000
0000
0010
0001
,  // measure 22
1100
0000
1000
0100
0010
0000
0001
0100
0000
0001
0100
0001
0010
0100
1000
0020
0000
0000
0100
0000
0000
0000
0001
0000
0000
0000
1030
0000
0000
0000
1010
0000
,  // measure 23
0101
0000
0100
0001
0010
0000
0100
1000
0000
0100
1000
0010
0100
0001
1000
0000
0110
0000
0100
0001
1000
0000
0100
0010
0000
0100
0010
0001
0100
0010
1000
1000
,  // measure 24
0101
0000
0100
0001
0010
0000
0001
0010
1100
0000
0100
1000
0010
0000
1000
0010
0101
0000
0001
0100
1010
0000
0010
0100
1001
0000
0001
0110
0000
1000
0110
0000
,  // measure 25
1001
0000
0010
0000
0100
0000
0001
0000
1000
0000
0100
0000
1000
0000
0001
0100
0010
0000
1000
0000
0001
0000
0100
0000
0001
0000
0010
0000
0100
0000
1000
0001
,  // measure 26
0100
0010
0100
0001
1000
0100
1000
0011
0000
1100
0001
0010
2002
0000
3003
0000
,  // measure 27
1010
0000
0100
0000
0010
0000
0001
0000
1000
0000
0010
0000
1000
0000
0001
0010
0100
0000
1000
0000
0001
0000
0010
0000
0001
0000
0100
0000
0010
0000
1000
0001
,  // measure 28
0010
0100
0010
0001
1000
0010
1000
0101
0000
1010
0001
0100
2002
0000
3003
0000
,  // measure 29
1100
0000
0010
0000
0100
0000
1000
0000
0001
0000
0100
0000
0001
0000
1000
0100
0010
0000
0001
0000
1000
0000
0100
0000
1000
0000
0010
0000
0100
0000
0001
1000
,  // measure 30
0100
0010
0100
1000
0001
0100
0001
1010
0000
0101
1000
0010
2002
0000
3003
0000
,  // measure 31
0011
0000
0100
0000
0010
0000
1000
0000
0001
0000
0010
0000
0001
0000
1000
0010
0100
0000
0001
0000
1000
0000
0010
0000
1000
0000
0100
0000
0010
0000
0001
1000
,  // measure 32
0010
0000
0100
0000
0010
0000
1000
0000
0001
0010
0001
0010
0001
0000
1000
0000
0100
0000
0010
0001
0010
0000
0001
0000
1100
0000
0000
0000
0010
0000
0010
0000
,  // measure 33
1001
0000
0100
0000
0010
0000
1000
0000
0001
0000
0010
0000
0001
0000
1000
0010
0100
0000
0001
0000
1000
0000
0010
0000
1000
0000
0100
0000
0010
0000
0001
1000
,  // measure 34
0010
0100
0010
1000
0001
0010
0001
1100
0000
0011
1000
0100
2002
0000
3003
0000
,  // measure 35
0101
0000
0010
0000
0100
0000
1000
0000
0001
0000
0100
0000
0001
0000
1000
0100
0010
0000
0001
0000
1000
0000
0100
0000
1000
0000
0010
0000
0100
0000
0001
1000
,  // measure 36
0100
0010
0100
1000
0001
0100
0001
1010
0000
0101
1000
0010
2002
0000
3003
0000
,  // measure 37
0011
0000
0100
0000
0010
0000
0001
0000
1000
0000
0010
0000
1000
0000
0001
0010
0100
0000
1000
0000
0001
0000
0010
0000
0001
0000
0100
0000
0010
0000
1000
0001
,  // measure 38
0010
0100
0010
0001
1000
0010
1000
0101
0000
1010
0001
0100
2002
0000
3003
0000
,  // measure 39
1100
0000
0010
0000
0100
0000
0001
0000
1000
0000
0100
0000
1000
0000
0001
0100
0010
0000
1000
0000
0001
0000
0100
0000
0001
0000
0010
0000
0100
0000
1000
0001
,  // measure 40
0100
0000
0010
0000
0100
0000
0001
0000
1000
0100
1000
0100
1000
0000
0001
0000
0010
0000
0100
1000
0100
0000
1000
0000
0011
0000
0000
0000
0010
0000
0010
0000
,  // measure 41
1001
0000
0100
0000
0010
0000
1000
0001
0000
1000
0001
0000
0010
0000
0100
0000
1000
0000
0010
0000
0100
0000
0001
0100
0000
0020
0000
0000
1000
0000
0000
0000
,  // measure 42
0130
0000
0001
0000
1000
0000
0100
0010
0000
0100
1000
0000
0010
0000
0100
0000
0001
0000
1000
0000
0100
0000
0010
0001
0000
0010
0100
0000
1000
0002
0000
0000
,  // measure 43
0103
0000
0010
0000
1000
0000
0001
0100
0001
0000
1000
0000
0010
0100
0000
0001
0100
0000
0001
0000
1000
0000
0100
0010
0000
0002
0000
0000
0100
0000
0000
0000
,  // measure 44
0013
0000
0100
0000
1000
0000
0001
0100
0000
0010
0100
0000
0001
0000
1000
0000
0100
0000
0010
0000
0001
0000
0100
0010
0000
1000
0100
0000
0010
0000
0001
0000
,  // measure 45
1100
0000
0010
0000
0001
0000
0100
0010
0000
1000
0010
0000
0100
0001
0010
0100
1000
0000
0100
0000
0010
0000
0001
0100
0000
0010
0100
0000
1001
0000
0000
0000
,  // measure 46
0110
0000
1000
0000
0001
0000
0100
0010
0000
1000
0100
0000
1000
0010
0100
0001
1000
0000
0001
0000
0010
0000
0100
1000
0000
0010
0100
0001
1000
0100
0000
0000
,  // measure 47
0011
0000
1000
0000
0100
0000
0010
0001
0000
0010
0001
0100
0010
0100
0001
0000
1000
0000
0100
0000
0010
0000
0100
1000
0000
0010
0100
0001
1000
0000
0010
0000
,  // measure 48
0110
0000
0100
0000
0001
0000
1000
0100
0010
0001
1000
0100
0010
0000
0001
0000
0100
0010
1000
0001
0100
0000
0001
0100
0010
0000
1000
0000
0001
0010
0200
0000
,  // measure 49
0000
0000
0000
0000
0000
0000
0000
0000
0000
0000
0000
0000
0000
0000
0000
0000
0000
0000
0000
0000
0000
0000
0000
0000
0000
0000
0000
0000
0000
0000
0000
0300
1001
0000
0000
0000
0010
0000
0000
0000
0100
0000
0000
0000
0001
0000
0000
0000
1000
0000
0000
0000
0100
0000
0000
0000
1000
0000
0000
0000
0001
0000
0100
0000
,  // measure 50
0010
0000
1000
0000
0001
0000
0100
0000
0001
0000
0010
0000
0100
0000
1000
0001
0100
0000
0010
0000
0100
0000
0001
0000
1000
0000
0100
0000
1000
0000
0011
0000
,  // measure 51
0000
0000
1100
0000
0001
0000
0010
0000
0202
0000
0000
0000
0303
0000
0000
0000
1010
0000
0100
0000
0010
0000
0001
0000
1000
0000
0010
0000
1000
0000
0001
0010
,  // measure 52
0100
0000
1000
0000
0001
0000
0010
0000
0001
0000
0100
0000
0010
0000
1000
0001
0010
0000
0100
0000
0010
0000
0001
0000
1000
0000
0010
0000
1000
0000
0101
0000
,  // measure 53
0000
0000
1010
0000
0001
0000
0100
0000
0022
0000
0000
0000
0033
0000
0000
0000
1100
0000
0010
0000
0100
0000
1000
0000
0001
0000
0100
0000
0001
0000
1000
0100
,  // measure 54
0010
0000
0001
0000
1000
0000
0100
0000
1000
0000
0010
0000
0100
0000
0001
1000
0100
0000
0010
0000
0100
0000
1000
0000
0001
0000
0100
0000
0001
0000
1010
0000
,  // measure 55
0000
0000
0101
0000
1000
0000
0010
0000
2200
0000
0000
0000
3300
0000
0000
0000
0011
0000
0100
0000
0010
0000
1000
0000
0001
0000
0010
0000
0001
0000
1000
0010
,  // measure 56
0100
0000
0001
0000
1000
0000
0010
0000
1000
0000
0100
0000
0010
0000
0001
1000
0010
0000
0100
0000
0010
0000
1000
0000
0001
0010
0001
0010
0001
0000
1000
0000
,  // measure 57
0100
0000
0010
0001
0010
0000
0001
0000
1100
0000
0000
0000
0010
0000
0010
0000
1001
0000
0100
0000
0010
0000
1000
0000
0001
0000
0010
0000
0001
0000
1000
0010
,  // measure 58
0100
0000
0001
0000
1000
0000
0010
0000
1000
0000
0100
0000
0010
0000
0001
1000
0010
0000
0100
0000
0010
0000
1000
0000
0001
0000
0010
0000
0001
0000
1100
0000
,  // measure 59
0000
0000
0011
0000
1000
0000
0100
0000
1001
0000
0100
0001
1000
0100
0010
0000
0101
0000
0010
0000
0100
0000
1000
0000
0001
0000
0100
0000
0001
0000
1000
0100
,  // measure 60
0010
0000
0001
0000
1000
0000
0100
0000
1000
0000
0010
0000
0100
0000
0001
1000
0100
0000
0010
0000
0100
0000
1000
0000
0001
0000
0100
0000
0001
0000
1010
0000
,  // measure 61
0000
0000
0101
0000
1000
0000
0010
0000
1001
0000
0010
0100
1000
0010
0100
0000
0011
0000
0100
0000
0010
0000
0001
0000
1000
0000
0010
0000
1000
0000
0001
0010
,  // measure 62
0100
0000
1000
0000
0001
0000
0010
0000
0001
0000
0100
0000
0010
0000
1000
0001
0010
0000
0100
0000
0010
0000
0001
0000
1000
0000
0010
0000
1000
0000
0101
0000
,  // measure 63
0000
0000
1010
0000
0001
0000
0100
0000
1001
0000
0010
0100
0001
1000
0010
0000
1100
0000
0010
0000
0100
0000
0001
0000
1000
0000
0100
0000
1000
0000
0001
0100
,  // measure 64
0010
0000
1000
0000
0001
0000
0100
0000
0001
0000
0010
0000
0100
0000
1000
0001
0100
0000
0010
0000
0100
0000
0001
0000
1000
0010
0100
0001
1000
0100
0010
0001
,  // measure 65
0100
0000
0000
0000
0010
0000
0100
0000
0001
0000
1000
0000
0100
0000
0010
0000
0001
0000
0100
0000
0020
0000
0000
0000
0000
0000
0000
0000
0000
0000
0000
0000
0230
0000
0000
0000
0000
0000
0000
0000
0000
0000
0000
0000
0000
0001
0000
0000
1000
0000
0000
0000
0010
0000
0000
0000
0001
0000
0000
0000
1000
0000
0000
0000
,  // measure 66
0001
0000
0000
0000
0000
0000
0000
0000
0000
0000
0000
0000
0010
0000
0000
0000
0020
0000
0000
0000
0000
0000
0000
0000
0000
0000
0000
0000
0000
0000
0000
0000
0000
0000
0000
0000
0000
0000
0000
0000
0000
0000
0000
0000
0000
0000
0000
0000
0000
0000
0000
0000
0000
0000
0000
0000
0000
0000
0000
0000
0000
0000
0000
0000
0000
0000
0000
0000
0000
0000
0000
0000
0000
0000
0000
0000
0000
0000
0000
0000
0000
0000
0000
0000
0000
0000
0000
0000
0000
0000
0000
0000
0000
0000
0000
0000
0300
0000
0000
0000
0000
0000
0030
0000
0000
0000
0000
0000
0000
0000
0000
0000
0000
0000
0000
0000
0000
0000
0000
0000
0000
0000
0000
0000
0000
0000
0000
0000
0000
0000
0000
0000
0000
0000
0000
0000
0000
0000
0000
0000
0000
0000
0000
0000
0000
0000
0000
0000
0000
0000
0000
0000
0000
0000
0000
0000
0000
0000
0000
0000
0000
0000
0000
0000
0000
0000
0000
0000
0000
0000
0000
0000
0000
0000
0000
0000
0000
0000
0000
0000
0000
0000
0000
0000
0000
0000
0000
0000
0000
0000
0000
0000
;
