#TITLE:Csikos Post;
#SUBTITLE:;
#ARTIST:Banya;
#TITLETRANSLIT:;
#SUBTITLETRANSLIT:;
#ARTISTTRANSLIT:;
#CREDIT:;
#BANNER:csikosPost.png;
#BACKGROUND:csikosPost-bg.png;
#LYRICSPATH:;
#CDTITLE:!skorTitle.png;
#MUSIC:csikosPost.mp3;
#OFFSET:-5.408;
#SAMPLESTART:29.246;
#SAMPLELENGTH:15.480;
#SELECTABLE:YES;
#BPMS:0.000=180.000;
#STOPS:;
#BGCHANGES:;
// cache tags:
#FIRSTBEAT:0.000;
#LASTBEAT:287.000;
#SONGFILENAME:Songs/All Songs/csikos post/csikosPost.sm;
#HASMUSIC:1;
#HASBANNER:1;
#MUSICLENGTH:104.341;
// end cache tags

//---------------dance-single - ----------------
#NOTES:
     dance-single:
     :
     Hard:
     11:
     1.000,1.000,1.000,0.000,0.537,618.000,274.000,0.000,0.000,0.000:  // measure 1
0011
1100
0011
0000
1010
0101
1010
0000
,  // measure 2
1010
1100
0101
0011
1001
0000
0100
0000
,  // measure 3
0101
0000
0001
1000
1010
0000
1100
0000
,  // measure 4
1001
0011
0101
0100
,  // measure 5
1010
1000
0100
0010
0011
0000
0000
0000
0101
0100
0010
1000
1010
0000
0000
0000
,  // measure 6
1001
0001
1000
0100
0110
0000
0000
0000
1010
0000
1001
0000
1100
0000
0000
0000
,  // measure 7
1001
0001
0101
0110
1010
1000
0110
0100
,  // measure 8
0101
0010
1100
0010
1001
0000
0100
0000
,  // measure 9
1001
1100
1001
1010
1001
0101
1001
0011
,  // measure 10
0110
0010
1001
1010
0101
0000
0110
0000
,  // measure 11
1100
1000
1001
1000
1010
0000
0100
0100
,  // measure 12
0101
0001
1001
0001
0011
0000
0001
0001
,  // measure 13
1000
0100
0000
0000
0000
0000
0000
0000
0110
0000
0000
0000
0011
0000
0000
0000
0110
0000
0000
0000
1100
0000
0000
0000
0110
0000
0000
0000
0000
0000
0000
0000
,  // measure 14
0001
0100
0000
0000
0000
0000
0000
0000
0110
0000
0000
0000
1010
0000
0000
0000
0110
0000
0000
0000
0011
0000
0000
0000
0110
0000
0000
0000
0000
0000
0000
0000
,  // measure 15
1100
1000
1001
1000
1010
0000
0001
0001
,  // measure 16
0101
0001
1001
0001
0011
0000
1000
1000
,  // measure 17
1001
1010
1001
0100
1001
0011
1001
0101
,  // measure 18
0110
1010
0110
0101
1001
0000
0110
0000
,  // measure 19
1010
0101
1010
0000
1100
0011
1100
0000
,  // measure 20
1001
0110
0101
1010
1001
0000
0100
0000
,  // measure 21
0110
0000
0001
1000
0110
0000
0011
0000
,  // measure 22
1100
1010
0101
0010
,  // measure 23
1100
0100
0010
0001
0011
0000
0000
0000
0101
0100
0010
1000
1010
0000
0000
0000
,  // measure 24
1001
0001
1000
0100
0110
0000
0000
0000
0011
0000
0110
0000
1100
0000
0000
0000
,  // measure 25
1001
1000
1100
0110
0011
0010
1001
1000
,  // measure 26
0110
0100
1010
0010
1001
0000
0100
0000
,  // measure 27
1001
1100
0110
0011
1001
0101
0110
1010
,  // measure 28
1001
0010
1001
0011
1100
0000
0110
0000
,  // measure 29
1001
1000
0101
0100
0011
0000
0001
0001
,  // measure 30
1001
0001
1010
0010
1100
0000
1000
1000
,  // measure 31
0001
1000
0000
0000
0000
0000
0000
0000
0110
0000
0000
0000
1010
0000
0000
0000
0101
0000
0000
0000
1001
0000
0000
0000
1100
0000
0000
0000
0000
0000
0000
0000
,  // measure 32
1000
0001
0000
0000
0000
0000
0000
0000
0110
0000
0000
0000
0011
0000
0000
0000
1100
0000
0000
0000
1001
0000
0000
0000
0101
0000
0000
0000
0000
0000
0000
0000
,  // measure 33
1100
0100
0110
0010
0011
0000
0001
0001
,  // measure 34
0101
0100
0110
0010
1010
0000
1000
1000
,  // measure 35
1001
1010
1001
0100
1001
0011
1001
0101
,  // measure 36
1010
1100
0101
0011
1001
0000
0110
0000
,  // measure 37
1000
0100
1000
0001
0010
0001
0100
0010
1000
0001
0100
0001
0010
0001
0100
0010
,  // measure 38
1000
0010
0100
0001
0010
0100
0010
0001
1000
0100
0010
0001
0100
0010
0100
0001
,  // measure 39
1000
0100
0010
0001
0010
0100
0010
0001
0100
0010
1000
0010
0100
0001
0010
0100
,  // measure 40
0010
0001
1000
0100
1000
0010
0100
0010
1000
0001
0100
0001
0010
0100
0010
0100
,  // measure 41
1000
0001
0010
0001
0100
0010
1000
0010
0100
0001
0010
0100
0010
0001
1000
0100
,  // measure 42
1000
0010
0100
0001
0100
0001
0010
0100
1000
0001
0100
0001
0010
0100
0010
0001
,  // measure 43
1000
0010
1000
0100
0010
0100
1000
0001
0010
0100
0010
0001
1000
0010
0100
0010
,  // measure 44
1000
0001
0100
0010
0100
0001
0010
0100
1000
0100
0010
0001
0100
0010
1000
0001
,  // measure 45
1000
0100
1000
0100
0010
0001
0010
0001
,  // measure 46
1000
0000
0010
0000
1000
0000
0010
0000
0100
0000
0001
0010
0100
1000
0100
0010
,  // measure 47
0001
0100
0001
0100
0010
1000
0010
1000
,  // measure 48
0001
0000
0010
0000
0001
0000
0010
0000
0100
0000
1000
0100
0010
0001
0010
0100
,  // measure 49
1000
0010
0100
0001
1000
0100
0010
0001
,  // measure 50
1000
0000
0010
0000
0100
0000
0001
0000
1000
0000
0001
0100
0010
1000
0010
0100
,  // measure 51
0001
0000
1000
0000
0100
0000
1000
0000
0001
0000
1000
0010
0001
0010
1000
0100
,  // measure 52
0010
0000
0001
0000
1000
0000
0100
0000
0010
0000
0001
0100
1000
0100
0001
0010
,  // measure 53
0110
1001
0110
1001
0011
1100
0011
1100
,  // measure 54
1010
0000
0101
0000
1010
0000
0101
0000
0110
0000
1000
0001
0100
0001
0010
0100
,  // measure 55
1100
0011
1100
0011
0101
1010
0101
1010
,  // measure 56
1001
0000
0110
0000
1001
0000
0110
0000
0101
0000
0010
1000
0001
0100
0001
0010
,  // measure 57
0110
1100
0110
1100
1001
0101
1001
0101
,  // measure 58
0110
0000
1010
0000
0110
0000
1010
0000
0110
0000
0001
1000
0100
1000
0001
0100
,  // measure 59
1001
0000
0110
0000
1001
0000
0110
0000
1001
0000
0001
1000
0010
1000
0100
1000
,  // measure 60
0110
0000
1001
0000
0110
0000
1001
0000
0110
0000
0001
1000
0001
0100
0001
0010
,  // measure 61
1001
0100
1001
0010
1001
0000
0100
0100
,  // measure 62
0110
0001
0110
1000
0110
0000
0100
0100
,  // measure 63
0010
1000
0000
0000
0000
0000
0000
0000
1001
0000
0000
0000
0110
0000
0000
0000
1010
0000
0000
0000
0101
0000
0000
0000
0011
0000
0000
0000
0000
0000
0000
0000
,  // measure 64
0010
0001
0000
0000
0000
0000
0000
0000
0110
0000
0000
0000
1001
0000
0000
0000
0011
0000
0000
0000
1100
0000
0000
0000
1010
0000
0000
0000
0000
0000
0000
0000
,  // measure 65
0011
1000
0101
1000
0011
0000
1000
1000
,  // measure 66
1010
0001
1100
0001
1010
0000
0001
0001
,  // measure 67
1001
0011
1001
0100
1010
1001
0101
1001
,  // measure 68
0110
1100
0011
0101
1010
0100
0110
0000
,  // measure 69
0110
0011
0110
0100
0110
1010
0110
0101
,  // measure 70
0011
1100
1001
0110
1100
0010
0110
0000
,  // measure 71
1001
0101
1001
0010
1001
1100
1001
0110
,  // measure 72
0101
1010
1100
0011
1001
0000
0110
0000
;
