#TITLE:Turbulence;
#SUBTITLE:(AG HI'per Mix);
#ARTIST:Aerogroove;
#TITLETRANSLIT:;
#SUBTITLETRANSLIT:;
#ARTISTTRANSLIT:;
#CREDIT:;
#BANNER:Turbulence-banner.png;
#BACKGROUND:Turbulence-Background.png;
#LYRICSPATH:;
#CDTITLE:;
#MUSIC:Turbulence (AG HI'per Mix).mp3;
#OFFSET:1.560;
#SAMPLESTART:40.017;
#SAMPLELENGTH:12.000;
#SELECTABLE:YES;
#BPMS:0.000=150.010;
#STOPS:;
#BGCHANGES:;
// cache tags:
#FIRSTBEAT:4.000;
#LASTBEAT:435.750;
#SONGFILENAME:Songs/All Songs/Turbulence (AG HI'per Mix)/Turbulence (AG HI'per Mix).sm;
#HASMUSIC:1;
#HASBANNER:1;
#MUSICLENGTH:180.877;
// end cache tags

//---------------dance-single - ----------------
#NOTES:
     dance-single:
     :
     Hard:
     10:
     0.825,1.000,1.000,0.077,0.849,794.000,236.000,14.000,0.000,1.000:
0000
0000
0000
0000
,
1001
1100
0101
0110
,
0011
1001
0110
1100
,
0101
1010
0110
0101
,
0011
1100
1001
1010
,
0110
1001
0110
1001
,
0000
0001
0010
0100
0000
1000
0100
0010
,
0000
0010
0110
1000
0000
0010
0101
0100
,
0000
0000
1000
0000
1100
0000
0001
0000
0110
0000
1100
0000
0010
0100
0010
0100
,
1001
0000
0000
0010
0000
0010
0000
0000
0101
0000
0000
0000
0000
0000
0000
0000
,
0110
0000
0000
1000
0000
1000
0000
0000
0011
0000
0000
0000
0000
0000
0000
0000
,
0101
0000
0000
0010
0000
0010
0000
0000
1100
0000
0000
0000
0000
0000
0000
0000
,
1010
0000
0000
0001
0000
0001
0000
0000
0110
0000
0000
0000
0000
0000
0000
0000
,
1100
0000
0000
0100
0000
0100
0000
0000
0101
0000
0000
0001
0000
0001
0000
0000
,
1001
0000
0000
1000
0000
1000
0000
0000
1010
0000
0000
0010
0000
0010
0000
0000
,
0011
0000
0000
0001
0000
0001
0000
0000
0101
0000
0000
0100
0000
0100
0000
0000
,
0101
0000
0000
0001
0000
0001
0000
0000
0011
0000
0010
0000
0010
0010
0010
0010
,
1001
0000
0000
0000
1000
0000
0100
0010
0000
0001
0001
0000
0110
0000
1000
1100
,
0000
0000
0000
0000
,
0011
0000
0001
0001
0000
0010
0000
0100
0010
0000
0001
0010
0000
1000
1100
0000
,
0000
0000
0000
0000
,
0110
0000
0000
0000
1000
0000
0100
1000
0000
0010
0010
0000
0100
0000
0001
0011
,
0000
0000
0000
0000
,
0011
0000
0001
0001
0000
0010
0000
1000
0100
0000
0010
0100
0000
0001
0011
0000
,
0000
0000
0000
0000
,
0110
0000
0001
0001
0000
1000
0000
0100
1000
0000
0100
0001
0000
0010
0010
0010
,
0100
0100
0000
0000
0010
0000
1000
0100
0000
0100
1000
0000
0110
0000
1000
0010
,
0010
0000
0100
0010
0000
0001
0000
0100
0010
0000
0001
0010
0000
0100
0100
0100
,
0001
0001
0000
0000
1100
0000
1000
0100
0000
0010
0001
0000
0010
0100
0010
0100
,
0220
0000
0000
0000
,
0000
0000
0000
0000
0000
0000
0000
0330
,
1000
0100
0010
0000
0001
0010
0100
0000
1000
0001
1000
0000
0001
1000
0001
0000
,
0010
0100
0010
0000
1000
0010
0100
0000
0010
0100
0001
0000
0010
0100
0010
0000
,
0100
0010
0100
0000
1000
0010
1000
0000
0100
0010
1000
0000
0100
0001
0010
0000
,
0001
0010
0001
0000
1000
0010
1000
0000
0001
0100
0001
0000
0100
1000
0010
0000
,
1001
0100
0010
0000
0100
0010
0001
0000
1000
0100
0010
0000
0010
0001
0010
0000
,
1000
0001
1000
0000
0100
0010
0100
0000
0001
1000
0001
0000
1000
0010
1000
0000
,
0100
0001
0010
0000
0100
1000
0100
0000
0001
0010
0100
0000
0010
0100
0010
0000
,
1000
0100
1000
0000
0010
0001
0100
0000
0001
0010
0100
0000
0001
0010
0100
0000
,
1000
0001
0001
0000
0100
0010
0010
0000
0100
1000
1000
0000
0001
0100
0100
0000
,
0001
0010
0010
0000
0100
1000
1000
0000
0010
1000
1000
0000
0100
0001
0001
0000
,
0100
0010
0010
0000
0001
0010
0010
0000
1000
0100
0100
0000
0010
0001
0001
0000
,
0100
0010
0010
0000
1000
0100
0100
0000
0010
0100
0100
0000
1000
0001
0001
0000
,
0011
0101
1001
0110
,
0101
0011
0101
1100
,
0110
0100
1100
1000
1001
1000
1010
0010
,
0011
0000
0001
0000
0011
0000
0010
0000
0110
0000
0110
0000
0100
0010
0100
0010
,
2002
0000
0000
0000
,
0000
0000
0000
0000
0000
0000
0000
3003
,
0011
0000
0000
0110
0000
0110
0000
0000
0011
0000
0000
1100
0000
1100
0000
0000
,
0011
0000
0000
1010
0000
1010
0000
0000
0110
0000
0000
0011
0000
0011
0000
0000
,
1010
0000
0000
1100
0000
1100
0000
0000
1100
0000
0000
0101
0000
0101
0000
0000
,
1001
0000
0000
0011
0000
0011
0000
0000
1100
0000
0000
0110
0000
0110
0000
0000
,
0101
0000
0000
1010
0000
1010
0000
0000
0110
0000
0000
1100
0000
1100
0000
0000
,
1001
0000
0000
1010
0000
1010
0000
0000
0011
0000
0000
0101
0000
0101
0000
0000
,
0011
0000
0000
0110
0000
0110
0000
0000
1100
0000
0000
0110
0000
0110
0000
0000
,
0011
0000
0000
0011
0000
0011
0000
0000
0110
0000
0000
1100
0000
1100
0000
0000
,
0011
0000
1000
0100
1000
0100
1000
0000
0110
0000
0001
1000
0001
1000
0001
0000
,
1100
0000
0001
0100
0001
0100
0001
0000
1010
0000
1000
0100
1000
0100
1000
0000
,
0011
0110
1100
0110
,
0101
0000
0101
0000
0101
0000
0101
0000
0101
1000
0100
1000
0100
1000
0100
1000
,
0110
0000
0000
0000
1000
0000
0001
0010
0000
1000
1000
0000
0100
0000
0001
0010
,
0101
0000
0010
0010
0000
0100
0000
1000
0100
0000
0010
0001
0000
0010
0010
0010
,
0100
0100
0000
0000
0110
0000
0001
0010
0000
1000
1000
0000
0100
0000
0010
0001
,
0110
0000
0001
0010
0000
0100
0000
1000
0110
0001
1000
0001
0110
1000
0001
1000
,
0011
0000
0110
0000
0110
0000
1100
1000
,
1100
0000
0110
0000
0101
0000
0110
0100
,
0101
0000
1010
0000
1100
0000
0011
0100
,
0011
0000
1100
0000
0011
0000
0011
0100
,
1001
0000
0000
0000
0110
0000
0010
0100
0000
0010
0100
0000
0110
0000
0010
0100
,
0100
0000
0010
0100
0000
0010
0000
0100
0010
0000
0100
0010
0000
0100
0100
0100
,
0010
0010
0000
0000
1001
0000
1000
0001
0000
1000
0001
0000
1001
0000
1000
0001
,
1000
0000
0001
0001
0000
1000
0000
0001
1000
0000
0001
1000
0000
0001
0001
0001
,
1000
1000
0000
0000
0101
0000
0100
0001
0000
0100
0001
0000
0101
0000
0100
0001
,
0100
0000
0100
0001
0000
0100
0000
0001
1010
0001
0010
0001
1010
0001
0010
0001
,
1010
0000
0000
1000
0000
1000
0000
0000
0010
0000
0000
0010
0000
0010
0000
0000
,
0100
0000
0000
0100
0000
0100
0000
0000
0001
0000
0000
0001
0000
0001
0000
0000
,
0100
0000
0000
0100
0000
0100
0000
0000
0010
0000
0000
0010
0000
0010
0000
0000
,
1000
0000
0000
1000
0000
1000
0000
0000
0001
0000
0000
0001
0000
0001
0000
0000
,
0110
0000
0000
0010
0000
0010
0000
0000
1100
0000
0000
0100
0000
0100
0000
0000
,
0101
0000
0000
0010
0000
0010
0000
0000
0011
0000
0000
1000
0000
1000
0000
0000
,
0011
0000
0000
0100
0000
0100
0000
0000
1010
0000
0000
0001
0000
0001
0000
0000
,
0011
0000
0000
0010
0000
0010
0000
0000
0110
0000
0000
0100
0000
0100
0000
0000
,
1100
0000
0000
1000
0000
1000
0000
0000
0010
0000
0000
0010
0000
0010
0000
0000
,
1100
0000
0000
0001
0000
0001
0000
0000
0110
0000
0000
0001
0000
0001
0000
0000
,
1010
1010
0101
0101
,
0110
0000
0110
0000
0110
0000
0110
0000
0010
0100
0010
0100
0010
0100
0010
0100
,
0011
0100
1000
0000
0110
1000
0001
0000
0101
1000
0100
0000
1100
0001
0100
0000
,
1010
0001
0100
0000
1001
0010
0001
0000
0110
1000
0001
0000
0011
0100
0001
0000
,
1100
0001
0010
0000
0101
0010
0100
0000
1010
0001
0010
0000
1100
0010
0001
0000
,
1001
0010
0100
0000
0011
0100
1000
0000
0101
0010
0001
0000
1100
0010
1000
0000
,
0101
1000
0100
0000
0011
0100
0001
0000
1001
0100
1000
0000
0101
0010
0001
0000
,
1010
0001
0010
0000
1100
0010
0100
0000
0101
1000
0100
1000
0101
1000
0100
1000
,
0011
0100
0010
0000
1100
0010
0100
0000
0101
0010
0100
0000
1001
0100
0010
0000
,
1100
0001
0010
0000
0101
0010
0100
0000
1001
0100
1000
0000
0011
0100
0010
0000
,
1100
0010
0001
0000
1001
0100
0001
0000
0101
0010
1000
0000
1100
0010
0100
0000
,
1001
0010
1000
0000
0011
0100
1000
0000
1100
0010
0001
0000
1001
0010
1000
0000
,
1001
0110
1010
0101
,
0011
0000
0000
0000
1100
0000
0000
0000
1001
0010
0001
0010
1001
0010
0001
0010
,
2000
0000
3200
0000
,
0320
0000
2030
0000
,
3200
0000
2300
0000
,
3020
0000
0230
0000
,
0322
0000
0000
0000
,
0000
0000
0000
0000
,
0000
0000
0000
0000
,
0000
0000
0000
0000
0000
0000
0000
0033
,
1100
0010
0000
0000
0001
0000
0010
0100
0000
1000
1000
0000
0001
0000
1000
1000
,
1100
0000
0010
0100
0000
0001
0000
0010
0001
0000
1000
0100
0000
0001
0001
1001
;
