#TITLE:Fuego;
#SUBTITLE:(Caliente Mix);
#ARTIST:bond;
#TITLETRANSLIT:;
#SUBTITLETRANSLIT:;
#ARTISTTRANSLIT:;
#CREDIT:;
#BANNER:fuegocalientemix.png;
#BACKGROUND:fuegocalientemix-bg.png;
#LYRICSPATH:;
#CDTITLE:!foobyTitle.png;
#MUSIC:fuegocalientemix.mp3;
#OFFSET:0.000;
#SAMPLESTART:34.500;
#SAMPLELENGTH:12.000;
#SELECTABLE:YES;
#BPMS:0.000=132.000;
#STOPS:;
#BGCHANGES:;
// cache tags:
#FIRSTBEAT:16.000;
#LASTBEAT:290.000;
#SONGFILENAME:Songs/All Songs/Fuego (Caliente Mix)/fuegocalientemix.sm;
#HASMUSIC:1;
#HASBANNER:1;
#MUSICLENGTH:134.275;
// end cache tags

//---------------dance-single - ----------------
#NOTES:
     dance-single:
     :
     Hard:
     11:
     1.000,1.000,1.000,0.000,1.000,832.000,138.000,0.000,0.000,0.000:  // measure 1
0000
0000
0000
0000
,  // measure 2
0000
0000
0000
0000
,  // measure 3
0000
0000
0000
0000
,  // measure 4
0000
0000
0000
0000
,  // measure 5
0001
1000
0001
1000
0001
0100
0001
0100
,  // measure 6
1000
0001
1000
0001
1000
0100
1000
0100
,  // measure 7
1000
0010
1000
0010
1000
0001
1000
0010
0100
0000
0010
1000
0100
0000
0000
0000
,  // measure 8
0001
1000
0001
1000
0001
0000
0000
0000
0100
0000
0010
1000
0100
0000
0000
0000
,  // measure 9
0001
0010
0001
0010
0001
1000
0001
0010
0100
0000
0000
0000
0010
0000
0000
0000
,  // measure 10
0001
0100
0001
0100
0001
0000
0000
0000
1000
0000
0000
0000
0100
0000
0000
0000
,  // measure 11
1000
0010
1000
0010
1000
0001
1000
0010
0100
0000
0000
0000
0010
0000
1000
0100
,  // measure 12
1000
0000
0000
0000
0001
0000
0010
0000
1000
0100
1000
0000
1000
0000
0000
0000
,  // measure 13
0001
0010
0001
0010
0001
1000
0001
0010
0100
0000
0000
0000
0010
0000
0001
0100
,  // measure 14
0001
0000
0000
0000
1000
0000
0010
0000
0001
0100
0001
0000
0001
0000
0000
0000
,  // measure 15
0010
1000
0010
1000
0010
1000
0010
1000
0010
1000
0010
1000
0010
0000
0100
0010
,  // measure 16
1000
0001
1000
0001
1000
0001
1000
0001
1000
0001
1000
0001
1000
0000
0010
1000
,  // measure 17
0001
0100
0001
0100
0001
0100
0001
0100
0001
0100
0001
0100
0001
0000
0000
0000
,  // measure 18
1000
0100
0010
0001
1000
0100
0010
0001
1000
0100
0010
0001
1000
0100
0010
0001
,  // measure 19
1000
0010
0000
0100
0001
0000
0000
0000
1001
0000
0000
0000
0000
0000
0000
0000
,  // measure 20
0010
1000
0010
1000
0101
1000
0101
1000
0010
0001
0010
0001
1100
0001
1100
0001
,  // measure 21
0010
0001
0100
0001
1100
0010
0101
0010
0100
0000
0000
0000
0000
0000
0000
0000
,  // measure 22
0010
0001
0010
0001
1100
0001
1100
0001
0010
1000
0010
1000
0101
1000
0101
1000
,  // measure 23
0010
1000
0100
1000
0101
0010
1100
0010
0100
0000
0000
0000
0000
0010
0001
0100
,  // measure 24
0010
1000
0001
1000
0110
0001
0110
0001
0110
0000
0000
0000
0000
0010
0001
0100
,  // measure 25
0010
1000
0001
1000
0110
0001
0110
0001
0110
0000
0000
0000
1001
0000
0000
0000
,  // measure 26
0110
0001
1000
0001
0110
0001
1000
0001
0110
0001
1000
0001
0110
0001
1000
0001
,  // measure 27
0110
0001
1000
0010
0100
0001
1000
0001
0100
0010
1000
0100
0010
0001
1000
0001
,  // measure 28
0010
0100
1000
0100
0011
1000
0011
1000
0011
0000
1000
0100
0010
0000
1001
0000
,  // measure 29
0010
0100
0001
0100
1010
0001
1010
0001
1010
0000
0001
0100
0010
0000
1000
0100
,  // measure 30
0001
0000
1000
0100
0001
0000
1000
0100
0001
0000
1000
0100
0001
0000
0110
0000
,  // measure 31
0001
0010
0100
1000
0001
0010
0100
1000
0100
0000
0000
0000
0011
0000
0000
0000
,  // measure 32
0100
0010
1000
0010
0101
1000
0101
1000
0101
0000
1000
0010
0100
0000
1001
0000
,  // measure 33
0100
0010
0001
0010
1100
0001
1100
0001
1100
0000
0001
0010
0100
0000
0010
0001
,  // measure 34
1100
0000
0010
0001
1100
0000
0010
0001
1100
0000
0010
0001
1100
0000
1001
0000
,  // measure 35
1001
0001
0010
1000
1001
0001
0010
1000
1001
0001
0010
1000
1001
0001
0010
0000
,  // measure 36
0010
1000
0001
0100
0010
1000
0001
0100
0110
0000
0000
0000
0000
0000
0000
0000
,  // measure 37
0000
0011
0000
0101
0000
1100
0000
1010
,  // measure 38
0000
1100
0000
0101
0000
0011
0000
1001
,  // measure 39
0000
0110
0000
0101
0000
1100
0000
0010
,  // measure 40
0001
1000
0001
0000
0100
0010
0000
0010
0000
0000
0000
0000
0000
0000
0000
0000
,  // measure 41
1010
0001
0100
0001
1000
0001
0100
0001
0110
0001
1000
0001
0100
0010
0100
0001
,  // measure 42
1000
0100
1000
0010
0101
1000
0101
0010
0101
0000
0000
1001
0000
0000
1010
0000
,  // measure 43
0011
1000
0100
1000
0001
1000
0100
1000
0110
1000
0001
1000
0100
0010
0100
1000
,  // measure 44
0001
0100
0001
0010
1100
0001
1100
0010
1100
0000
0000
1001
0000
0000
0011
0000
,  // measure 45
1000
0010
1000
0010
1000
0001
1000
0101
1100
0000
0000
0000
0000
1000
0100
0001
,  // measure 46
1000
0010
1000
0010
1000
0001
1000
0101
1100
0000
0000
0000
0110
0000
0000
0000
,  // measure 47
1001
0100
0010
0100
1001
0100
0010
0100
1001
0100
0010
0100
1001
0100
0010
0100
,  // measure 48
1001
0100
0010
0001
1000
0001
0010
0100
1000
0010
0100
0010
1000
0001
0100
0010
,  // measure 49
1000
0100
1000
0010
1000
0100
1000
0010
1000
0100
1000
0010
1000
0100
1000
0010
,  // measure 50
1000
0100
1000
0010
1000
0100
1000
0010
1000
0100
1000
0010
1000
0100
1000
0010
,  // measure 51
1000
0000
0000
0010
0000
0000
1000
0000
0000
0100
0000
0000
1000
0000
0000
0010
0000
0000
1000
0000
0000
0100
0000
0000
1000
0000
0000
0010
0000
0000
1000
0000
0000
0100
0000
0000
1000
0000
0000
0100
0000
0000
1000
0000
0010
0000
1000
0000
,  // measure 52
0000
0000
0001
1000
0001
0000
1000
0001
0000
0000
0101
0000
0000
0000
0000
0000
,  // measure 53
0010
0001
0100
1000
0100
0001
0010
1000
0010
0000
0000
0000
0001
0000
0000
0000
,  // measure 54
0010
0001
0100
1000
0100
0001
0010
1000
0010
0000
0000
0000
0001
0000
1000
0010
,  // measure 55
0100
0000
1000
0010
0100
0000
1000
0100
0001
0000
1000
0100
0001
0000
0010
0001
,  // measure 56
0100
0000
0010
0001
0100
0000
0001
0000
1000
0000
0000
0000
1001
0000
0000
0000
,  // measure 57
0100
0001
0100
0001
1010
0001
1010
0001
0100
1000
0100
1000
0011
1000
0011
1000
,  // measure 58
0100
1000
0010
1000
0011
0100
1010
0100
1001
0000
0000
0110
0000
0000
0011
0000
,  // measure 59
0100
1000
0100
1000
0011
1000
0011
1000
0100
0001
0100
0001
1010
0001
1010
0001
,  // measure 60
0100
0001
0010
0001
1010
0100
0011
0100
1001
0000
0000
0110
0000
0000
1010
0000
,  // measure 61
0100
0001
1000
0001
0110
1000
0110
1000
0110
0000
0001
1000
0001
0100
1000
0010
,  // measure 62
0100
0001
1000
0001
0110
1000
0110
1000
0110
0000
0001
1000
0001
0000
1001
0000
,  // measure 63
0011
1000
0011
1000
0011
1000
0011
1000
0011
1000
0011
1000
0011
1000
0011
1000
,  // measure 64
0001
0010
0100
1000
0001
0100
0010
1000
0001
0010
0100
1000
0001
0100
0010
1000
,  // measure 65
0110
0000
0001
1000
0110
0000
0001
1000
0110
0000
0001
1000
0110
0000
1001
0000
,  // measure 66
0101
0000
0010
1000
0101
0000
0010
1000
0101
0000
0010
1000
0101
0000
1001
0000
,  // measure 67
0011
0000
1000
0100
0011
0000
1000
0100
0011
0000
1000
0100
0011
0000
1100
0000
,  // measure 68
1000
0001
0100
0001
0010
0001
0100
0001
1000
0001
0100
0001
0010
0001
0100
0001
,  // measure 69
0010
0001
1000
0100
0010
0001
1000
0100
1000
0010
0001
0100
1000
0010
0001
0100
,  // measure 70
1000
0001
1000
0001
1000
0001
1000
0001
1000
0001
1000
0001
1000
0001
1000
0001
1000
0001
1000
0000
0000
0000
0000
0000
,  // measure 71
0010
1000
0010
1000
0010
1000
0010
1000
0010
1000
0010
1000
0010
1000
0010
1000
0010
1000
0010
0000
0000
0000
0000
0000
,  // measure 72
1000
0010
0100
0001
1000
0010
0100
0001
1000
0010
0100
0001
1000
0010
0100
0001
,  // measure 73
1100
0000
0000
0000
0000
0000
0001
1000
1001
0000
0000
0000
0000
0000
0000
0000
;
