#TITLE:Disconnected Hyper;
#SUBTITLE:;
#ARTIST:Inspector K;
#TITLETRANSLIT:;
#SUBTITLETRANSLIT:;
#ARTISTTRANSLIT:;
#CREDIT:;
#BANNER:disconnectedbanner.png;
#BACKGROUND:disconnectedBG.png;
#LYRICSPATH:;
#CDTITLE:!sq3rtitle.png;
#MUSIC:Disconnected Hyper.mp3;
#OFFSET:-0.022;
#SAMPLESTART:68.891;
#SAMPLELENGTH:9.000;
#SELECTABLE:YES;
#BPMS:0.000=194.860,191.000=97.430,207.000=194.860,220.000=97.430,222.000=194.860,234.000=97.430,236.000=194.860,248.000=97.430,250.000=194.860,266.000=97.440,270.000=194.800;
#STOPS:91.500=0.040
;
#BGCHANGES:;
// cache tags:
#FIRSTBEAT:16.000;
#LASTBEAT:367.000;
#SONGFILENAME:Songs/All Songs/Sq3r - Disconnected Hyper/Disconnected.sm;
#HASMUSIC:1;
#HASBANNER:1;
#MUSICLENGTH:123.044;
// end cache tags

//---------------dance-single - ----------------
#NOTES:
     dance-single:
     :
     Hard:
     11:
     1.000,1.000,1.000,0.366,0.626,759.000,167.000,45.000,0.000,0.000:  // measure 1
0000
0000
0000
0000
,  // measure 2
0000
0000
0000
0000
,  // measure 3
0000
0000
0000
0000
,  // measure 4
0000
0000
0000
0000
,  // measure 5
2010
3010
0012
0013
0100
0000
0000
0000
,  // measure 6
2100
3100
0012
0103
0000
0100
0000
0102
,  // measure 7
0103
0000
0000
0000
,  // measure 8
0000
0000
0000
0000
,  // measure 9
1010
1000
0010
1000
0001
0100
0010
0001
,  // measure 10
1000
1000
1000
0001
0010
0010
0010
1000
,  // measure 11
1001
0100
0010
0000
1001
0000
1000
0000
0001
0000
0010
0000
0100
0000
0110
0000
,  // measure 12
0000
0110
1000
0000
0110
0110
0110
0000
,  // measure 13
0001
0010
0001
0000
1000
0000
0010
0000
0100
0000
0010
0000
0100
0000
0010
0000
,  // measure 14
1000
1000
1000
0100
0001
0001
0001
1000
,  // measure 15
1001
0010
0100
0000
1001
0000
1000
0000
0001
0000
0010
0000
0010
0000
0110
0000
,  // measure 16
0000
0110
0001
0010
1100
1100
1100
0000
,  // measure 17
0100
0010
0001
0000
1000
0000
0001
0000
1000
0000
0010
0000
0100
0000
0010
0000
,  // measure 18
0100
0100
0100
1000
0010
0010
0010
1000
,  // measure 19
1001
0010
0100
0000
1001
0000
1000
0000
0010
0000
0100
0000
0100
0000
0110
0000
,  // measure 20
0000
0110
1000
0001
0101
0101
0101
0000
,  // measure 21
1000
0100
0010
0000
1000
0000
0001
0000
1000
0000
0001
0000
0100
0000
0010
0000
,  // measure 22
0001
0001
0001
0100
0010
0010
0010
1000
,  // measure 23
1001
0010
0100
0000
1001
0000
1000
0000
1000
0000
0001
0000
0001
0000
0110
0000
,  // measure 24
0000
0110
0010
0010
1001
1001
1001
0000
,  // measure 25
2010
0000
3010
0100
0012
1003
0110
0001
,  // measure 26
2100
0000
3100
0010
0102
0000
0013
0100
,  // measure 27
2100
3000
0100
0010
1001
0000
1000
1001
,  // measure 28
1001
0000
0001
1000
0001
0000
0100
0000
0110
0000
0000
0000
1001
0000
0000
0000
,  // measure 29
1020
0000
1030
0001
0021
0031
1001
0010
,  // measure 30
1200
0000
0301
1000
0201
0000
0302
1003
,  // measure 31
1200
0300
0001
1000
1001
0000
0100
0110
,  // measure 32
0110
0000
0010
0100
0010
0000
1000
0000
1001
0000
0000
0000
0110
0000
0000
0000
,  // measure 33
1000
0100
1000
0000
1000
0100
1000
0000
1000
0100
1000
0000
1000
0000
1000
0000
,  // measure 34
0010
0000
0010
0100
0010
0000
0010
0000
0010
0000
0100
0010
0100
0000
0100
0000
,  // measure 35
0001
0010
0001
0000
0001
0010
0001
0000
0001
0010
0001
0000
0001
0000
0001
0000
,  // measure 36
1000
0000
1000
0100
1000
0000
0001
0000
0001
0000
0001
0100
0001
0000
0001
0000
,  // measure 37
0001
0100
0001
0000
0001
0100
0001
0000
0001
0100
0001
0000
1000
0000
1000
0000
,  // measure 38
1000
0000
0001
0100
0001
0000
0001
0000
0100
0000
0100
0010
0100
0000
0100
0000
,  // measure 39
0100
1001
1001
0010
0100
0010
0110
0100
,  // measure 40
0110
0000
1000
0100
0010
0000
0001
0010
0100
0000
1000
0100
0010
0000
0000
0000
,  // measure 41
0100
0010
0100
0000
0100
0010
0100
0000
0100
0010
0100
0000
0100
0000
0100
0000
,  // measure 42
0001
0001
0001
0001
0001
0100
0100
0100
,  // measure 43
1000
0001
1000
0000
1000
0001
1000
0000
1000
0001
1000
0000
1000
0000
1000
0000
,  // measure 44
1000
0000
0100
0000
0100
0010
0100
0000
0010
0100
0010
0000
0001
0000
0001
0000
,  // measure 45
0010
0100
0010
0000
0010
0100
0010
0000
0010
0100
0010
0000
0001
0000
0001
0000
,  // measure 46
0001
0001
1000
1000
0100
0100
0100
0100
,  // measure 47
0100
1000
0100
1000
0100
0000
0010
0000
0100
0000
0010
0000
0001
0010
0001
0000
,  // measure 48
1000
0100
1000
0100
0010
0001
1000
0000
1000
0001
0010
0000
0110
0010
0001
0001
,  // measure 49
1000
0000
0100
0000
0102
0000
0000
0000
0100
0000
0103
0000
0120
0000
0030
0000
0210
0000
0300
0000
0120
0000
0030
0000
1001
0000
1000
0000
1000
0000
0000
0010
,  // measure 50
0000
0000
0000
0100
0000
0010
0000
0000
0000
0000
0010
0000
0000
0000
0000
0001
0000
0000
2001
0000
0000
3000
0000
0000
1002
0000
0000
0003
0000
0000
2001
0000
0000
3001
0000
0000
0001
0000
0000
0100
0000
0000
0001
0000
0000
1000
0000
0000
,  // measure 51
1000
0000
0001
0000
0101
0000
0000
0000
0000
0000
0000
0000
1200
0000
0300
0000
0201
0000
0300
0000
1000
0010
0100
0001
1000
0000
1000
0000
1001
0000
0000
0001
,  // measure 52
0000
0000
0000
0001
0000
0100
0000
0000
0000
0000
0100
0000
1000
0000
0000
1000
0000
0000
0012
0000
0000
0003
0000
0000
1002
0000
0000
0003
0000
0000
0012
0000
0000
0003
0000
0000
0000
0000
0000
0000
0000
0000
0000
0000
0000
0000
0000
0000
,  // measure 53
1001
0000
1001
0000
0010
0010
0010
0100
,  // measure 54
0100
0000
0100
0010
1001
0000
0000
0000
1001
0000
0010
0100
0010
0000
0110
0000
,  // measure 55
1001
0000
0110
0000
0110
0010
1010
0001
,  // measure 56
2001
0001
0001
0001
0001
0001
3001
0000
1001
0000
0000
0000
1001
0000
0000
0000
,  // measure 57
0100
0000
0100
0000
0100
0000
0010
0000
0010
0000
0010
0100
1001
0000
0000
0000
,  // measure 58
1001
0000
0100
0010
0100
0000
0110
0000
1001
0000
0000
0000
0110
0000
0000
0000
,  // measure 59
0110
0000
0100
0000
0001
0010
0001
0100
1002
1000
1000
1000
1000
1000
0103
0100
,  // measure 60
1001
0000
1001
0000
0010
0010
0010
0100
,  // measure 61
0100
0000
0100
0010
1001
0000
0000
0000
1001
0000
0010
0100
0010
0000
0110
0000
,  // measure 62
1001
0000
0110
0000
0110
0010
1010
0001
,  // measure 63
2001
0001
0001
0001
0001
0001
3001
0000
1001
0000
0000
0000
1001
0000
0000
0000
,  // measure 64
0100
0000
0100
0000
0100
0000
0010
0000
0010
0000
0010
0100
1001
0000
0000
0000
,  // measure 65
1001
0000
0100
0010
0100
0000
0110
0000
1001
0000
0000
0000
0110
0000
0000
0000
,  // measure 66
0110
0000
0100
0000
0010
0001
0100
0010
1001
0000
0010
0100
0010
0000
0100
0000
,  // measure 67
1001
0000
0100
0010
1001
0000
0000
0000
2010
0000
0000
0000
0000
0000
0000
0000
,  // measure 68
0000
0000
0000
0000
0010
0010
3010
0001
0101
0000
0001
0100
0001
0000
0001
1000
,  // measure 69
0001
0000
0001
0010
0001
0000
0001
0100
0010
1000
0010
0000
0010
0100
0010
0000
,  // measure 70
0010
1000
0010
0000
1001
0000
0010
0100
0010
0000
0100
0001
0100
0000
0010
0100
,  // measure 71
0010
0000
1100
0000
0011
0000
1100
0000
1000
0100
0010
0100
1000
0001
0010
0100
,  // measure 72
0010
0001
0010
0100
1000
0000
0000
0000
1010
0000
1000
0010
1000
0000
1000
0001
,  // measure 73
1000
0000
1000
0100
1000
0000
1000
0010
0100
0001
0100
0000
0100
0010
0100
0000
,  // measure 74
0100
0001
0100
0000
1001
0000
0100
0010
0100
0000
0010
1000
0010
0000
0100
0010
,  // measure 75
0100
0000
0011
0000
1100
0000
0011
0000
0001
0010
0100
1000
0001
1000
0100
0010
,  // measure 76
0001
1000
0100
0010
0001
0000
0000
0000
0011
0000
0100
1000
0100
0000
0100
0010
,  // measure 77
0100
0000
0100
1000
0100
0000
0100
0010
0100
0010
0001
0000
0001
0010
0100
0000
,  // measure 78
0010
0100
1000
0000
1001
0000
0010
0001
0010
0000
0100
0010
0100
0000
0010
0001
,  // measure 79
0010
0000
0101
0000
1010
0000
0101
0000
0001
0010
0001
1000
0100
0010
0001
0010
,  // measure 80
0100
0010
0001
1000
0001
0000
0000
0000
1100
0000
0010
0001
0010
0000
0010
0100
,  // measure 81
0010
0000
0010
0001
0010
0000
0010
0100
0010
0100
1000
0000
1000
0100
0010
0000
,  // measure 82
0100
0010
0001
0000
1001
0000
0100
1000
0100
0000
0010
0100
0010
0000
0100
1000
,  // measure 83
0100
1010
0101
1010
1100
0011
1100
0110
,  // measure 84
1001
0110
1001
0000
0102
0000
0103
1000
,  // measure 85
0120
0130
1100
0010
1002
0000
1003
0100
,  // measure 86
1020
0000
0130
1000
1002
0003
1000
0100
,  // measure 87
0011
0000
0000
0000
0001
0000
0011
0000
0011
0000
0010
0001
0010
0000
1000
0000
,  // measure 88
1100
0000
0011
0000
0201
0000
0301
0010
,  // measure 89
0210
0310
0011
0100
2001
0000
3010
0001
,  // measure 90
2010
0000
3020
0031
2001
3000
0010
0001
,  // measure 91
0011
0000
0000
0000
1000
0000
1100
0000
1100
0000
0100
1000
0100
0000
0001
0000
,  // measure 92
0011
1001
0220
0330
;
