#TITLE:Daft;
#SUBTITLE:;
#ARTIST:mutagene;
#TITLETRANSLIT:;
#SUBTITLETRANSLIT:;
#ARTISTTRANSLIT:;
#CREDIT:;
#BANNER:d.png;
#BACKGROUND:d.bg.JPG;
#LYRICSPATH:;
#CDTITLE:!kamoaTitle.png;
#MUSIC:Killing_Game_Show_Daft_OC_ReMix.mp3;
#OFFSET:-0.750;
#SAMPLESTART:46.838;
#SAMPLELENGTH:12.000;
#SELECTABLE:YES;
#BPMS:0.000=130.000;
#STOPS:;
#BGCHANGES:;
// cache tags:
#FIRSTBEAT:0.000;
#LASTBEAT:384.250;
#SONGFILENAME:Songs/All Songs/Kamoa Han Senzui - Daft/d.sm;
#HASMUSIC:1;
#HASBANNER:1;
#MUSICLENGTH:189.805;
// end cache tags

//---------------dance-single - ----------------
#NOTES:
     dance-single:
     :
     Hard:
     11:
     0.820,0.860,0.327,0.137,0.938,1001.000,62.000,26.000,0.000,0.000:  // measure 1
0010
0000
0000
0010
0000
0000
0020
0000
,  // measure 2
0000
0000
0000
0000
0031
1000
0010
0000
,  // measure 3
0010
0000
0000
0000
,  // measure 4
0010
0000
0010
0000
0010
0100
1000
0001
,  // measure 5
0010
0000
0000
0010
0000
0000
0020
0000
,  // measure 6
0000
0000
0000
0000
0031
1000
0010
0000
,  // measure 7
0010
0000
0000
0000
,  // measure 8
0100
1000
0010
1000
0001
1000
0020
0000
,  // measure 9
1030
0100
0001
0100
0010
0100
0001
0020
0000
1030
0001
1000
0010
1000
0001
1000
,  // measure 10
0100
0010
0001
0100
0001
0010
0001
1000
0100
0001
0010
0001
0100
0001
1000
0100
,  // measure 11
0001
1000
0010
1000
0100
1000
0001
0020
0000
0130
0001
0100
1000
0100
0010
0100
,  // measure 12
0001
0100
0010
0100
1000
0100
0010
0200
0000
1300
0010
1000
0001
1000
0010
1000
,  // measure 13
0001
0100
0010
0100
0001
0100
1000
0020
0000
0031
1000
0001
0010
0001
0100
0001
,  // measure 14
0010
0100
0001
0100
0010
0100
1000
0100
0001
0100
0010
0100
0001
0100
0010
0100
,  // measure 15
0001
0100
1000
0100
0001
0100
0010
0200
0000
0310
0001
0010
0100
0010
1000
0010
,  // measure 16
0100
0010
0001
0010
1000
0010
0100
0002
0000
1003
0010
1000
0100
1000
0001
1000
,  // measure 17
0011
0011
0110
0011
0000
0000
0000
0000
,  // measure 18
0011
0011
0110
0011
0000
0000
0000
0000
,  // measure 19
0101
0101
1010
0101
0000
0000
0000
0000
,  // measure 20
0101
0101
1010
0101
0110
0000
1001
0000
,  // measure 21
0011
0011
0110
0011
0000
0000
0000
0000
,  // measure 22
0011
0011
0110
0011
0000
0000
0000
0000
,  // measure 23
0101
0101
1010
0101
0000
0000
0000
0000
,  // measure 24
0101
0101
1010
0101
1100
0000
0011
0000
,  // measure 25
0010
0100
0010
0001
0100
0001
0010
0100
0010
1000
0200
0000
0310
0000
1000
0000
,  // measure 26
1000
0100
0010
0001
1000
0010
0100
0001
0010
0100
1000
0100
0010
0001
0010
0100
,  // measure 27
1000
0010
0100
0001
0010
0001
0100
0010
0100
0001
2000
0000
3010
0000
0100
0000
,  // measure 28
0001
0010
0100
1000
0001
0100
0010
1000
0100
0010
0001
0010
0100
0010
0100
0001
,  // measure 29
1010
0100
0001
1010
0001
0100
1010
0001
,  // measure 30
0010
0001
1000
0110
0011
0100
0101
0100
,  // measure 31
0100
0000
0011
0000
0100
0000
0010
0000
0100
1010
0100
0000
0001
0000
0100
0000
,  // measure 32
0010
0000
1100
0000
0010
0000
0001
0000
0100
0011
0100
0000
1000
0000
0001
0000
,  // measure 33
1000
0100
0010
1000
0100
0010
1000
0100
0010
1000
0100
0010
1000
0100
0010
1000
,  // measure 34
0100
0010
1000
0100
0010
1000
0100
0010
1000
0100
0010
1000
0001
0010
0100
0001
,  // measure 35
0010
0001
0010
0100
0001
0010
0100
0001
0010
0100
0001
0010
0100
0001
0010
0100
,  // measure 36
0001
0010
0100
0001
0010
0100
0001
0010
0100
0001
0010
1000
0100
0010
0100
0001
,  // measure 37
0010
0100
0010
0100
1000
0010
0100
1000
0010
0100
1000
0010
0100
1000
0010
0100
,  // measure 38
1000
0010
0100
1000
0010
0100
1000
0010
0100
1000
0010
0001
0100
0001
0010
0100
,  // measure 39
0010
1000
0100
0010
0001
0100
0010
0001
0100
0010
0001
0100
0010
0001
0100
0010
,  // measure 40
0001
0100
0010
0001
0100
0010
0001
0100
0010
0001
0100
0010
1000
0010
0100
0001
,  // measure 41
0010
1000
0001
1000
0100
1000
0010
2000
0000
3001
0010
0001
0100
0001
1000
0001
,  // measure 42
0100
0010
1000
0010
0100
0010
0001
0010
1000
0010
0100
0010
0001
0010
1000
0010
,  // measure 43
0100
0010
0001
0010
0100
0010
0001
2000
0000
3001
0010
0001
0100
0001
1000
0001
,  // measure 44
0100
0010
1000
0010
0001
0010
1000
0020
0000
1030
0100
1000
0010
1000
0001
1000
,  // measure 45
0010
1000
0100
1000
0010
1000
0001
2000
0000
3010
0100
0010
1000
0010
0001
0010
,  // measure 46
0100
0010
1000
0010
0001
0010
1000
0010
0100
0010
1000
0010
0001
0010
1000
0010
,  // measure 47
0100
0010
1000
0010
0001
0010
1000
0020
0000
0031
0100
0001
0010
0001
0100
0001
,  // measure 48
1000
0010
1100
0000
0010
0000
0101
0000
0010
0000
1100
0000
0010
0000
0101
0000
,  // measure 49
1001
0010
1000
0010
0100
0010
0001
2000
0000
3100
0001
0100
0010
0100
0001
0100
,  // measure 50
1000
0100
0010
0100
0001
0100
1000
0020
0000
1030
0001
1000
0010
1000
0100
1000
,  // measure 51
0010
1000
0001
1000
0001
1000
0010
0200
0000
0301
0010
0001
0100
0001
1000
0001
,  // measure 52
0100
0001
0010
0001
1000
0001
0100
0002
0000
0013
1000
0010
0100
0010
0001
0010
,  // measure 53
1000
0010
0100
0010
1000
0010
0001
0020
0000
0031
0010
0001
0100
0001
1000
0001
,  // measure 54
0100
0001
0010
0001
0100
0001
1000
0002
0000
0013
1000
0010
0100
0010
0001
0010
,  // measure 55
1000
0010
0100
0010
1000
0010
0001
0020
0000
1030
0100
1000
0010
1000
0001
1000
,  // measure 56
0010
1000
0001
1000
0100
1000
0010
2000
0000
3100
0010
0100
0001
0100
1000
0100
,  // measure 57
1000
0010
1000
0001
1000
0010
1000
0100
,  // measure 58
1000
0000
0010
0000
1000
0000
0001
0000
0010
0100
0001
1000
0001
0010
0100
1000
,  // measure 59
0010
0000
0001
0010
0000
0000
0100
0010
,  // measure 60
0001
0000
0010
0100
0001
0000
1010
0000
0000
1000
0100
0001
0100
0010
0001
0010
,  // measure 61
1000
0100
1000
0010
1000
0001
1000
0010
,  // measure 62
1000
0000
0001
0000
1000
0000
0100
0010
0001
1000
0001
0010
0100
0010
1000
0100
,  // measure 63
0001
0000
0001
0010
0000
0000
0100
0010
,  // measure 64
0001
0000
0001
0100
0010
0000
1010
0000
0000
0100
0001
0000
0010
0000
0010
0000
,  // measure 65
0100
1000
0100
0010
0100
0001
0100
0010
,  // measure 66
0100
0000
1000
0000
0100
0000
0010
0000
0001
0100
0010
0100
0001
0010
0100
1000
,  // measure 67
0100
0000
0100
1000
0000
0000
1000
0100
,  // measure 68
0010
0000
1000
0001
0010
0000
1010
0000
0000
0001
0010
0100
0001
0100
0010
0001
,  // measure 69
1000
0100
1000
0010
1000
0001
1000
0010
,  // measure 70
1000
0000
0100
0000
1000
0000
0010
0000
1000
0100
0010
0001
1000
0001
0010
0100
,  // measure 71
1000
0000
0010
1000
0000
0000
1000
0001
,  // measure 72
0010
0000
0001
1000
0100
0000
1010
0000
0000
0100
0001
0000
1000
0000
1000
0000
,  // measure 73
0001
0010
0001
0100
0001
1000
0001
0100
,  // measure 74
0001
0000
0010
0000
0001
0000
0100
0000
0001
0010
0100
1000
0010
1000
0100
0010
,  // measure 75
0001
0000
0001
0010
0000
0000
0010
0001
,  // measure 76
0100
0000
0010
1000
0100
0000
1100
0000
0000
0100
0010
0001
1000
0001
0010
0001
,  // measure 77
0100
1000
0100
0010
0100
0001
0100
0010
,  // measure 78
0100
0000
1000
0000
0100
0000
0010
0000
0001
1000
0100
1000
0010
1000
0001
0100
,  // measure 79
0010
0000
0010
0100
0000
0000
1000
0100
,  // measure 80
1000
0000
0010
0100
0001
0000
0101
0000
0000
0010
0100
0000
0010
0000
0010
0000
,  // measure 81
1000
0100
1000
0010
1000
0001
1000
0010
,  // measure 82
1000
0000
0100
0000
1000
0000
0010
0000
0100
0010
0001
0010
1000
0010
1000
0100
,  // measure 83
0010
0000
0010
0001
0000
0000
0001
0010
,  // measure 84
0100
0000
0001
1000
0100
0000
1100
0000
0000
0010
0001
0010
0001
0010
0100
1000
,  // measure 85
0100
1000
0100
0010
0100
0001
0100
0010
,  // measure 86
0100
0000
1000
0000
0100
0000
0010
0000
1000
0100
0010
0001
0010
0001
0010
0100
,  // measure 87
1000
0000
0010
0100
0000
0000
0100
0010
,  // measure 88
1000
0000
0001
0010
0100
0000
0110
0000
0000
0001
1000
0000
0010
0000
0010
0000
,  // measure 89
0001
0010
0001
0100
0001
1000
0001
0100
,  // measure 90
0001
0000
0010
0000
0001
0000
0100
0000
0001
1000
0100
1000
0010
1000
0010
0100
,  // measure 91
0001
0000
0001
0010
0000
0000
0100
0010
,  // measure 92
1000
0000
0001
1000
0010
0000
0110
0000
0000
0100
0001
0100
0010
0100
0001
0010
,  // measure 93
0001
0010
0001
0100
0001
1000
0001
0100
,  // measure 94
0001
0000
0010
0000
0001
0000
0100
0000
1000
0100
0010
0001
0100
0001
0010
0100
,  // measure 95
1000
0000
0010
0100
0000
0000
0001
1000
,  // measure 96
0100
0000
0010
0001
0100
0000
0011
0000
0000
0100
1000
0100
0010
0100
0010
0001
,  // measure 97
2020
3030
0000
0000
0000
0000
0000
0000
0000
0000
0000
0000
0000
0000
0000
0000
;
