#TITLE:VIO;
#SUBTITLE:;
#ARTIST:Digital Factory;
#TITLETRANSLIT:;
#SUBTITLETRANSLIT:;
#ARTISTTRANSLIT:;
#CREDIT:;
#BANNER:Vio.png;
#BACKGROUND:Vio-bg.png;
#LYRICSPATH:;
#CDTITLE:!toph-cdtitle.png;
#MUSIC:Vio (Cut).mp3;
#OFFSET:-0.120;
#SAMPLESTART:38.400;
#SAMPLELENGTH:13.000;
#SELECTABLE:YES;
#BPMS:0.000=150.000;
#STOPS:;
#BGCHANGES:;
// cache tags:
#FIRSTBEAT:16.000;
#LASTBEAT:323.000;
#SONGFILENAME:Songs/All Songs/Toph - Vio/Vio.sm;
#HASMUSIC:1;
#HASBANNER:1;
#MUSICLENGTH:130.385;
// end cache tags

//---------------dance-single - ----------------
#NOTES:
     dance-single:
     :
     Hard:
     11:
     1.000,1.000,0.959,0.015,1.000,1057.000,125.000,2.000,0.000,0.000:  // measure 1
0000
0000
0000
0000
,  // measure 2
0000
0000
0000
0000
,  // measure 3
0000
0000
0000
0000
,  // measure 4
0000
0000
0000
0000
,  // measure 5
1001
0000
0001
0100
0010
0000
1000
0100
0010
0000
0001
1000
0000
0001
0100
0010
,  // measure 6
1001
0000
1000
0100
0010
0000
0001
1000
0010
0000
0100
0001
0000
1000
0100
0010
,  // measure 7
1001
0000
0010
0001
0100
0000
0010
1000
0100
0000
1000
0001
0000
0010
0001
0100
,  // measure 8
1010
0000
0000
0000
1000
0000
0001
0000
0010
0000
0000
0000
0001
0000
0100
0000
0010
0000
1000
0001
1000
0001
1000
0000
0010
0000
0100
0001
1000
0000
0100
0010
,  // measure 9
0001
1000
0100
0000
0011
0000
1000
0010
0100
0001
1010
0000
1000
0001
0100
0010
,  // measure 10
0000
1000
0001
0000
0011
0000
1000
0001
0100
0010
1001
0000
1000
0100
0010
0001
,  // measure 11
0000
1000
0010
0000
1001
0000
0010
1000
0001
0010
1100
0000
1000
0001
0100
0010
,  // measure 12
0000
0000
1000
0000
0100
0000
0000
0000
1001
0000
0000
0000
0010
0000
0001
0000
0100
0000
0010
0000
1001
0000
0000
0000
1000
0001
0100
0000
0010
0000
1000
0000
,  // measure 13
0001
0010
0100
0000
1001
0000
0010
0100
1000
0001
0110
0000
0010
1000
0001
0010
,  // measure 14
0000
0100
1000
0000
0011
0000
0001
0100
0010
1000
0011
0000
1000
0100
0010
0001
,  // measure 15
0000
1000
0010
0000
0101
0000
1000
0001
0100
0010
1001
0000
0010
0100
1000
0001
,  // measure 16
0100
0000
0000
0000
0000
0000
0000
0000
0000
0000
0000
0000
0000
0000
0000
0000
0000
0000
0000
0000
0000
0000
0000
0000
0000
0000
0000
0000
0000
0000
0000
0000
0001
0000
0000
0000
0000
0000
0000
0000
0100
0000
0000
0000
0000
0000
0000
0000
0010
0000
0000
0000
0000
0000
0000
0000
0000
0000
0000
0000
0000
0000
0000
0000
1000
0000
0000
0000
0000
0000
0000
0000
0000
0000
0000
0000
0000
0000
0100
0000
0000
0000
0000
0000
0000
0000
0000
0000
0000
0000
0000
0000
0000
0000
0000
0000
0010
0000
0000
0000
0000
0000
0001
0000
0000
0000
0000
0000
0000
0000
0000
0000
1000
0000
0000
0000
0000
0000
0000
0000
0000
0000
0000
0000
0000
0000
0000
0000
0100
0000
0000
0000
0000
0000
0000
0000
0000
0000
0000
0000
0000
0000
0000
0000
1000
0000
0000
0000
0000
0000
0001
0000
0000
0000
0000
0000
1000
0000
0000
0000
0000
0000
0001
0000
0000
0000
0000
0000
1000
0000
0000
0000
0000
0000
0001
0000
0000
0000
0000
0000
1000
0000
0000
0000
0000
0000
0001
0000
0000
0000
0000
0000
,  // measure 17
1100
0000
0001
0100
0000
0010
1000
0001
0010
0100
0000
1000
0001
0100
0010
1000
,  // measure 18
0001
0000
0010
0100
0000
1000
0010
0100
0001
1000
0000
0100
0010
0001
0100
0010
,  // measure 19
1000
0000
0001
0010
0000
0001
0100
0010
1000
0001
0000
1000
0100
0010
0001
1000
,  // measure 20
0010
0000
0100
0001
0000
1000
0100
0010
0001
0100
0000
0010
1000
0001
0010
0100
,  // measure 21
1000
0010
1000
0010
1000
0010
1000
0010
1000
0100
1000
0100
1000
0100
1000
0100
,  // measure 22
1000
0010
1000
0010
1000
0010
1000
0010
1000
0001
1000
0001
1000
0001
1000
0001
,  // measure 23
1000
0000
0010
0000
1000
0001
1000
0000
0100
0000
0010
0000
0001
1000
0001
0000
0100
0000
0001
1000
0001
0000
0010
0000
0001
1000
0001
0000
0100
0010
0100
0000
,  // measure 24
0001
0000
1000
0100
1000
0100
1000
0000
0001
0000
1000
0010
1000
0010
1000
0000
0001
1000
0001
1000
0001
1000
0001
1000
0001
0000
0000
0000
0110
0000
0000
0000
,  // measure 25
1001
0100
0010
1000
0001
0010
0000
0100
1001
0000
0001
0100
1010
0000
1000
0100
,  // measure 26
0010
0001
0100
0010
1000
0100
0000
0001
1010
0000
0100
1000
0011
0000
0100
0010
,  // measure 27
1000
0001
0010
0100
1000
0001
0000
0100
1010
0000
0001
1000
0101
0000
1000
0001
,  // measure 28
0100
0000
0010
0000
1000
0000
0001
0000
0010
0000
0100
0000
0000
0000
1000
0000
0001
1000
0001
0000
0010
0000
0100
0000
1000
0000
0001
0100
0000
0010
1000
0001
,  // measure 29
0010
0100
1000
0001
0100
0010
0000
1000
0101
0000
0010
1000
0101
0000
0010
0001
,  // measure 30
1000
0010
0100
0001
0010
0100
0000
1000
0101
0000
0010
0100
1001
0000
0010
0100
,  // measure 31
1000
0010
0100
0001
1000
0100
0000
0010
0101
0000
0010
1000
0101
0000
0001
0010
,  // measure 32
0100
0000
1000
0000
0001
0000
1000
0000
0010
0000
0100
0000
0000
0000
0010
0000
1000
0000
0001
0000
1000
0001
1000
0000
0100
0000
1000
0010
0000
0100
0001
1000
,  // measure 33
0100
0010
0001
0100
0010
0100
0001
1000
0100
0010
0001
0100
0010
1000
0001
1000
,  // measure 34
0101
0010
1000
0001
1000
0100
0010
0001
0100
0010
0100
0001
1000
0100
0010
0001
,  // measure 35
1010
0100
0001
1000
0100
0010
0001
0100
0010
0100
0001
1000
0100
0010
0100
1000
,  // measure 36
0101
0010
1000
0001
0010
0001
0100
0010
1000
0100
0010
0001
1000
0010
1000
0100
,  // measure 37
1001
0010
0001
0100
0010
1000
0001
0010
0001
0100
0010
1000
0100
0010
0001
0100
,  // measure 38
1001
0010
0100
0001
0010
0001
0100
0010
1000
0100
1000
0010
0100
0001
0010
0100
,  // measure 39
1001
0010
0100
1000
0001
0100
0010
1000
0001
0010
0001
0100
0010
1000
0100
0010
,  // measure 40
0101
1000
0001
0100
0010
1000
0001
0010
0100
1000
0001
0100
0010
1000
0100
0100
,  // measure 41
1001
0000
0011
0000
1100
0000
0001
0100
0010
0000
1001
0000
0011
0000
0100
1000
,  // measure 42
0000
0000
0101
0000
1010
0000
0001
1000
0100
0000
1001
0000
0011
0000
0100
1000
,  // measure 43
0000
0000
0101
0000
1010
0000
0001
1000
0100
0000
1001
0000
0110
0000
1000
0001
,  // measure 44
0000
0000
0110
0000
1001
0000
0010
0100
1001
0000
0100
0000
1001
0000
1001
0000
,  // measure 45
1001
0000
0110
0110
0000
0000
0011
0011
0000
0000
1100
1100
0000
0001
0100
0001
,  // measure 46
1010
0000
1100
1100
0000
0000
0011
0011
0000
0000
1001
1001
0000
0010
0100
0001
,  // measure 47
1100
0000
0011
0011
0011
0000
0101
0101
0101
0000
1010
1010
0001
0100
0010
1000
,  // measure 48
0101
0000
0000
0000
1001
0000
1000
0100
1000
0000
0000
0000
1001
0000
0001
0100
0001
0000
0000
1001
0000
1001
0000
1000
0001
1000
0001
1000
0001
1000
0001
1000
,  // measure 49
0001
0100
0000
0010
1000
0100
0010
0000
1001
0100
0010
0000
1001
0000
0100
0000
,  // measure 50
0011
1000
0000
0001
0100
0010
1000
0000
0101
1000
0010
0000
1100
0000
0001
0000
,  // measure 51
0110
1000
0000
0001
0010
0100
1000
0000
0101
0010
1000
0000
1001
0000
0100
0000
,  // measure 52
0011
1000
0000
0100
0010
0001
1000
0000
0110
0001
1000
0100
0010
0000
0001
0100
,  // measure 53
1010
0001
0000
1000
0100
0010
0001
0000
0110
1000
0001
0000
0110
0000
1000
0000
,  // measure 54
0101
0010
0000
1000
0001
0010
0100
0000
1010
0100
0001
0000
1100
0000
0010
0000
,  // measure 55
1001
0100
0000
0010
0001
1000
0010
0000
0101
1000
0100
0000
1001
0000
0010
0000
,  // measure 56
0001
0000
0000
0100
0000
0000
0010
0000
0000
1000
0000
0000
0000
0000
0000
0100
0000
0000
0011
0000
0000
0000
0000
0000
0100
0000
0000
1000
0000
0000
0110
0000
0000
0000
0000
0000
0001
0000
0000
0000
0000
0000
1000
0000
0100
0000
0010
0000
,  // measure 57
0001
1000
0010
0000
1001
0000
1000
0001
0100
0010
1001
0000
0001
0100
0010
1000
,  // measure 58
0000
0001
0010
0000
1100
0000
0001
0100
0010
1000
0101
0000
0010
1000
0100
0010
,  // measure 59
0000
0001
1000
0000
0110
0000
0001
1000
0100
0010
1001
0000
0100
0010
1000
0100
,  // measure 60
0000
0010
0001
0000
0101
0000
0010
1000
0100
0010
0001
0000
1000
0010
1000
0100
,  // measure 61
1001
0010
0001
0000
0110
0000
0010
1000
0001
1000
0110
0000
0001
0100
0010
1000
,  // measure 62
0000
0001
0010
0000
1100
0000
0001
1000
0010
0100
1001
0000
0100
0010
1000
0100
,  // measure 63
0000
0010
0001
0000
0101
0000
0010
1000
0100
1000
0011
0000
0010
0001
1000
0010
,  // measure 64
0000
0100
0001
0000
1001
0000
0010
1000
0100
0010
0001
0100
0010
0000
0100
0010
,  // measure 65
1001
0100
0010
1000
0100
1000
0001
0100
0010
0000
1000
0100
0000
1000
0001
0100
,  // measure 66
0000
0010
1000
0100
0010
0001
1000
0010
0100
0000
0001
1000
0000
0001
0010
0100
,  // measure 67
0000
1000
0001
0100
0010
1000
0100
0010
0001
0000
1000
0010
0000
1000
0100
0010
,  // measure 68
0000
0000
0001
0000
0100
0000
0010
0000
1000
0000
0100
0000
0010
0000
0001
0000
0100
0000
0001
1000
0001
1000
0001
0000
0010
0000
0100
0010
0001
0000
0100
0010
,  // measure 69
1000
0001
0010
0100
1000
0010
0100
0001
1000
0000
0100
0010
0000
0100
1000
0001
,  // measure 70
0000
0100
0010
1000
0100
0010
0001
1000
0010
0000
0100
0001
0000
0010
0100
1000
,  // measure 71
0000
0001
0100
0010
1000
0100
0010
0001
1000
0000
0010
1000
0000
0100
0010
0001
,  // measure 72
0000
0100
0010
1000
0001
0010
0100
1000
0010
0000
0100
0010
1001
0100
0010
0100
,  // measure 73
1001
0010
0100
0001
1000
0100
0010
0001
0100
0010
1000
0100
1000
0010
0100
0001
,  // measure 74
1000
0100
1000
0010
0100
0001
0010
0100
1000
0010
1000
0100
0010
0001
0100
0010
,  // measure 75
0100
0001
1000
0100
0010
0001
1000
0010
1000
0100
0010
0100
1000
0010
0100
0001
,  // measure 76
0010
0000
0001
0000
0100
0000
0010
0000
1000
0000
0001
0000
0010
0000
0100
0000
1000
0010
1000
0010
1000
0010
1000
0010
0100
0001
0100
0001
0100
0001
0100
0001
,  // measure 77
1000
0100
0010
0001
0100
0010
1000
0001
1000
0100
1000
0010
0100
0001
0010
0100
,  // measure 78
1000
0010
1000
0100
0010
0001
0100
0010
1000
0001
1000
0100
0010
0001
0100
0010
,  // measure 79
0100
0001
1000
0100
0010
0100
1000
0010
0100
0001
1000
0100
1000
0010
0100
0001
,  // measure 80
1000
0000
0001
0000
1000
0000
0001
0000
1000
0000
0001
0000
1000
0000
0001
0000
1000
0001
1000
0001
1000
0001
1000
0002
2000
0000
0000
0000
0000
0000
0000
0000
,  // measure 81
0000
0000
0000
3003
;
