#TITLE:LEADING CYBER;
#SUBTITLE:;
#ARTIST:dj TAKA;
#TITLETRANSLIT:;
#SUBTITLETRANSLIT:;
#ARTISTTRANSLIT:;
#CREDIT:;
#BANNER:LEADING-CYBER.png;
#BACKGROUND:LEADING-CYBER-bg.png;
#LYRICSPATH:;
#CDTITLE:!apTitle.png;
#MUSIC:LEADING CYBER.mp3;
#OFFSET:-1.135;
#SAMPLESTART:28.290;
#SAMPLELENGTH:12.000;
#SELECTABLE:YES;
#DISPLAYBPM:150.000;
#BPMS:0.000=150.000;
#STOPS:63.500=1.600
;
#BGCHANGES:;
// cache tags:
#FIRSTBEAT:0.000;
#LASTBEAT:227.000;
#SONGFILENAME:Songs/All Songs/LEADING CYBER/LEADING CYBER.sm;
#HASMUSIC:1;
#HASBANNER:1;
#MUSICLENGTH:98.611;
// end cache tags

//---------------dance-single - ----------------
#NOTES:
     dance-single:
     :
     Hard:
     11:
     1.000,1.000,1.000,0.071,1.000,688.000,147.000,7.000,0.000,0.000:  // measure 1
1001
0000
1001
0000
1000
0100
1000
0100
0010
0001
0010
0001
1000
0100
0010
0001
,  // measure 2
1100
0000
1100
0000
0001
0010
0001
0100
0010
1000
0100
0010
0001
1000
0001
0010
,  // measure 3
0101
0000
0101
0000
1000
0010
0100
0001
0010
0100
1000
0010
0100
0001
0010
0001
,  // measure 4
1001
0100
1000
0010
0100
0010
1000
0010
0100
0001
0010
0100
1000
0100
0010
0001
,  // measure 5
1010
0000
0101
0000
1000
0100
1000
0100
0010
0001
1000
0001
1000
0100
0010
0001
,  // measure 6
1000
0001
0100
0010
1000
0100
0010
0001
0100
0001
1000
0100
0010
0001
0010
0001
,  // measure 7
1001
0000
1001
0000
0100
0010
1000
0001
0010
0100
1000
0010
1000
0001
0010
0100
,  // measure 8
1001
0001
0010
0100
1000
0100
0000
0010
0001
0000
0001
0010
0001
1000
0100
1000
,  // measure 9
0001
0010
0001
0100
0000
0100
0010
0000
0010
1000
0010
0100
0001
0010
0100
1000
,  // measure 10
1000
0100
1000
0010
0000
0010
0100
0000
0100
0001
0100
0010
1000
0100
0010
0001
,  // measure 11
0001
1000
0001
0100
0000
0100
0001
0000
0010
0100
1000
0001
1000
0100
0010
0001
,  // measure 12
0001
0010
0100
1000
0000
1000
0001
0000
1001
0000
1001
0000
1010
0000
0101
0000
,  // measure 13
1000
0100
0010
0001
0000
0001
0010
0000
0100
1000
0010
0100
0001
0010
0100
1000
,  // measure 14
1000
0010
0100
0001
0000
0001
1000
0000
1000
0001
0100
0010
1000
0010
0100
0010
,  // measure 15
0010
0100
0001
1000
0000
1000
0010
0100
0001
0010
0100
1000
0010
0100
0001
0100
,  // measure 16
1001
0000
0000
0000
0000
0000
0000
0000
1001
0000
0000
0000
0000
0000
0000
0000
0101
0000
0000
0000
0000
0000
0000
0000
0101
0000
0000
0000
0000
0000
0000
0000
1000
0000
0000
0000
0010
0000
0000
0000
0000
0000
0000
0000
0010
0000
0000
0000
1000
0000
0000
0000
0000
0000
0000
0000
2002
3003
0000
0000
0000
0000
0000
0000
,  // measure 17
0110
0000
1000
0001
0110
0000
0000
0000
1100
0000
1000
0100
0011
0000
0011
0000
,  // measure 18
1010
0000
0010
0100
0011
0000
0000
0000
0110
0000
0001
0100
0011
0000
0011
0000
,  // measure 19
1010
0000
0010
0100
0011
0000
0000
0000
1010
0000
1000
0010
0101
0000
0101
0000
,  // measure 20
1100
0000
0100
0010
0101
0000
0000
0000
1001
0000
1000
0001
0100
0010
0100
0010
,  // measure 21
1000
0100
1010
0000
0101
0010
0100
0000
0001
0010
0001
0010
0100
1000
0100
0000
,  // measure 22
1000
0100
0011
0000
0011
1000
0010
0000
1000
0010
1000
0010
0100
0001
0100
0001
,  // measure 23
1000
0001
0100
0000
0110
1000
0001
0000
0100
0010
0100
0010
1000
0001
1000
0001
,  // measure 24
0100
0010
1000
0000
1100
0000
1100
0000
0022
0000
0000
0030
1000
0000
0000
0000
,  // measure 25
0013
0000
0010
0100
0011
0000
0001
0000
0001
0000
0001
0000
0101
0000
0000
0000
,  // measure 26
0100
0000
0100
0001
0110
0000
0010
1000
0010
0000
0010
0000
1010
0000
0001
0100
,  // measure 27
1010
0000
1000
0000
1001
0000
0001
0000
0001
0010
0001
0000
0011
0000
1000
0000
,  // measure 28
1000
0000
1000
0100
0011
0000
0001
0010
0101
0000
0100
0000
0110
0000
0010
0100
,  // measure 29
0001
0100
0010
0101
0000
0001
0010
0100
1001
0000
0000
0100
1010
0000
1000
0010
,  // measure 30
1000
0100
1000
0011
0000
0001
0010
0100
1001
0000
0000
0100
1010
0000
1000
0001
,  // measure 31
1000
0010
1000
0110
0000
0000
0001
0100
0001
1000
0001
0110
0000
0000
0100
0010
,  // measure 32
0100
0001
0100
1000
0100
0010
0100
0001
0100
1000
0100
0010
0001
0010
0100
1000
,  // measure 33
0011
0000
0000
0100
1100
0000
1000
0100
1000
0100
1000
0000
0011
0000
0001
0000
,  // measure 34
0100
0001
0100
0011
0000
0001
0010
0100
1001
0000
0000
0100
1010
0000
0100
0010
,  // measure 35
0110
0000
0100
0010
0100
0000
1000
0001
1000
0100
1000
0010
1001
0000
0000
0000
,  // measure 36
1000
0100
1000
0011
0000
0001
0010
0100
1001
0000
0000
0100
1010
0000
0000
0000
,  // measure 37
1000
0010
1000
0110
0000
0001
0010
0100
1001
0000
0000
0100
1010
0000
0000
0010
,  // measure 38
1000
0100
1000
0110
0000
0001
0010
0100
1001
0000
0000
0100
1010
0000
0100
0010
,  // measure 39
0100
1000
0100
0011
0000
0001
0010
0001
0100
0001
0110
0000
0010
0100
0010
0001
,  // measure 40
0010
1000
0010
0100
0010
0001
0010
1000
0100
0010
0001
1000
0100
0010
0100
1000
,  // measure 41
0001
0010
1100
0000
1000
0011
0000
0001
1100
0000
0100
0011
0000
0010
1100
0000
,  // measure 42
1000
0100
0011
0000
0001
1100
0000
1000
0011
0000
0010
1100
0000
0100
0011
0000
,  // measure 43
1000
0010
0101
0000
0010
0101
0000
0100
1010
0000
1000
0110
0000
0001
0110
1000
,  // measure 44
0100
0010
0101
0000
0010
1100
0000
1000
0110
0001
0010
0100
1001
0100
0010
0001
,  // measure 45
1000
0100
0011
0000
0001
1100
0000
0001
1100
0000
1000
0011
0000
0100
0011
0000
,  // measure 46
1000
0100
0010
0001
1000
0110
0000
0010
0100
0001
1000
0100
0011
1000
0100
1000
,  // measure 47
0011
0000
1100
0000
0001
0010
0100
1000
0010
1000
0001
0010
0100
1000
0010
0100
,  // measure 48
1001
0000
1001
0000
1000
0100
0010
0001
0100
0010
1000
0100
0010
0001
0100
0001
,  // measure 49
1100
0000
0001
0110
0000
1000
0110
0000
1000
0100
0010
0001
1100
0000
0100
0000
,  // measure 50
1001
0000
1000
0110
0000
1000
0011
0000
0100
1010
0000
0001
0110
1000
0100
0000
,  // measure 51
1000
0100
0010
0001
1000
0100
0011
0000
1000
0011
0000
0100
0011
0000
0001
0000
,  // measure 52
1001
0000
0001
1100
0000
1000
0100
0010
0001
0100
0010
1000
0110
0000
0000
0001
,  // measure 53
0110
0000
1000
0101
0000
0001
1010
0000
0100
0011
0000
0010
1100
0000
1000
0110
,  // measure 54
0000
0100
0011
0000
0010
1001
0000
0100
1001
0000
0010
1100
0000
1000
0012
0000
,  // measure 55
1003
0000
1000
0100
0010
0100
1000
0001
0110
0000
1000
0011
0000
0001
1100
0000
,  // measure 56
0100
0010
1000
0001
1010
0000
1000
0011
0000
1000
0011
0000
1000
0100
0001
0100
,  // measure 57
2002
0000
0000
3003
;
