#TITLE:Sail AwaY;
#SUBTITLE:;
#ARTIST:Draigun;
#TITLETRANSLIT:;
#SUBTITLETRANSLIT:;
#ARTISTTRANSLIT:;
#CREDIT:;
#BANNER:sailaway.png;
#BACKGROUND:sailaway-bg.png;
#LYRICSPATH:;
#CDTITLE:!tank101title.png;
#MUSIC:Sail AwaY.mp3;
#OFFSET:-0.040;
#SAMPLESTART:35.503;
#SAMPLELENGTH:12.000;
#SELECTABLE:YES;
#BPMS:0.000=169.000;
#STOPS:;
#BGCHANGES:;
// cache tags:
#FIRSTBEAT:3.000;
#LASTBEAT:364.000;
#SONGFILENAME:Songs/All Songs/Tank 101 - Sail AwaY/sailaway.sm;
#HASMUSIC:1;
#HASBANNER:1;
#MUSICLENGTH:129.280;
// end cache tags

//---------------dance-single - ----------------
#NOTES:
     dance-single:
     :
     Hard:
     11:
     1.000,1.000,0.859,0.124,1.000,894.000,111.000,16.000,0.000,0.000:  // measure 1
0000
0000
0000
1001
,  // measure 2
1001
0000
0100
0000
1000
0000
0100
0000
0001
0000
0100
0001
0000
0100
0001
0000
,  // measure 3
0010
0000
1000
0000
0010
0000
0100
0000
0010
0000
1000
0010
0000
1000
0010
0000
,  // measure 4
0001
0000
1000
0000
0010
0000
0100
0000
0001
0000
0010
0100
0000
0010
0100
0000
,  // measure 5
0001
0000
0100
0000
0010
0000
1000
0000
0010
0000
1000
0001
0000
1000
0001
0000
,  // measure 6
1001
0000
0010
0000
0100
0000
0010
0000
1000
0000
0001
0010
0000
0001
0010
0000
,  // measure 7
1000
0000
0010
0000
1000
0000
0001
0000
1000
0000
0100
1000
0000
0100
1000
0000
,  // measure 8
0010
0000
1000
0000
0001
0000
0100
0000
0010
0000
0100
0001
0000
0100
0001
0000
,  // measure 9
0010
0000
0100
0000
0001
0000
0100
0000
0001
0000
0010
0000
1000
0010
1000
0010
,  // measure 10
1001
0000
0100
0000
1000
0000
0100
0000
0001
0000
0100
0001
0000
0100
0002
0000
,  // measure 11
0010
0000
0103
0000
1000
0000
0010
0000
0100
0000
1000
0010
0000
1000
0020
0000
,  // measure 12
1000
0000
0130
0000
1000
0000
0100
0000
1000
0000
0010
0100
0000
0010
0100
0000
,  // measure 13
0001
0000
1000
0000
0001
0000
0100
0000
0010
0000
1000
0001
0000
1000
0001
0000
,  // measure 14
1001
0000
0010
0000
1000
0000
0010
0000
0100
0000
0100
0001
0000
0100
0002
0000
,  // measure 15
0100
0000
1003
0000
1000
0000
0010
0000
0100
0000
0100
1000
0000
0100
2000
0000
,  // measure 16
0010
0000
3001
0000
0010
0000
1000
0000
0010
0000
0100
0010
0000
0100
0010
0000
,  // measure 17
0010
0000
1000
0000
0010
0000
0100
0000
1000
0000
1000
0001
0000
1000
0001
0000
,  // measure 18
1001
0000
0010
0000
0101
0000
1000
0000
1100
0000
0010
0001
0000
0010
0001
0000
,  // measure 19
1010
0000
0100
0000
1001
0000
1000
0000
0110
0000
1000
0010
0000
1000
0010
0000
,  // measure 20
0101
0000
1000
0000
0110
0000
0010
0000
0011
0000
0100
0010
0000
0100
0010
0000
,  // measure 21
1001
0000
0010
0000
1100
0000
0001
0000
1010
0000
0100
0001
0000
0100
0001
0000
,  // measure 22
1001
0000
0010
0000
1100
0000
0010
0000
1001
0000
0010
0100
0000
0010
0100
0000
,  // measure 23
1010
0000
0001
0000
1100
0000
0010
0000
1001
0000
0001
1000
0000
0001
1000
0000
,  // measure 24
0110
0000
0100
0000
0011
0000
1000
0000
0101
0000
0100
1000
0000
0100
1000
0000
,  // measure 25
1001
0000
0010
0000
0101
0000
1000
0000
0110
0000
0001
1000
0000
0001
1000
0000
,  // measure 26
1001
0100
0001
0100
0001
1000
0100
0010
,  // measure 27
0001
0000
1000
0000
0001
0000
1000
0000
0001
0000
1001
0000
0000
0101
0000
0000
,  // measure 28
1001
0100
1000
0100
1000
0100
0010
0001
,  // measure 29
0010
1000
0010
1000
0010
0100
0001
0110
,  // measure 30
1001
0010
0100
0010
0100
1000
0100
0010
,  // measure 31
0001
0000
1000
0000
0010
0000
1000
0000
0010
0000
0101
0000
0000
1100
0000
0000
,  // measure 32
1001
0010
0100
0001
1000
0100
0010
0100
,  // measure 33
1001
0000
1000
0000
0001
0000
0100
0000
1001
0000
0010
0000
1001
0010
0100
1000
,  // measure 34
0110
0001
1000
0001
0100
0010
1000
0001
0010
0100
1000
0001
1000
0010
0100
0001
,  // measure 35
1000
0001
1000
0010
0100
0001
1000
0100
0010
0001
1000
0010
1000
0001
0010
0100
,  // measure 36
1000
0010
0100
0001
1000
0001
1000
0001
0010
0100
1000
0100
0010
0001
1000
0010
,  // measure 37
0100
0001
1000
0100
0010
0001
1000
0100
0010
0001
0010
0100
1000
0001
0010
0100
,  // measure 38
1000
0010
0100
0001
1000
0001
0100
0010
1000
0100
1000
0010
0100
0001
0010
0100
,  // measure 39
0010
0001
1000
0001
0100
0010
1000
0010
0100
0001
1000
0010
1000
0001
0010
0100
,  // measure 40
1000
0010
1000
0100
1000
0001
0100
0010
1000
0100
0010
0001
0010
0100
1000
0010
,  // measure 41
0100
0001
0010
0100
1000
0001
1000
0100
0010
0001
1000
0001
0100
0001
0010
0100
,  // measure 42
1001
0010
1000
0010
0100
0001
0100
0010
1000
0001
1000
0100
0010
0001
0010
0100
,  // measure 43
1000
0001
0010
0100
1000
0010
0100
0001
1000
0010
1000
0001
0100
0001
0010
0100
,  // measure 44
1000
0010
1000
0001
0100
0010
1000
0010
0100
0001
0010
0100
1000
0010
0100
0001
,  // measure 45
0010
0100
1000
0100
0010
0100
1000
0001
1000
0010
0100
0001
0010
0001
1000
0010
,  // measure 46
0100
0001
0100
0010
0100
0001
0010
0100
1000
0100
0010
0001
1000
0001
0010
0100
,  // measure 47
1000
0001
0100
0010
1000
0001
0010
0100
1000
0001
0100
0001
1000
0001
0100
0010
,  // measure 48
1000
0010
0100
0001
1000
0010
0100
0001
0010
0100
1000
0001
0100
0010
1000
0100
,  // measure 49
0010
0100
1000
0001
1000
0010
0100
0001
1000
0001
0010
0100
1000
0001
1000
0100
,  // measure 50
1001
0000
0010
0000
0101
0000
1000
0000
0110
0000
0001
0010
0000
0001
0010
0000
,  // measure 51
0101
0000
0001
0000
1100
0000
0100
0000
1010
0000
0100
0001
0000
0100
0001
0000
,  // measure 52
0110
0000
1000
0000
0011
0000
0001
0000
1010
0000
0100
0010
0000
0100
0010
0000
,  // measure 53
0101
0000
0010
0000
0011
0000
1000
0000
0110
0000
1000
0010
0000
1000
0010
0000
,  // measure 54
1001
0000
0001
0000
1100
0000
0100
0000
0011
0000
0010
0100
0000
0010
0100
0000
,  // measure 55
1010
0000
0001
0000
0110
0000
1000
0000
1001
0000
0010
1000
0000
0010
1000
0000
,  // measure 56
0110
0000
0100
0000
0101
0000
1000
0000
0011
0000
1000
0100
0000
1000
0100
0000
,  // measure 57
0101
0000
0010
0000
1100
0000
0010
0000
1001
0000
1000
0001
0000
1000
0010
0100
,  // measure 58
2001
0000
0000
0000
3010
0000
0100
0002
,  // measure 59
0000
0000
0003
1000
1000
0100
0100
0010
,  // measure 60
1002
0000
0000
0000
1003
0000
1000
0010
,  // measure 61
0000
0000
0000
0000
0000
0000
0001
0010
0100
0000
1001
0010
0000
0101
1000
0000
,  // measure 62
1002
0000
0000
0000
1003
0000
0100
0020
,  // measure 63
0000
0000
0030
0001
0001
0100
0100
0010
,  // measure 64
1002
0000
0000
0000
1003
0000
0010
0002
,  // measure 65
0000
0000
0000
0000
0000
0000
1003
0010
0100
0000
1001
0010
0100
0000
0100
0000
,  // measure 66
1002
0000
0000
0000
1003
0000
0100
0010
,  // measure 67
1001
0000
0000
0010
0010
0100
0100
0001
,  // measure 68
1002
0000
0000
0000
1003
0000
0010
0100
,  // measure 69
1001
0000
0000
0000
0000
0000
0010
1000
0010
0000
0010
1000
0000
0010
1000
0000
,  // measure 70
2001
0000
0000
0000
3010
0000
1000
0010
,  // measure 71
1001
0000
0000
0001
0001
1000
1000
0100
,  // measure 72
1001
0000
1001
0000
,  // measure 73
1001
0000
0000
0000
1001
0000
0000
0000
1001
0000
0000
0000
1001
0010
0100
0010
,  // measure 74
1001
0000
1000
0000
0110
0000
0010
0000
0101
0000
1000
0100
0000
1000
0100
0000
,  // measure 75
0011
0000
0010
0000
1010
0000
0100
0000
1001
0000
0100
0001
0000
0100
0001
0000
,  // measure 76
1001
0000
0100
0000
0011
0000
1000
0000
1100
0000
0010
1000
0000
0010
1000
0000
,  // measure 77
1001
0000
0010
0000
0101
0000
1000
0000
1100
0000
0010
0100
0000
0010
0100
0000
,  // measure 78
1001
0000
0001
0000
0101
0000
0010
0000
0110
0000
1000
0100
0000
1000
0100
0000
,  // measure 79
0011
0000
0001
0000
1010
0000
0100
0000
1001
0000
0100
0010
0000
0100
0010
0000
,  // measure 80
1100
0000
0010
0000
1010
0000
0001
0000
0011
0000
0001
1000
0000
0001
1000
0000
,  // measure 81
0110
0000
1000
0000
1001
0000
0001
0010
0001
0000
0100
1000
0100
0000
0010
0000
,  // measure 82
1001
0010
0100
1000
0010
0100
0001
1000
0001
0100
0010
1000
0100
1000
0001
0100
,  // measure 83
0001
1000
0100
0010
0001
1000
0001
1000
0010
0100
0001
0010
0001
1000
0010
1000
,  // measure 84
0100
1000
0100
0010
0001
0010
0100
1000
0001
0100
0001
0010
0100
1000
0001
0100
,  // measure 85
0010
1000
0010
0100
0010
1000
0100
0010
0001
0010
0100
1000
0100
0010
0100
1000
,  // measure 86
0010
1000
0001
0010
0100
1000
0010
0100
0001
0010
0100
0010
0001
1000
0010
1000
,  // measure 87
0001
0100
0010
1000
0100
0010
0001
0010
0001
1000
0010
1000
0010
0100
0001
0010
,  // measure 88
0100
1000
0001
0010
0100
1000
0010
0100
0001
1000
0010
0100
0001
1000
0100
0010
,  // measure 89
0001
1000
0001
0100
0010
1000
0010
0100
0001
0010
0100
1000
0100
0010
0001
0010
,  // measure 90
2002
0000
0000
0000
,  // measure 91
0000
0000
0000
0000
,  // measure 92
3003
0000
0000
0000
;
