#TITLE:Tamayura;
#SUBTITLE:;
#ARTIST:Hirofumi Sasaki;
#TITLETRANSLIT:;
#SUBTITLETRANSLIT:;
#ARTISTTRANSLIT:;
#CREDIT:;
#BANNER:Tama-bn.png;
#BACKGROUND:Tama-bg.png;
#LYRICSPATH:;
#CDTITLE:!mm989cdtitle.png;
#MUSIC:KONAMI - Tamayura  Hirofumi Sasaki.mp3;
#OFFSET:0.040;
#SAMPLESTART:77.000;
#SAMPLELENGTH:12.000;
#SELECTABLE:YES;
#BPMS:0.000=180.000;
#STOPS:;
#BGCHANGES:;
// cache tags:
#FIRSTBEAT:0.000;
#LASTBEAT:288.000;
#SONGFILENAME:Songs/All Songs/Tamayura/Tamayura.sm;
#HASMUSIC:1;
#HASBANNER:1;
#MUSICLENGTH:100.052;
// end cache tags

//---------------dance-single - ----------------
#NOTES:
     dance-single:
     :
     Challenge:
     11:
     1.000,1.000,1.000,0.210,0.740,568.000,130.000,21.000,0.000,0.000:
2000
0000
0000
0000
,
3100
0010
0000
0001
0020
0000
0000
0000
0000
0000
0000
0000
0000
0000
0000
0000
,
0230
0000
0000
0000
,
0000
2300
0000
0000
0000
0000
0000
0000
,
0000
0000
3200
0000
,
0000
0310
0001
0010
0000
0100
0000
1000
,
0000
0000
0100
0000
0000
0000
0010
0001
0010
0100
1000
0100
0010
0001
0010
0100
,
2000
3002
0000
2003
,
0000
0000
0000
0000
,
3000
0000
0000
0000
0000
0000
1001
0100
,
1001
0010
1001
0000
1100
1100
0010
0100
,
1001
0000
0000
1010
0000
0101
0000
1000
,
0100
0001
1000
0010
0001
0010
1001
0100
,
0100
0000
1000
0001
1000
0000
0010
0000
0100
0000
0000
0000
1001
0000
1001
0000
,
0010
0100
0011
0000
0100
0100
0011
0100
,
1010
0000
0000
0100
0000
0001
0000
0010
,
0100
0001
0010
0100
1000
0010
0100
0100
,
0001
0000
0100
0000
0100
0000
1000
0010
0100
0001
0010
0000
1010
0000
0100
0000
,
0011
1100
0110
0000
1100
0011
0000
1000
,
0010
0100
0001
0000
1100
0000
0011
0100
,
1000
0100
0011
1000
0100
1000
0011
0100
,
1010
0000
0100
0000
0011
0000
1000
0001
1000
0000
0100
0000
0010
0000
0100
0000
,
0001
0010
1001
0000
1100
0101
0000
0010
,
1000
0000
0001
0000
0100
0000
0001
1000
0001
0000
0100
0000
0011
0000
0011
0000
,
1000
0010
0011
0011
1000
0100
0011
1100
,
0110
0000
1001
0000
0110
0000
1000
0001
1000
0000
0100
0000
0001
0000
0001
0000
,
1000
0000
0100
1000
0100
0000
0010
0000
0001
0100
0001
0000
1000
0010
1000
0000
,
0100
0000
0010
0001
0010
0000
0100
0000
1000
0100
1000
0000
0010
1000
0010
0000
,
0100
0000
0001
1000
0001
0000
1000
0000
0100
1000
0100
0000
1000
0001
1000
0000
,
0010
0000
0100
0001
0100
0000
0001
0000
1000
0001
1000
0000
0100
0010
0100
0000
,
0001
0000
0100
1000
0010
0000
0100
0000
0001
0100
0010
0000
0100
0001
1000
0000
,
0100
0000
0010
1000
0100
0000
0010
0000
1000
0001
1000
0000
0010
0100
0010
0000
,
1000
0001
1000
0000
1000
0010
1000
0000
1000
0100
1000
0000
1000
0001
1000
0000
,
0001
1000
0001
0000
0001
0100
0001
0000
0001
0010
0001
0000
1001
0000
0000
0000
,
1100
0000
0001
0100
0001
0000
1100
0000
0110
0000
0000
0000
1100
0000
0001
1000
,
0001
0000
0110
0000
1000
0001
1000
0000
0001
1000
0001
0000
1100
0000
1100
0000
,
0001
0100
0001
0000
1010
0000
1010
0000
0001
0100
0001
0000
1100
0000
0110
0000
,
0011
0110
1001
0001
0001
0001
1001
0000
,
1100
0000
0001
0100
0001
0000
1100
0000
0110
0000
0000
0000
1100
0000
0001
0100
,
0010
0000
1000
0010
0100
0000
0011
0000
1100
0000
0000
0000
1100
0000
0100
0000
,
0110
0010
0011
0001
0101
0100
0110
1000
,
0110
1001
0210
0000
0300
0000
2000
0000
,
0000
3200
0000
0320
,
0000
0000
0000
0000
0030
0000
2001
0001
,
0001
0000
0001
0000
3001
0010
0100
1000
0100
0000
0010
0001
0010
0100
1000
0100
,
0010
0000
0000
0000
1000
0010
0100
0001
0010
0001
0100
0010
1000
0100
0010
0001
,
0010
0100
0020
0000
0000
0000
0130
0000
1000
0010
0100
0001
0010
0100
1000
0100
,
0010
0100
1000
0100
0010
0001
1000
0100
1000
0000
0110
0000
0011
0000
1100
0000
,
0001
0010
0100
1000
0001
0010
0001
0100
0001
1000
0100
1000
0010
0000
1001
0000
,
1100
0000
0001
0010
0100
1000
0100
0010
0001
0100
0010
1000
0001
0010
0100
1000
,
0010
0100
0001
0010
0100
0010
0001
0100
0010
0100
0001
1000
0100
0010
0100
1000
,
0010
0100
0010
1000
0010
0100
0010
1000
0100
0010
0001
0010
1001
0000
0000
1001
,
0000
0000
1001
0000
0000
1001
0000
0000
0100
1000
0100
1000
0011
0000
0000
0011
,
0000
0000
0011
0000
0000
0011
0000
0000
0100
0010
0100
0010
1001
0000
0110
0000
,
0011
1100
0110
0000
0110
0011
1100
0110
,
1001
0000
0000
1100
0110
1100
1001
0110
,
0011
1100
0110
1001
0110
0011
1100
0110
,
0110
0000
0101
0000
1010
0000
1001
1001
,
0110
0011
1100
0000
1100
0101
1100
0011
,
1100
0000
0000
1010
1010
0101
0101
0000
,
1001
0101
0101
0000
1001
0101
0101
0000
,
1000
0100
0000
0100
0010
0000
0010
0000
0001
0000
1010
0000
1002
0000
0000
0000
,
1003
0100
0010
0100
2000
0000
0000
0000
3001
0100
0010
1000
0010
0100
0001
0010
,
0200
0000
0000
0000
0000
0000
0000
0000
1300
0100
0010
0001
0010
0100
1000
0100
,
0010
0001
0020
0000
0000
0000
0130
1000
0100
0010
0001
0100
0010
1000
0001
0100
,
0010
1000
0010
0100
0001
0010
0100
1000
0001
0100
0010
1000
0001
0010
0100
1000
,
0100
0010
0001
0010
0100
0000
1000
0000
0100
0000
0010
0000
0001
0000
0010
0000
0100
1000
0100
0010
0001
0000
0010
0000
0100
0000
1000
0000
0100
0000
0010
0000
,
0001
0010
0100
1000
0100
0000
0010
0000
0100
0000
1000
0000
0100
0000
0010
0000
0100
0000
0010
0000
0001
0000
0010
0000
0200
0000
0000
0000
0000
0000
0000
0000
,
0000
0320
0000
0230
,
0000
0000
0000
0000
,
0000
0000
0000
0000
,
0000
0000
0000
0000
,
0300
0000
0000
0000
;

//---------------dance-single - ----------------
#NOTES:
     dance-single:
     :
     Beginner:
     15:
     1.000,1.000,1.000,0.130,1.000,1023.000,406.000,13.000,0.000,63.000:
2002
0000
0000
0000
,
0010
0200
3000
0003
0000
0000
0000
1001
0300
0110
0000
2002
0000
0000
0000
0000
0000
0000
0000
0000
0000
0000
0000
0000
0000
0000
0000
0000
0000
0000
0000
0000
,
0220
3003
0000
0000
0000
0000
0000
0000
0000
0000
0000
0000
0000
0000
0000
0000
0000
0000
0000
0000
0000
0000
0000
0000
0000
0000
0000
0000
0000
0000
0000
0000
,
0000
0000
0000
0000
0000
0000
0002
0030
0300
0000
0000
0000
0000
0000
0000
0000
0000
0000
0000
0000
0000
0000
0000
0000
0000
0000
0000
0000
0000
0000
0000
0000
,
0000
0000
0000
0000
0000
0000
0000
0000
0000
0000
0000
0000
2000
0000
0000
0000
0000
0000
0000
0000
0000
0000
0003
0000
0000
3010
0100
0000
0000
0000
0110
0000
,
0000
0000
0001
0100
0000
0000
0000
0010
1000
0000
0000
0000
0001
0100
0000
0000
0000
0000
0000
0000
0010
1000
0000
0000
0000
0000
0000
0000
0101
0000
0000
0000
,
0000
0000
0000
0000
0000
0000
0010
0000
0000
0000
0000
0000
0000
0000
0000
0000
1000
0001
0000
0000
0000
0000
0110
0000
1001
0000
0110
0000
1001
0000
0110
0000
,
1001
0000
0110
0001
1000
0000
0110
1001
0010
0100
0001
0000
0000
0000
0000
0000
0000
0010
0000
0000
0000
0000
0000
0000
1000
0002
0000
0000
0000
0000
0000
0000
,
2000
0010
0000
0000
0000
0000
0000
0000
0000
0000
0000
0000
0000
0000
0000
0000
0000
0000
0000
0000
0000
0000
0000
0000
0000
0000
0000
0000
0000
0000
0000
0000
,
0000
0000
0000
3003
0000
0000
0000
0000
0000
0000
0000
0000
0000
0000
0000
0000
0000
0000
0000
0000
0000
0000
0110
0000
0000
0000
0000
1001
0000
0000
0100
0010
,
0000
0000
1000
0001
0000
0000
0100
0010
0000
0000
0000
0000
0000
0000
0000
0001
1000
0000
0010
0100
0000
1001
0000
0110
0000
0000
0000
0001
0000
0100
0010
0000
,
0100
0000
0000
0000
0000
0000
0000
0000
0000
0000
0000
0000
1001
0000
0000
0000
0000
0000
0000
0000
0110
0000
0000
0000
0000
0000
0000
0000
0001
1000
0000
0010
,
0100
0000
0001
0000
1000
0010
0000
0100
0000
0001
1000
0010
0000
0100
0001
0000
0010
0100
0001
0000
0010
0100
0001
0000
0010
0100
0001
0000
0110
0000
0001
0100
,
0010
0000
0000
0000
0000
0000
0010
0000
0000
0000
0000
0000
0001
0100
0000
0000
0010
0100
0000
0000
0010
0000
0000
0000
0011
0000
1000
0100
0011
0000
0100
1000
,
0001
0010
0000
1100
0000
0011
0100
1000
0010
0001
0000
0000
0000
0000
0000
0011
0000
0100
0000
0011
0000
0100
0000
0011
0000
0100
0000
0001
0010
0100
0000
0011
,
0000
0000
0000
0000
0000
0000
0000
0010
0000
0000
0001
0000
0000
0000
0000
0000
0000
0000
0000
0000
1010
0000
0000
0000
0000
0000
0000
0000
0000
0001
1000
0000
,
0000
0010
0000
0000
0000
0001
0000
1000
0010
0000
0000
0000
0001
0000
0000
1000
0000
0000
0000
0000
0010
0000
0100
0001
0000
1000
0000
0000
0010
0100
0000
0000
,
0001
1000
0000
0000
0010
0100
0000
0000
0001
1000
0000
0010
0000
0000
0100
0001
0000
0000
0110
0000
0001
0000
0010
0000
0101
0000
0000
0010
0000
0000
0001
0000
,
0110
0000
0000
0001
0000
0000
0010
0000
0100
0000
0000
0000
0000
0000
0000
1000
0001
0000
0000
0110
0000
0000
0000
0000
0000
0000
0000
1000
0001
0000
0000
0110
,
0000
0000
0000
1000
0001
0000
0000
0010
0000
0000
1100
0000
0010
0000
1100
0000
0010
1000
0100
0000
0010
0000
0000
0000
0000
0001
0100
0000
0000
0011
0000
0100
,
0010
0001
0100
0000
0010
0001
0000
0000
0000
0010
1000
0100
0000
0011
0000
1100
0000
0011
0100
0000
0010
0001
0000
0000
0000
0001
0000
0110
0000
0000
0001
0000
,
0010
1000
0100
0000
0001
0000
0010
1000
0100
0000
0001
0000
1000
0100
0000
0001
1000
0010
0100
0001
0000
0000
0000
0000
1010
0000
0000
0000
0011
0100
0000
0000
,
0001
1000
0000
0000
0010
0100
0000
0000
1001
0000
0000
0000
0000
0000
0000
0000
0110
0000
0000
0000
1001
0000
0000
0000
0000
0000
0000
0000
0110
0000
0000
0000
,
1001
0000
0000
0000
0110
0000
0000
0000
1001
0000
0000
0010
0100
0000
0000
1001
0000
0000
0000
0110
0000
0000
0000
0001
0100
0010
0000
0001
0100
0010
0000
0001
,
0100
0000
0000
0001
0000
0100
0000
0000
0001
0000
0110
0000
0001
0100
0010
0000
0001
0100
0000
0010
0000
0000
0000
0000
0010
0000
1100
0000
0011
0000
1100
0000
,
0011
0000
1100
0000
0011
0000
1100
0000
0011
1000
0100
0000
0011
0000
1100
0000
0011
0000
1100
0000
0011
0000
0000
1000
0001
0110
0000
1001
0000
0110
1000
0001
,
0000
0000
0000
1001
0000
0000
0000
1001
0110
0000
1001
0000
0110
0000
0000
0000
0000
0001
1000
0010
0100
1001
0000
0110
0000
0000
0000
0000
1000
0011
0000
0111
,
1000
0000
0000
0011
0000
0000
0000
1000
0000
0011
0000
1011
0000
0000
0000
0000
0000
0011
1000
0000
0000
0000
0000
0000
0001
0010
1000
0000
0011
0000
1000
0000
,
0011
0000
1000
0000
0011
1000
0000
0000
0001
0100
0010
1000
0001
0000
0110
1000
0001
0000
0100
0010
1001
0000
0100
0010
0000
0001
0100
0010
0000
1000
0011
0100
,
0000
1100
0010
0000
0000
1100
0000
0010
0100
1000
0010
0000
1000
0100
0010
0000
1100
0000
0010
0000
1100
0000
0000
0011
0100
0000
0011
0000
0100
0000
0011
1000
,
0000
0000
0101
1010
0000
0100
0001
0000
0010
0000
0000
0000
0000
0000
0000
1001
0000
0110
0001
1000
0110
0000
0000
0000
0000
0000
0000
1001
0110
0000
1011
0100
,
0000
0000
0000
0000
0000
0011
1011
0100
0000
0000
0000
0000
0000
1011
0100
0001
0010
0000
1100
0001
0000
0000
0000
0000
1111
0000
0101
1000
0011
1100
0000
0011
,
0000
0000
0011
1100
0000
0000
0011
0000
1100
0011
0000
1111
0000
0000
0011
0000
0000
1100
0010
0001
0000
0000
0000
1000
0111
0000
1111
0000
0001
0010
0000
1000
,
0111
0000
1101
0000
0000
0000
0011
0100
1000
0011
0100
1010
0000
0000
0000
0011
1100
0000
0000
0000
0000
0000
0000
0000
1111
0000
0000
0001
0110
1000
0000
0000
,
1111
0000
0000
0000
0011
1100
0011
1000
0100
0000
0001
0010
0000
1100
0001
0010
0100
0000
0000
0000
0000
0000
0000
0011
0000
0100
0011
0000
0100
0000
0001
0000
,
0000
0000
0011
0100
0011
0000
0100
0000
0000
0011
0000
0110
0001
0000
0100
0000
0011
0000
0100
0011
0000
0000
0000
0000
0110
1000
0010
0100
1000
0000
0000
0010
,
0000
1100
0001
0010
0000
0000
0000
0000
0001
0100
0010
0000
0001
0000
0000
0000
0000
0111
0000
1000
0010
0100
0000
0000
1000
0001
0000
0110
0000
0000
0000
1000
,
0001
0000
0000
0100
0010
0000
0000
0001
1000
0000
0000
0110
0000
0000
0000
0001
1000
0000
0000
0000
0110
0000
0000
0000
1001
0000
0000
0000
0000
0000
0000
0100
,
0010
0000
0000
0000
1001
0000
0110
1001
0000
0000
0000
0010
0100
0000
0000
1001
0000
0010
0100
0000
1001
0000
0000
0110
0000
0000
0001
0100
0010
0000
0000
0001
,
0100
0010
0000
0000
0000
0101
0010
0000
0000
0111
0000
0000
0000
0000
0000
0011
0000
0000
0000
0000
0000
0000
0001
0010
0100
0000
0011
0000
0000
0000
0000
0011
,
0000
1000
0100
0010
0000
0000
0000
1100
0010
0000
0100
1000
0000
0000
0010
0000
1100
0000
0010
0000
0000
0000
0100
0000
0011
0000
0100
0000
0000
0000
0000
0011
,
1100
0000
0011
0000
0100
1000
0000
0001
0010
0100
1000
0011
0000
1100
0000
0000
0011
0000
0000
0000
0000
0000
0000
0000
1111
0000
0000
0000
1111
0000
0000
0100
,
1111
0000
0000
0000
0000
0000
0000
1011
1111
0000
0000
1011
0100
0000
0000
0011
1111
0000
0000
0000
0000
0000
0000
0010
1101
0000
0000
0000
0000
0000
0000
0000
,
0000
0000
0000
0000
0000
0000
0000
0000
0000
0220
0000
0000
0000
0000
0000
0000
0000
0000
0000
0000
0000
0000
0300
0030
0000
0001
1000
0000
0000
0010
0100
0000
,
0000
1001
0000
0000
0000
0110
0000
0000
1001
0000
0000
0000
0000
0001
0010
0100
0000
0001
0000
0010
0100
0000
0000
0001
0000
0000
0000
0100
0011
0000
1000
0000
,
0101
0010
1000
0000
0100
0000
0000
0000
0000
0000
0000
0001
1000
0010
0100
0000
1000
0001
0010
0000
1000
0101
0000
0010
1000
0100
0001
0000
1010
0000
0101
0000
,
1010
0000
0101
1000
0110
0001
0000
0000
0000
0000
0000
0000
0001
0010
0100
0000
0001
1010
0000
0101
0000
1010
0000
0101
1000
0110
0001
0000
0000
0100
0001
0010
,
0000
0000
0000
0001
0010
0100
0000
0000
0001
0010
0000
0100
0000
0000
0000
0011
0000
0100
0000
0000
0011
0100
0000
1001
0010
0100
1000
0001
0110
1000
0001
0000
,
0100
0000
1011
0000
0100
0000
0011
0000
0000
0010
0001
0000
0000
0000
0100
0000
0011
0000
0100
0011
1000
0000
0111
1000
0111
0000
1110
0001
1100
0011
0000
0000
,
0000
0011
0000
1100
0000
0011
0000
0000
1100
0000
0000
0011
0000
0100
0001
1000
0010
0100
0001
1000
0110
0001
1000
0100
0001
0010
0100
0001
1010
0000
0100
1010
,
0000
0101
0010
1000
0000
0101
0010
0001
0100
1010
0000
0101
0010
0000
0000
0110
0001
0100
0010
0000
0100
0000
0000
1001
0100
0010
1001
0000
0000
0000
0000
1000
,
0010
0101
0000
0000
1000
0100
0010
0001
1000
0000
0110
0000
0001
1000
0100
0010
0000
0001
1000
0100
0010
0000
0001
1000
0100
0011
0000
1000
0100
0011
0000
1100
,
0000
0011
1000
0100
0011
1100
0010
0001
1100
0000
0011
1100
0000
0000
0000
0000
0010
1000
0100
0001
1010
0000
0101
0000
1110
0001
0000
0000
0000
0000
1111
0000
,
0000
0000
0000
1111
0000
0000
0000
0000
1111
0000
0000
0000
0000
0011
1000
0100
1011
0000
0100
0011
1000
0101
0010
0000
0101
0010
0000
0000
0011
0000
0000
0000
,
0111
0000
0000
0011
1000
0000
0000
0010
1101
0000
0000
0000
0000
0000
0000
1110
0001
0000
0000
1110
0001
0000
0000
1110
0001
0000
0000
1101
0010
0000
0000
1111
,
0000
0000
0000
0000
0000
0000
0000
0010
0100
0000
0000
0010
0100
0000
0000
0001
1000
0000
0000
0010
0100
0000
0000
0001
0100
0010
0000
1000
0101
0010
0000
1000
,
0101
0010
0000
0000
0000
0110
0000
0000
1010
0000
0001
0110
1000
0001
0100
1010
0000
0000
0000
0001
0000
1000
0000
0000
0010
1000
0101
0000
1010
0000
0101
0000
,
1010
0000
0101
0000
1010
0000
0101
0000
1010
0000
0101
0000
1010
0001
0100
1010
0000
0100
0000
0000
0000
0000
0000
0011
0000
0100
0000
0011
0000
0100
0000
0011
,
0000
0100
0001
0010
0000
0100
0000
0011
0000
0000
0000
0000
0000
0000
0000
0000
1100
0000
0010
0000
1100
0000
0010
0000
1100
0000
0010
0000
1100
0000
0010
0000
,
1100
0000
0000
0000
0000
0000
0000
0011
0000
0100
0000
0011
0000
0100
0000
0011
0000
0100
0000
0011
1000
0000
0000
0111
0000
1000
0000
0111
0000
1000
0000
0011
,
0100
0000
1000
0011
0000
0100
0000
1011
0000
0000
0000
0000
0000
0000
0000
0000
1111
0010
0100
0001
1000
0010
0100
1001
1111
0000
0000
0000
0000
0000
0000
1001
,
1111
0110
0000
1001
0000
0010
0100
1001
1111
0000
0000
0000
0000
0000
0000
1000
0001
0000
0000
0000
0000
0000
0000
1000
0001
0100
0010
1000
0001
0100
0010
1000
,
0001
0000
0110
0000
0000
0000
0000
0000
0101
0000
0010
0000
0101
0000
0010
0000
0101
0000
0000
0000
0100
0000
0010
0000
0000
0010
0001
1100
0000
0010
0001
0000
,
1100
0011
0000
1100
0000
0011
0000
1100
0000
0011
0000
0000
0000
0000
0000
1100
0000
0011
0000
0000
0000
0000
0000
0000
0000
1000
0110
0000
1001
0010
0000
0100
,
0001
0000
0110
0001
1000
0010
0100
0000
0000
0000
0000
0001
1000
0110
0000
0000
0001
0010
0000
0000
0000
0011
0000
1100
0000
0011
0000
0100
0000
0011
0000
0100
,
0000
0011
1000
0100
0001
0010
1000
0100
0011
0000
1100
0000
0000
0000
0011
0000
0000
1000
0000
0000
0000
0000
0000
1000
0100
0001
1010
0000
0111
0000
1000
0000
,
0000
0011
1000
0110
0001
1000
0100
0000
0001
1010
0000
0101
1000
0000
0000
0011
1100
0010
0001
1100
0000
0000
0000
1111
0000
0111
1000
0001
1100
0000
0000
0011
,
1100
0010
1001
0100
0011
0000
0000
1101
0010
0000
1100
0001
1110
0010
0101
1001
1100
0000
0111
1000
0001
1010
0100
1011
0100
1001
0100
1001
0100
1011
0000
1101
,
0010
0000
0000
0000
1001
0100
0000
1000
0001
0110
0000
1001
0100
0010
1000
0000
0000
0000
0001
0010
0100
0000
1001
0010
0100
0001
1000
0010
0000
0100
1001
0000
,
0110
0000
1001
0000
0110
0000
1001
0000
0110
0000
1001
0000
0100
0010
1000
0001
0000
0110
0000
1001
0000
0110
1000
0001
0000
0110
0000
1001
0000
0110
0000
1001
,
0000
0110
0000
1001
0000
0000
0110
0000
1100
0000
0011
0100
1000
0011
0000
0100
0011
0000
0100
1011
0000
1100
0011
0000
1100
0011
0000
1100
0011
0000
1100
0011
,
0000
1100
0011
0000
1100
0011
0000
1100
0011
0000
1100
0011
0000
1110
0001
0000
0001
0110
1000
0001
0110
1000
0001
0110
0000
1000
0010
0100
0011
0000
0000
1100
,
1100
0000
0000
0000
;

//---------------dance-single - ----------------
#NOTES:
     dance-single:
     :
     Hard:
     10:
     0.665,0.828,0.420,0.170,0.110,407.000,42.000,17.000,0.000,0.000:
2000
0000
0000
0000
,
3100
0010
0000
0001
2000
0000
0000
0000
0000
0000
0000
0000
0000
0000
0000
0000
,
3200
0000
0000
0000
,
0000
0302
0000
0000
0000
0000
0000
0000
,
0000
0000
0203
0000
,
0300
1000
0100
1000
0000
0010
0000
0100
,
0000
0000
0000
0001
0000
0000
0000
0000
1000
0000
0000
0000
0000
0010
0000
0000
,
0000
0000
0000
0000
0000
0100
0000
0000
0000
0000
0000
0000
2002
0000
0000
0000
,
0000
0000
0000
0000
,
3003
0000
0000
0000
0000
0000
1000
1000
,
0010
0100
0001
0000
0001
0001
0100
0010
,
0100
0000
0000
1100
0000
0011
0000
1000
,
0100
0001
0100
1000
0010
0001
0010
1000
,
0100
0000
1000
0001
1000
0000
0001
0000
0010
0000
0000
0000
0100
0000
0100
0000
,
0001
0010
0001
0000
0010
0010
0100
1000
,
0100
0000
0000
1001
0000
0110
0000
1000
,
0010
0100
0001
0010
0100
1000
0010
0100
,
0001
0000
1000
0001
1000
0000
0010
0000
0100
0000
0000
0000
1000
0000
0001
0000
,
1000
0010
1000
0000
0100
1000
0000
0010
,
0100
0001
0010
0000
0000
0000
0110
1000
,
0010
0100
0011
0100
1000
0010
1100
0010
,
0100
0000
0010
0000
0100
0000
0000
0000
1000
0010
0100
0001
1000
0000
0100
0000
,
1000
0010
0100
0000
0010
1100
0000
0010
,
0100
0001
1000
0000
0010
0000
1100
0100
,
1000
0100
0011
0010
0001
0010
0110
0100
,
0110
0010
1001
1000
1001
0001
1001
0100
,
1000
0010
0100
0000
1000
0010
0100
0001
,
0010
0000
0000
1000
0000
0010
0000
0100
,
0001
0010
0100
1000
0010
0100
0001
0010
,
1000
0000
0010
0100
0010
0000
0001
0000
0010
0000
0000
0000
0100
0000
0100
0000
,
0010
1000
0001
0000
0100
0100
1000
0010
,
0001
0000
0000
0100
1000
0010
1100
0100
,
0011
0100
1010
0100
0011
0100
1010
0100
,
1001
0010
1001
0000
1001
0000
0110
0000
,
1000
0000
0001
1000
0001
0000
0010
0000
0100
0000
0000
0000
1000
0000
0010
0100
,
0010
0001
0010
0100
1000
0000
0110
0001
,
0010
0100
1100
0001
0010
0100
1010
0100
,
0010
0100
0011
0000
0000
0000
1100
0000
,
0011
0000
1000
0001
1000
0000
0100
0000
0010
0000
0000
0000
0100
0000
0010
0001
,
0010
0100
1000
0100
0010
0000
0100
0100
,
0010
0010
0001
0001
0010
0010
0100
1000
,
0100
0010
0001
0000
0000
0000
2000
0000
,
0000
3200
0000
0320
,
0000
0000
0000
0000
0030
0000
1000
1000
,
1000
1000
0100
1000
0100
0010
0100
1000
,
0001
0100
0010
0001
0010
1000
0010
0001
,
0100
0010
1000
0100
0001
0100
1000
0010
,
0100
0001
0010
0100
0010
0001
1000
0001
,
1000
0100
0010
0100
1000
0010
0100
0001
,
1000
0100
1000
0001
0010
0100
1000
0001
,
0100
0010
1000
0100
0010
0001
1000
0010
,
0100
0000
0001
0000
0010
0000
0001
0000
0100
0000
0001
0000
1100
0000
0000
1100
,
0000
0000
1100
0000
0000
1100
0000
0000
1100
0000
0000
0000
1100
0000
0000
1100
,
0000
0000
1100
0000
0000
1100
0000
0000
1100
0000
0000
0000
1000
0000
1000
0000
,
0010
0100
0001
0000
0100
1000
0100
0010
,
0001
0000
0000
0001
0001
0010
0010
0100
,
0100
1000
1000
0100
0100
0010
0100
0010
,
0100
0000
0000
0000
0000
0000
1000
1000
,
0010
0100
0001
0000
0001
0001
0100
0001
,
0100
0000
0000
0010
0010
0100
0100
0000
,
0010
0100
0100
0000
0010
0100
0100
0010
,
0002
0000
1003
2001
,
0000
3100
0010
0000
0001
0010
0100
1000
,
0200
0000
0000
0000
1300
0100
0010
0001
,
0010
0200
0000
1300
0010
0100
0001
0010
,
0100
0000
1000
0000
0010
0000
0001
0010
,
1000
0100
0010
0000
0001
0000
0100
0000
1000
0010
0100
0000
0001
0000
0010
0000
,
1000
0100
0010
0000
0001
0000
0100
0000
1000
0010
0100
0000
0002
0000
0000
0000
,
0000
0023
0000
0032
,
0000
0000
0000
0000
,
0000
0000
0000
0000
,
0000
0000
0000
0000
,
0003
0000
0000
0000
;
