#TITLE:ASb;
#SUBTITLE:;
#ARTIST:Patt.22;
#TITLETRANSLIT:;
#SUBTITLETRANSLIT:;
#ARTISTTRANSLIT:;
#CREDIT:DukAmok;
#BANNER:ASb.png;
#BACKGROUND:ASb-bg.png;
#LYRICSPATH:;
#CDTITLE:!duktitle.png;
#MUSIC:ASb.mp3;
#OFFSET:1.690;
#SAMPLESTART:37.500;
#SAMPLELENGTH:9.960;
#SELECTABLE:YES;
#BPMS:0.000=140.000;
#STOPS:;
#BGCHANGES:;
// cache tags:
#FIRSTBEAT:4.000;
#LASTBEAT:276.000;
#SONGFILENAME:Songs/All Songs/ASB/ASb.sm;
#HASMUSIC:1;
#HASBANNER:1;
#MUSICLENGTH:120.424;
// end cache tags

//---------------dance-single - Heavy----------------
#NOTES:
     dance-single:
     Heavy:
     Hard:
     11:
     1.000,1.000,1.000,0.000,1.000,741.000,246.000,0.000,0.000,0.000:
0000
0000
0000
0000
,
0001
0000
0001
0000
0001
0000
0001
0010
0100
0000
0100
0000
0100
0000
0100
1000
,
0010
0000
0010
0000
0010
0000
0010
0100
0001
0000
0001
0000
0001
0000
0001
0010
,
0100
0000
0100
0000
0100
0000
0100
1000
0010
0000
0010
0000
0010
0000
0010
0100
,
0001
0000
0001
0000
0001
0000
0001
1000
0010
0000
0010
0000
0010
0000
0010
0100
,
1001
0000
1001
0000
1001
0000
1001
0010
0101
0000
0101
0000
0101
0000
0101
1000
,
0011
0000
0011
0000
0011
0000
0011
0100
1001
0000
1001
0000
1001
0000
1001
0010
,
1100
0000
1100
0000
1100
0000
1100
0001
1010
0000
1010
0000
1010
0000
1010
0100
,
0011
0000
0011
0000
0011
0000
0011
1000
0110
0000
0110
0000
0110
0000
0110
1000
,
0101
0000
0010
1000
0000
0101
0010
0000
1001
0010
0000
0101
0000
1000
0101
0010
,
1001
0000
0001
0010
0000
1100
0001
0000
1010
0001
0000
1100
0000
0010
1001
0100
,
1010
0000
0100
0001
0000
1010
0100
0000
1001
0100
0000
1010
0000
0001
1100
0001
,
0110
0000
1000
0100
0000
0011
1000
0000
0101
1000
0000
0011
0000
0100
1001
0100
,
0001
0000
0001
0000
0001
1000
0000
0010
0000
0000
0000
0000
0001
0000
1000
0100
,
0000
0000
0000
0000
0010
0000
0001
1000
0000
1000
0000
1000
0000
0001
0100
0000
,
0010
0000
0010
0000
0010
1000
0000
0001
0000
0000
0000
0000
0010
0000
0001
1000
,
0110
0000
0000
0000
0010
0000
0100
0001
0000
0001
0000
0001
0000
0010
0100
0000
,
0010
0001
0100
0001
0010
0100
1000
0010
0100
0000
0100
0000
0100
0000
0100
0001
,
0010
0000
0010
0000
0010
0000
0010
0100
1000
0000
1000
0000
1000
0000
1000
0010
,
0100
0001
0010
0100
1000
0010
0100
0001
1000
0000
1000
0000
1000
0000
1000
0010
,
0100
0000
0100
0000
0100
0000
0100
0001
0010
0000
0010
0000
0010
0000
0010
0001
,
0110
1000
0110
1000
0101
0010
1001
0100
0011
0000
0011
0000
0011
0000
0011
1000
,
0101
0000
0101
0000
0101
0000
0101
0010
1001
0000
1001
0000
1001
0000
1001
0100
,
1010
0001
1100
0010
1001
0100
0011
1000
0101
0000
0101
0000
0101
0000
0101
0010
,
1001
0000
1001
0000
1001
0000
1001
0010
0101
0000
0101
0000
0101
0000
0101
1000
,
0001
0000
0100
0000
0010
1000
0000
0100
0000
0100
0000
0000
0001
0000
0010
0100
,
0000
0000
0010
0000
0001
0000
1000
0010
0000
0100
0000
0001
0000
0010
0100
0000
,
1000
0000
0010
0000
0100
0001
0000
0010
0000
0010
0000
0000
0100
0000
0010
0001
,
0000
0000
1000
0000
0010
0000
0100
0001
0000
0010
0000
0100
0000
0010
0001
0000
,
1001
0000
0110
0001
0000
0110
1000
0010
0101
0000
1000
0110
0000
0000
1100
0001
,
1010
0000
0101
1000
0000
0101
0010
0001
1100
0000
0010
0101
0000
0000
0110
0001
,
1010
0000
0110
1000
0000
0110
0001
0100
1010
0000
0001
0110
0000
0000
0011
1000
,
0101
0000
1010
0001
0000
1010
0100
1000
0011
0000
0100
1010
0000
0000
0110
0001
,
1010
0000
0101
0010
0000
0101
1000
0100
0011
0000
1000
0101
0000
0000
1001
0010
,
1100
0000
0011
1000
0000
0011
0100
0010
1001
0000
0100
0011
0000
0000
0101
0010
,
1001
0000
0101
1000
0000
0101
0010
0001
1100
0000
0010
0101
0000
0000
0110
1000
,
0011
0000
1100
0010
0001
1100
0001
0000
0110
1000
0001
0110
0001
0100
1010
0100
,
0001
1000
0011
1000
0100
0010
0101
0010
1000
0100
0000
0010
1000
0100
0010
0001
,
1000
0010
1001
0010
0100
0001
1100
0001
0010
0100
0000
1001
0000
0000
0001
0100
,
1000
0001
1100
0001
0010
0100
1010
0100
0001
0010
0000
0100
0001
0010
0100
1000
,
0001
0100
1001
0100
0010
1000
0011
1000
0100
0010
0000
1001
0000
0000
1000
0001
,
1000
0010
1001
0010
0100
0001
1100
0001
0010
0100
0000
0001
0010
0100
0001
1000
,
0010
0001
1010
0001
0100
1000
0110
1000
0001
0100
0000
1010
0000
0000
1000
0100
,
0010
1000
0110
1000
0001
0100
0011
0100
1000
0001
0000
0100
1000
0001
0100
0010
,
1000
0100
1010
0100
0001
0010
1001
0010
0100
0001
0000
1010
0000
0000
0010
0001
,
1000
0000
1000
0000
1000
0000
1000
0001
0100
0000
0100
0000
0100
0000
0100
0010
,
0001
0000
0001
0000
0001
0000
0001
0010
1000
0000
1000
0000
1000
0000
1000
0001
,
0100
0000
0100
0000
0100
0000
0100
0010
0100
0000
0100
0000
0100
0000
0100
0001
,
1010
0000
1000
0000
1000
0000
1000
0010
0001
0000
0001
0000
0001
0000
0001
0100
,
1010
0000
1010
0000
1010
0000
1010
0001
1100
0000
1100
0000
1100
0000
1100
0010
,
1001
0000
1001
0000
1001
0000
1001
0100
1010
0000
1010
0000
1010
0000
1010
0001
,
0110
0000
0110
0000
0110
0000
0110
1000
0011
0000
0011
0000
0011
0000
0011
0100
,
1001
0000
1001
0000
1001
0000
1001
0010
0101
0000
0101
0000
0101
0000
0101
0010
,
0101
1000
0011
0100
1010
0100
0011
1000
0110
0001
1010
0000
0011
0000
1010
0100
,
0011
0000
0110
0000
0011
0000
0101
0010
1001
0100
0001
0010
0001
1000
0011
0100
,
0011
1000
0110
1000
0011
0100
1010
0100
0011
1000
0101
0000
1001
0000
1010
0100
,
0011
0000
0101
0000
0101
0000
0011
0100
1010
0001
0010
0100
0010
1000
0110
0001
,
1000
0001
0110
0001
1010
0100
1001
0010
1100
0000
1100
0000
1100
0000
1100
0001
,
1010
0000
1010
0000
1010
0000
1010
0100
1001
0000
1001
0000
1001
0000
1001
0010
,
1100
0010
1001
0100
1001
0010
1100
0001
1010
0000
1010
0000
1010
0000
1010
0100
,
1001
0000
0110
0000
0101
0000
0110
0001
1010
0000
1010
0000
1010
0000
1010
0001
,
1000
0000
1000
0000
1000
0000
1000
0100
0010
0000
0010
0000
0010
0000
0010
0001
,
0100
0000
0100
0000
0100
0000
0100
0010
1000
0000
1000
0000
1000
0000
1000
0100
,
0010
0000
0010
0000
0010
0000
0010
0001
0100
0000
0100
0000
0100
0000
0100
0010
,
1000
0000
1000
0000
1000
0000
1000
0001
0100
0000
0100
0000
0100
0000
0100
0010
,
1000
0000
1000
0000
1000
0000
1000
0001
0100
0000
0100
0000
0100
0000
0100
0010
,
0001
0000
0001
0000
0001
0000
0001
0010
1000
0000
1000
0000
1000
0000
1000
0001
,
0100
0100
0100
0100
0001
0001
0001
0001
,
1000
1000
1000
1000
0001
0001
0010
0100
,
1010
0000
0000
0000
;
