#TITLE:Vook;
#SUBTITLE:;
#ARTIST:Banya;
#TITLETRANSLIT:;
#SUBTITLETRANSLIT:;
#ARTISTTRANSLIT:;
#CREDIT:;
#BANNER:vook.png;
#BACKGROUND:vook-bg.png;
#LYRICSPATH:;
#CDTITLE:!radicaljTitle.png;
#MUSIC:vook.mp3;
#OFFSET:-0.361;
#SAMPLESTART:9.980;
#SAMPLELENGTH:12.000;
#SELECTABLE:YES;
#BPMS:0.000=184.000;
#STOPS:;
#BGCHANGES:;
// cache tags:
#FIRSTBEAT:32.000;
#LASTBEAT:288.250;
#SONGFILENAME:Songs/All Songs/Vook/vook.sm;
#HASMUSIC:1;
#HASBANNER:1;
#MUSICLENGTH:97.235;
// end cache tags

//---------------dance-single - ----------------
#NOTES:
     dance-single:
     :
     Hard:
     10:
     0.931,1.000,1.000,0.668,0.576,458.000,111.000,65.000,0.000,0.000:  // measure 1
0000
0000
0000
0000
,  // measure 2
0000
0000
0000
0000
,  // measure 3
0000
0000
0000
0000
,  // measure 4
0000
0000
0000
0000
,  // measure 5
0000
0000
0000
0000
,  // measure 6
0000
0000
0000
0000
,  // measure 7
0000
0000
0000
0000
,  // measure 8
0000
0000
0000
0000
,  // measure 9
1010
0001
2200
3300
0022
0000
0033
0110
,  // measure 10
0000
1000
0010
0000
0100
1000
0010
0000
,  // measure 11
0110
0001
2020
3030
0202
0000
0303
1001
,  // measure 12
0000
0001
0100
0000
0010
0001
0100
0000
,  // measure 13
1001
0100
2020
3030
0220
0000
0330
0011
,  // measure 14
0000
1000
0100
0000
0010
0001
0100
0000
,  // measure 15
1010
0100
0022
0033
2200
0000
3300
0110
,  // measure 16
0000
1000
0100
0000
0010
0001
1000
0000
,  // measure 17
0110
1000
0022
0033
2200
0000
3300
0110
,  // measure 18
0000
0001
0100
0000
0010
1000
0100
0000
,  // measure 19
0011
0100
2002
3003
0220
0000
0330
0011
,  // measure 20
0000
0100
0010
0000
1000
0100
0010
0000
,  // measure 21
0011
0100
2020
3030
0202
0000
0303
0110
,  // measure 22
0000
1000
0001
0000
0010
0100
1000
0000
,  // measure 23
1001
0100
0022
0033
2200
0000
3300
1001
,  // measure 24
0000
0000
0010
0000
0100
0000
0000
0000
0000
0000
0000
0000
0001
0010
0100
1000
,  // measure 25
0001
0010
0100
1000
0001
0010
0100
1000
0001
0010
0100
0000
1100
0000
0011
0000
,  // measure 26
0000
0000
0000
0000
0000
0000
1000
0100
,  // measure 27
1000
0100
0010
0001
1000
0100
0010
0001
1000
0100
0010
0001
1000
0100
0010
0001
,  // measure 28
0010
0000
0100
0000
1001
0000
0110
0000
0000
0000
0000
0000
1000
0100
1000
0100
,  // measure 29
1000
0010
0100
0001
0010
0001
0010
0100
1000
0010
0100
0000
0011
0000
1010
0000
,  // measure 30
0000
0000
0000
0000
0000
0000
0000
0000
0000
0000
0000
0000
1000
0100
0010
0001
,  // measure 31
1000
0010
0100
0001
1000
0100
0010
0001
1000
0010
0100
0001
0000
0000
0000
0000
,  // measure 32
0000
0000
0000
0000
0000
0000
0000
0000
0000
0000
0000
0000
1000
0100
0010
0000
,  // measure 33
0000
0000
0000
0000
0001
0100
0001
0000
0000
0000
0000
0000
1000
0100
0010
0000
,  // measure 34
0000
0000
0000
0000
0001
0100
0001
0000
0000
0000
0000
0000
1000
0100
0010
0000
,  // measure 35
0000
0000
0000
0000
0001
0100
0001
0000
0000
0000
0000
0000
1000
0100
0010
0001
,  // measure 36
1000
0100
0010
0100
0001
0100
0001
0000
0000
0000
0000
0000
1001
0100
0010
0000
,  // measure 37
0000
0000
0000
0000
0001
0100
0001
0000
0000
0000
0000
0100
1001
0100
0010
0000
,  // measure 38
0000
0000
0000
0000
0001
0100
0001
0000
0000
0000
0000
0000
1001
0100
0010
0000
,  // measure 39
1001
0000
0000
0000
0001
0100
0001
0000
0000
0000
0000
0000
1001
0000
1001
0000
,  // measure 40
1001
0000
1001
0000
1000
0001
1000
0001
1000
0000
1001
0000
1000
0100
0010
0001
,  // measure 41
0100
0000
0000
0000
0100
1000
0010
0100
0001
0000
0000
0000
0001
0100
1000
0100
,  // measure 42
0010
0000
0000
0000
0010
0001
0010
0100
1000
0000
1000
0000
1000
0010
1000
0100
,  // measure 43
0010
0000
0000
0000
0010
0001
0100
0010
1000
0000
0000
0000
1000
0010
0001
0010
,  // measure 44
1000
0000
0000
0000
1000
0100
0001
0010
0100
0000
0100
0000
0100
0010
0001
1000
,  // measure 45
0100
0000
0000
0000
0100
0001
0100
0010
1000
0000
0000
0000
1000
0010
0001
0100
,  // measure 46
1000
0000
0000
0000
1000
0010
0100
0001
0010
0000
0010
0000
0010
1000
0010
1000
,  // measure 47
0100
0000
0000
0000
0100
0010
0001
0010
1000
0000
0000
0000
1010
0000
0101
0000
,  // measure 48
0010
1000
0100
0010
0001
0100
0010
1000
0100
0000
0000
0000
0000
0000
0000
0000
,  // measure 49
1100
0110
0022
0033
2200
0000
3300
0101
,  // measure 50
0000
1010
1001
0010
0100
1000
0100
0010
,  // measure 51
0101
1010
0022
0033
2200
0000
3300
1001
,  // measure 52
0000
0011
1100
0010
0001
0100
0010
1000
,  // measure 53
0110
0011
2200
3300
2002
0000
3003
0101
,  // measure 54
0000
0110
1100
0010
0001
0100
0010
1000
,  // measure 55
0101
1010
2002
3003
0220
0000
0330
0011
,  // measure 56
0000
1100
0110
0001
0100
1000
0100
0001
,  // measure 57
1010
1100
0022
0033
0220
0000
0330
1100
,  // measure 58
0000
1001
0101
0010
0100
0010
0001
0100
,  // measure 59
1001
0110
0022
0033
2200
0000
3300
0011
,  // measure 60
0000
0110
1100
0010
0001
0010
0100
1000
,  // measure 61
0110
0011
2200
3300
0202
0000
0303
1010
,  // measure 62
0000
0101
1100
0010
0001
0100
0010
1000
,  // measure 63
0101
1010
2200
3300
0022
0000
0033
0110
,  // measure 64
0000
0000
1001
0000
0101
0000
0010
0000
1000
0000
0100
0000
0001
0010
0100
1000
,  // measure 65
0001
0010
0100
1000
0001
0010
0100
1000
0001
0010
0100
0000
1100
0000
0011
0000
,  // measure 66
0000
0000
0000
0000
0000
0000
1000
0100
,  // measure 67
1000
0100
0010
0001
1000
0100
0010
0001
1000
0100
0010
0001
1000
0100
0010
0001
,  // measure 68
0010
0000
0100
0000
1001
0000
0110
0000
0000
0000
0000
0000
1000
0100
1000
0100
,  // measure 69
1000
0010
0100
0001
0010
0001
0010
0100
1000
0010
0100
0000
0011
0000
1010
0000
,  // measure 70
0000
0000
0000
0000
0000
0000
0000
0000
0000
0000
0000
0000
1000
0100
0010
0001
,  // measure 71
1000
0010
0100
0001
1000
0100
0010
0001
1000
0010
0100
0002
0000
0000
0000
0000
,  // measure 72
0000
0000
0000
0000
,  // measure 73
0000
0003
0000
0000
0000
0000
0000
0000
0000
0000
0000
0000
0000
0000
0000
0000
;
