#TITLE:The Festival of Ghost 2;
#SUBTITLE:;
#ARTIST:O2 Jam;
#TITLETRANSLIT:;
#SUBTITLETRANSLIT:;
#ARTISTTRANSLIT:;
#CREDIT:;
#BANNER:Festival-bn.png;
#BACKGROUND:Festival-bg.png;
#LYRICSPATH:;
#CDTITLE:!reachTitle.png;
#MUSIC:The Festival of Ghost 2 (Sneak).mp3;
#OFFSET:-3.650;
#SAMPLESTART:27.001;
#SAMPLELENGTH:14.500;
#SELECTABLE:YES;
#BPMS:0.000=136.500,12.000=68.250,30.000=67.750,31.500=135.500,37.500=136.000,73.500=135.500,92.000=136.500,97.500=65.000,98.500=62.000,99.500=59.000,100.500=56.000,101.500=54.000,102.500=52.000,103.500=92.000,105.000=92.000,106.500=137.500,112.000=136.500,128.000=135.500,148.000=136.500,154.500=68.500,156.500=136.000,160.500=68.500,162.500=136.500,166.500=135.500,178.500=135.000,182.500=136.500,202.500=135.500,217.000=136.500,218.500=68.500,220.500=145.000,240.000=146.500,284.000=146.000,297.000=136.000,297.500=133.000,298.000=130.000,298.500=127.000,299.000=124.000,299.500=121.000,300.000=118.000,300.500=115.000,301.000=112.000,301.500=102.000,302.000=92.000,302.500=82.000,303.000=72.000,303.500=62.000,304.000=52.000,304.500=42.000,304.750=32.000,305.000=1.000;
#STOPS:;
#BGCHANGES:;
// cache tags:
#FIRSTBEAT:3.750;
#LASTBEAT:305.000;
#SONGFILENAME:Songs/All Songs/Reach - The Festival of Ghost 2/Festival.sm;
#HASMUSIC:1;
#HASBANNER:1;
#MUSICLENGTH:156.966;
// end cache tags

//---------------dance-single - ----------------
#NOTES:
     dance-single:
     :
     Hard:
     12:
     0.998,1.000,1.000,0.217,0.892,767.000,296.000,34.000,0.000,0.000:  // measure 1
0000
0000
0000
0000
0000
0000
0000
0000
0000
0000
0000
0000
0000
0000
0000
2001
,  // measure 2
0000
0000
0000
0000
0000
0000
0000
0100
0000
0000
0000
0000
0000
0010
0000
0000
,  // measure 3
0000
0000
0000
0001
0000
0000
0000
0000
0000
0000
0000
0000
0000
0000
0000
0000
,  // measure 4
0000
3001
0000
0000
0000
0000
0000
0000
0000
0000
0000
0000
1001
0000
1100
0000
,  // measure 5
1100
1001
1100
1100
1001
0101
0101
1001
,  // measure 6
0101
0000
0101
0000
1000
0010
0100
0001
0010
0100
2000
0000
0010
0000
3010
0000
,  // measure 7
0001
0100
0010
0010
0010
0000
0001
0100
0010
0010
0010
0000
0001
0010
0100
1000
,  // measure 8
0200
0000
0000
0000
2300
0000
0000
0000
0010
0000
0000
0000
3010
0000
0000
0000
1001
0000
1000
0100
0010
0000
0100
0010
0001
0000
0010
0100
1001
0000
0000
0000
,  // measure 9
0100
0100
1001
0010
0010
1001
0100
0100
,  // measure 10
1001
0010
0010
1001
0000
1100
0000
1001
,  // measure 11
0000
1100
0000
1001
0000
1100
0000
1001
,  // measure 12
0000
0000
0000
0000
0101
0000
0000
0000
0000
0000
0100
0010
0002
0000
0000
0000
0000
0000
0000
0000
0000
0000
0000
0000
0000
0000
0000
0000
0000
0000
0000
0000
,  // measure 13
0023
0000
0030
1100
0110
1100
0011
1100
,  // measure 14
0000
1001
0000
0000
1100
0000
0001
0010
0100
0000
1100
0000
0001
0010
0100
0000
,  // measure 15
1100
0000
0001
0010
0100
0010
1001
0000
1100
0000
0110
0000
0011
0000
1001
0000
,  // measure 16
0000
1010
0000
0000
1100
0000
0001
1000
0001
0000
0010
1000
0010
0000
0000
0100
,  // measure 17
1000
0010
0100
0001
1000
0010
0100
0000
1100
0000
0110
0000
0011
0000
1001
0000
,  // measure 18
0000
1100
0000
0000
1010
0000
0001
0010
0100
0000
1100
0000
0001
0010
0100
0000
,  // measure 19
1100
0000
0001
0010
0100
0010
1001
0000
1100
0010
0001
0100
0010
1000
0101
0000
,  // measure 20
0000
1100
0000
0000
1001
0000
0100
0100
0011
0100
1001
0110
0000
1010
0000
1010
,  // measure 21
0101
1001
0110
0011
0000
1100
0000
0011
,  // measure 22
0000
0000
0000
0000
1010
0000
0000
0000
0000
0000
0010
0100
1001
0000
0000
0000
0000
0000
0000
0000
1100
0000
0000
0000
0000
0000
0000
0000
1001
0000
0000
0000
,  // measure 23
0110
1001
0011
1010
0000
1100
0000
1001
,  // measure 24
0000
0000
0000
0000
1100
0000
0000
0000
1001
0000
0000
0000
0120
0000
0000
0000
0000
0000
0000
0000
0000
0000
0000
0000
0030
1000
0100
0010
0001
0000
0000
0000
,  // measure 25
0000
0000
0000
0101
0000
0000
0000
0000
0000
1000
0100
0010
0001
0010
0100
1000
0100
0010
0001
0010
0100
1000
0100
0010
,  // measure 26
0001
0000
0010
0000
0100
0000
1000
0000
0100
0000
0010
0000
0001
0000
0010
0000
0100
0000
1000
0000
0100
0000
0010
0000
0001
0000
0010
0000
0100
0000
1000
0000
0100
0000
0010
0000
0001
0000
0010
0000
0100
0000
1001
0000
0000
1100
0000
0000
,  // measure 27
0110
0011
0101
1100
1010
0101
0011
1100
0110
0011
2001
0000
0000
0000
3010
0000
,  // measure 28
0000
0000
1002
0000
0000
0000
1003
0000
0000
0000
1000
0100
0010
0001
1000
0100
,  // measure 29
0010
0001
1000
0100
0010
0001
1000
0100
0010
0001
1100
0001
0010
0100
1000
0001
,  // measure 30
0010
0100
1000
0100
0010
0001
1000
0100
0010
0001
1010
0001
0010
0100
1000
0001
,  // measure 31
0010
0100
0010
0001
0100
0010
1000
0001
0100
0001
1000
0100
1000
0010
1000
0001
,  // measure 32
1000
0010
1000
0001
0100
0001
0010
0001
1000
0001
0010
0100
1000
0001
0010
0100
,  // measure 33
0010
0001
0010
0100
1000
0001
0100
0010
1000
0100
1001
0010
0100
1000
0001
0010
,  // measure 34
0100
1000
0100
0010
0001
1000
0100
0010
0001
1000
1001
0010
0100
1000
0001
0010
,  // measure 35
0100
1000
0001
0100
0010
1000
0001
0100
0001
0010
0101
0000
0000
0000
1200
0000
,  // measure 36
0300
0000
0000
0000
1010
0000
0000
0000
0000
0000
0100
0010
2001
0000
0000
0000
3000
0000
0000
0000
0101
0000
0000
0000
1100
0000
0000
0000
0011
0000
0000
0000
,  // measure 37
1100
0000
0011
0000
0110
0000
1100
0000
1001
0000
0110
0000
0000
0110
0000
0110
,  // measure 38
0110
0000
0110
0000
0000
0110
0000
0110
1001
0000
0110
1001
0110
0000
0000
0000
,  // measure 39
0000
0000
0000
0000
1000
0000
0000
0000
0000
0000
0011
0011
0110
0011
0011
1010
,  // measure 40
0011
1100
0001
0010
0100
1000
0001
0010
0100
1000
0100
0010
0001
1000
0100
0010
,  // measure 41
0001
0000
0000
1000
0000
0000
0011
0000
0000
0011
0000
0000
0110
0000
0000
0011
0000
0000
0011
0000
0000
1010
0000
0000
0011
0000
0000
1100
0000
0000
0001
0000
0000
0000
0010
0000
0000
0000
0100
0000
0000
0000
1000
0000
0000
0000
0100
0000
,  // measure 42
0000
0000
0010
0000
0000
0000
0001
0000
0000
0000
0010
0000
0000
0000
0100
0000
0000
0000
1000
0000
0000
0000
0100
0000
0000
0000
0010
0000
0000
0000
1001
0000
0000
0010
0000
0000
0100
0000
0000
0010
0000
0000
1100
0000
0000
0001
0000
0000
,  // measure 43
0100
0001
0010
0100
1001
0100
0010
0001
0010
0100
1001
0010
0100
1000
0100
0010
,  // measure 44
1001
0100
0010
0001
0010
0100
1001
0010
1001
0100
0010
0001
0010
0100
1001
0010
,  // measure 45
0100
0000
0000
1000
0000
0000
0100
0000
0000
0010
0000
0000
1001
0000
0000
0100
0000
0000
0010
0000
0000
0001
0000
0000
1010
0000
0000
0100
0000
0000
1001
0000
0000
0000
0010
0000
0000
0000
0100
0000
0000
0000
1000
0000
0000
0000
0100
0000
,  // measure 46
0000
0010
0000
0001
0000
0010
0000
0100
0000
1000
0000
0100
0000
0010
0000
1001
0000
0000
0100
0000
0000
1010
0000
0000
,  // measure 47
0001
1000
0001
0000
1000
0000
1010
0000
0100
1000
0001
0000
0100
0000
1010
0000
,  // measure 48
0100
0010
1000
0000
0100
0000
1010
0000
0010
0000
1100
0000
0110
0000
0011
0000
,  // measure 49
0101
0110
1010
1001
1010
2001
3010
1100
,  // measure 50
0011
1100
0011
0110
0011
2010
3001
0110
,  // measure 51
0011
0000
1010
0000
0011
0000
1100
0000
0011
0000
2001
3100
0001
0010
0001
0010
,  // measure 52
0100
1000
0010
0100
0001
0010
0001
0100
0001
1000
0011
0100
1000
0010
0100
0001
,  // measure 53
0010
0001
1000
0001
0100
0010
1000
0010
0100
0001
1010
0100
1000
0100
1000
0001
,  // measure 54
1000
0010
0100
0001
0100
0010
1000
0001
0010
0001
1100
0010
0001
0010
0100
1000
,  // measure 55
0010
0100
0001
1000
0010
0100
0001
0100
0010
0000
2002
0000
0003
0002
0000
0003
,  // measure 56
0002
3003
1001
0000
0000
0000
1000
0000
0100
0010
0001
0000
0010
0000
0100
0000
,  // measure 57
1000
0000
0001
0010
0100
1000
0001
0100
0010
1000
0001
0010
0100
1000
0001
0010
,  // measure 58
0100
1000
1001
0000
0000
0000
1100
0000
0100
0000
0001
0000
1000
0000
0010
0000
,  // measure 59
0100
0000
0001
0010
0100
1000
0001
0010
0100
1000
0100
0010
0001
1000
0100
0010
,  // measure 60
0001
1000
1001
0000
0000
0000
1100
0000
0110
1001
0110
0000
0011
0000
1010
0000
,  // measure 61
0110
0000
1010
0000
0101
0000
1010
0101
1010
0000
1100
0000
0011
0000
1100
0011
,  // measure 62
1100
0000
0001
0010
0100
1000
0001
0010
0100
1000
0001
0100
0010
1000
0001
1000
,  // measure 63
0010
0100
1001
0000
1100
0000
0110
0011
0000
1010
0000
1010
0101
0000
0101
0000
,  // measure 64
1100
0000
0011
0000
1010
0000
1010
0101
0000
0110
0000
0110
0011
0000
0110
0000
,  // measure 65
1100
0011
1100
0101
1100
0011
1100
1001
,  // measure 66
0101
0000
2001
3000
0110
0000
0011
0000
0110
0000
1100
0000
1001
0000
0110
1001
,  // measure 67
0110
0000
2001
3000
1100
0000
0011
0000
1100
0000
0110
0000
0101
0000
0110
0000
,  // measure 68
1100
0000
2001
3000
0101
0000
1000
0010
0100
0000
0010
0100
0001
0000
1100
0000
,  // measure 69
0110
0000
2001
3000
0110
0000
0101
0000
1100
0000
2001
3000
0110
0000
2001
3000
,  // measure 70
1010
0000
2001
3000
0011
0000
0110
0000
1100
0000
2001
3000
0100
0001
2010
3000
,  // measure 71
0110
0000
1010
0000
0000
0000
2001
3000
0000
0000
0101
0000
0000
0000
2001
3000
,  // measure 72
0000
0101
1100
0011
1100
0101
1100
0011
,  // measure 73
0101
0000
2001
3000
1100
0000
0101
0000
1100
0000
0011
0000
1100
0000
0011
0000
,  // measure 74
0101
0000
2001
3000
0011
0110
0000
0110
1100
0000
2002
3003
0011
0110
0000
0110
,  // measure 75
1100
0000
1001
0110
2001
0000
0000
0000
0000
0000
0000
0000
0000
0000
0000
0000
,  // measure 76
0000
0000
0000
0000
,  // measure 77
0000
3001
0000
0000
;
