#TITLE:ACT;
#SUBTITLE:;
#ARTIST:RAM;
#TITLETRANSLIT:;
#SUBTITLETRANSLIT:;
#ARTISTTRANSLIT:;
#CREDIT:;
#BANNER:act.png;
#BACKGROUND:act-bg.png;
#LYRICSPATH:;
#CDTITLE:!renTitle.png;
#MUSIC:ACT.mp3;
#OFFSET:-0.300;
#SAMPLESTART:20.000;
#SAMPLELENGTH:12.000;
#SELECTABLE:YES;
#DISPLAYBPM:180.000;
#BPMS:0.000=179.825;
#STOPS:;
#BGCHANGES:;
// cache tags:
#FIRSTBEAT:4.000;
#LASTBEAT:325.000;
#SONGFILENAME:Songs/All Songs/act/act.sm;
#HASMUSIC:1;
#HASBANNER:1;
#MUSICLENGTH:110.569;
// end cache tags

//---------------dance-single - ----------------
#NOTES:
     dance-single:
     :
     Hard:
     11:
     1.000,1.000,1.000,0.904,0.972,672.000,161.000,100.000,0.000,0.000:  // measure 1
0000
0000
0000
0000
,  // measure 2
1001
0000
0010
0000
0010
0000
0000
0000
0011
0000
1000
0001
0100
0010
1000
0001
,  // measure 3
0010
0100
1000
0000
0001
0000
0000
0101
0000
0000
2002
0000
0000
0000
3003
0000
,  // measure 4
1001
0000
0100
0000
0100
0000
0000
0000
1010
0000
0010
0100
0010
1000
0001
0010
,  // measure 5
0100
1001
0010
1000
0002
0000
0000
2003
0000
0000
3010
0000
0000
0000
0000
0000
,  // measure 6
0200
0000
0000
0000
0000
0000
0310
0000
1001
0000
0100
1000
0001
0100
0010
1000
,  // measure 7
0001
0010
0100
0000
1000
0000
0000
1010
0000
0000
2002
0000
0000
0000
3003
0000
,  // measure 8
0110
0000
0001
0000
1000
0000
0100
0010
0100
0001
1000
0010
0100
1001
0010
0001
,  // measure 9
2000
0000
0000
3002
0000
0000
0013
0000
0000
0000
0000
0000
0000
0000
0000
0000
,  // measure 10
0020
0000
0000
0000
0000
0000
0130
0000
1001
0000
0001
0010
0001
0100
0010
1000
,  // measure 11
0100
0010
0001
0000
0010
0000
0000
1001
0000
0000
0220
0000
0000
0000
0330
0000
,  // measure 12
1001
0000
0001
1000
0001
0100
0010
1000
0001
1000
0100
0010
0100
1000
0001
0100
,  // measure 13
0010
1000
0001
1000
0020
0000
0000
0230
0000
0000
0301
0000
0000
0000
0000
0000
,  // measure 14
0022
0000
0000
0000
0030
0000
1003
0000
1000
0100
0010
0001
0100
0010
1000
0001
,  // measure 15
0010
0100
1000
0001
0100
0001
0010
0000
0010
0000
0000
0000
0100
1000
0000
0000
,  // measure 16
2002
0000
3000
0020
0000
0003
0200
0000
0030
2000
0000
0300
0020
0000
3000
0200
,  // measure 17
0000
0030
0002
0000
0300
2000
0000
0003
0200
0000
3000
0020
0000
0000
0330
0000
,  // measure 18
1001
0000
1001
0000
0001
0100
0010
1000
0001
0010
0100
1000
0010
1000
0010
0000
,  // measure 19
1001
0000
1001
0000
1000
0100
0010
0001
1000
0010
0100
0001
0010
0001
0010
0000
,  // measure 20
1100
0000
0101
0000
0010
1000
0001
0010
0100
1000
0001
0100
0010
1000
0100
0000
,  // measure 21
0101
0000
1100
0000
0010
0001
1000
0010
0100
0001
1000
0100
0010
0001
0100
0000
,  // measure 22
0110
0000
0110
0000
0001
1000
0001
1000
0010
0100
0010
0100
0001
0010
1000
0000
,  // measure 23
0110
0000
0110
0000
1000
0001
1000
0001
0010
0100
0010
0100
1000
0010
0001
0000
,  // measure 24
0011
0000
1001
0000
0010
0100
0001
0010
0100
1000
0010
0100
1000
0100
0001
0000
,  // measure 25
1010
0000
1001
0000
0010
0100
1000
0010
0100
0001
0010
0100
0001
0100
1000
0000
,  // measure 26
0110
0000
0101
0000
0001
1000
0100
0001
0100
1000
0001
0100
1000
0010
0100
0000
,  // measure 27
0110
0000
1100
0000
1000
0001
0100
1000
0100
0001
1000
0100
0001
0010
0100
0000
,  // measure 28
1001
0000
0110
0000
0001
1000
0010
0100
0001
1000
0100
0010
1000
0010
0001
0000
,  // measure 29
0110
0000
1001
0000
1000
0001
0010
0100
1000
0001
0100
0010
0001
0010
1000
0000
,  // measure 30
0011
0000
1100
0000
0010
0001
1000
0100
0010
0100
0010
0001
1000
0010
0100
0000
,  // measure 31
1010
0000
0101
0000
0010
1000
0001
0100
0010
0100
0010
1000
0001
0010
0100
0000
,  // measure 32
1001
0000
1001
0000
0100
0010
0100
0010
1000
0001
0010
0100
1000
0010
0100
0000
,  // measure 33
2002
0000
0000
0000
0000
0000
0000
3003
,  // measure 34
0010
0012
0000
1003
1020
0000
0130
0102
,  // measure 35
0000
0000
1003
0000
1200
0000
0000
0000
0310
0000
0001
0100
0010
1000
0100
0010
,  // measure 36
0001
2100
0000
3001
1020
0000
0130
0012
,  // measure 37
0000
0000
0013
0000
0201
0000
0000
0000
0301
0010
0100
1000
0020
0000
0030
0000
,  // measure 38
0011
0022
0033
1010
2020
3030
1100
1100
,  // measure 39
0100
0000
0101
0000
0101
0000
0010
0000
1000
0001
1000
0000
0110
0000
0000
0000
,  // measure 40
0011
0010
0000
1010
0010
0000
0110
0010
,  // measure 41
0000
0000
1001
0010
1000
0100
0010
0001
1000
0000
0001
0100
0001
0000
0000
0000
,  // measure 42
1000
0100
1000
0000
0000
0000
0010
0100
0010
0000
0000
0000
0010
0100
1001
0000
,  // measure 43
0000
0000
1001
0010
0001
0100
0010
1000
0001
0010
0100
1000
0001
0000
0000
0000
,  // measure 44
0100
0001
1000
0000
0000
0000
0110
1000
0001
0000
0000
0000
0110
0001
1000
0000
,  // measure 45
0000
0010
0010
0100
1001
0011
1001
0000
,  // measure 46
1010
1001
0000
0110
1001
0000
0011
1001
,  // measure 47
0110
0000
1100
0000
0101
0000
0110
0000
1010
0000
1000
0100
1000
0100
0010
0001
,  // measure 48
0010
0001
1000
0001
1000
0000
1001
0000
0010
0000
1001
0000
0010
0000
1001
0000
,  // measure 49
0010
0000
1001
0000
0010
0000
1001
0000
1001
0000
0110
0000
0001
0010
0100
1000
,  // measure 50
0100
0000
0001
0010
0001
0010
0001
0000
1000
0000
0010
0000
0100
0001
1000
0100
,  // measure 51
0010
0000
1001
0000
0100
0000
0100
0000
0110
0000
0000
0001
1000
0000
0010
0000
,  // measure 52
0101
0000
1000
0000
1000
0000
0001
2000
0000
0000
3001
0000
0001
2000
0000
0000
,  // measure 53
3001
0000
0010
0000
0010
0000
0110
0000
0000
0200
0000
0300
0000
0200
0000
0300
,  // measure 54
0000
0100
0000
1001
0000
0000
0000
0220
0000
0000
0000
0330
0000
0022
0000
0033
,  // measure 55
0000
2020
0000
3030
0000
0001
0000
1000
0000
0100
0000
0000
0000
0010
0000
0000
,  // measure 56
2002
0000
0000
0000
,  // measure 57
0000
3003
0000
0022
0000
0033
0022
0000
,  // measure 58
0033
2200
0000
3300
2200
0300
0000
3001
,  // measure 59
0000
0000
0000
2020
0000
3030
2020
0000
,  // measure 60
3030
0202
0000
0303
0202
0300
0000
1003
,  // measure 61
0000
0000
0000
2002
0000
3003
2002
0000
,  // measure 62
3003
0220
0000
0330
0220
0300
0000
0130
,  // measure 63
0000
0000
0000
0022
0000
0033
2020
0000
,  // measure 64
3030
2200
0000
3300
0202
0000
0303
1001
,  // measure 65
0000
0000
0000
0010
0012
0000
1003
1020
,  // measure 66
0000
0130
0102
0000
1003
1200
0000
0310
,  // measure 67
0001
0100
0010
1000
0100
0010
0001
0000
2100
0000
0000
0000
3001
0000
1020
0000
,  // measure 68
0000
0000
0130
0000
0012
0000
0000
0000
0013
0000
0201
0000
0000
0000
0301
0010
,  // measure 69
0100
1000
0010
0100
0001
0000
0011
0000
0022
0000
0033
0000
1010
0000
2020
0000
,  // measure 70
3030
0000
1100
0000
1100
0000
0100
0000
0101
0000
0101
0000
0010
0000
1000
0001
,  // measure 71
1000
0110
0010
0011
0010
0000
1010
0010
,  // measure 72
0000
0000
0110
0000
0010
0000
1001
0010
1000
0100
0010
0001
1000
0001
0100
0001
,  // measure 73
1000
0100
0010
0001
1000
0001
1000
0100
2000
0000
3000
0000
0010
0100
0010
0000
,  // measure 74
0000
0000
0010
0100
1001
0000
0000
0000
0100
0010
1001
0000
0000
0000
1001
0010
,  // measure 75
0001
0100
0010
1000
0001
0010
0100
1000
0001
0000
0000
0000
0100
0001
1000
0000
,  // measure 76
0000
0000
0110
1000
0001
0000
0000
0000
0110
0001
1000
0000
0000
0000
0010
0000
,  // measure 77
0010
0100
1001
0011
1001
0000
1010
1001
,  // measure 78
0000
0110
1001
0000
0011
1001
0110
1100
,  // measure 79
0101
0000
0110
0000
1010
0000
1000
0100
1000
0100
0010
0001
0010
0001
1000
0001
,  // measure 80
1000
0001
0100
0010
0100
0010
1000
0100
0001
0100
1000
0010
0001
0010
1000
0100
,  // measure 81
0010
0001
1000
0010
0100
0001
1000
0100
0020
0000
0000
0000
0000
0000
0000
0000
,  // measure 82
0000
0030
0000
0000
;
