#TITLE:Hyper Boundary Gate;
#SUBTITLE:;
#ARTIST:L.E.D. Light;
#TITLETRANSLIT:;
#SUBTITLETRANSLIT:;
#ARTISTTRANSLIT:;
#CREDIT:;
#BANNER:hyperboundary-banner.png;
#BACKGROUND:hyperboundary-bg.png;
#LYRICSPATH:;
#CDTITLE:!cynicTitle.png;
#MUSIC:HYPER BOUNDARY GATE - L.E.D.LIGHT.mp3;
#OFFSET:-5.136;
#SAMPLESTART:41.414;
#SAMPLELENGTH:12.000;
#SELECTABLE:YES;
#BPMS:0.000=152.000;
#STOPS:;
#BGCHANGES:;
// cache tags:
#FIRSTBEAT:0.000;
#LASTBEAT:294.000;
#SONGFILENAME:Songs/All Songs/hyperboundarygate/hyperboundary.sm;
#HASMUSIC:1;
#HASBANNER:1;
#MUSICLENGTH:122.462;
// end cache tags

//---------------dance-single - ----------------
#NOTES:
     dance-single:
     :
     Hard:
     11:
     1.000,1.000,0.596,0.188,1.000,822.000,73.000,23.000,0.000,0.000:  // measure 1
2002
0000
0000
0000
,  // measure 2
3003
0000
0000
0000
,  // measure 3
1100
0101
0011
1010
,  // measure 4
0011
0000
0000
0000
0101
0000
0000
0000
1100
0000
0000
0000
1010
0000
0000
0011
,  // measure 5
1001
0100
0100
0100
,  // measure 6
0010
0000
0000
0000
0000
0000
0010
0000
0000
0000
0000
0000
0010
0000
0000
0000
0001
0010
0100
1000
0010
0100
0001
0010
0100
0000
1000
0000
0001
0000
1000
0000
,  // measure 7
0012
1003
0100
1000
0001
1000
1000
1010
,  // measure 8
1010
0011
0011
1100
1100
0101
0101
1001
,  // measure 9
0100
1000
0010
0100
0001
1000
1000
1002
,  // measure 10
0100
1000
0010
2003
0100
0001
0010
3001
,  // measure 11
2100
3001
0010
0001
1000
0001
0001
0101
,  // measure 12
0101
1100
1100
0011
0011
1010
1010
1001
,  // measure 13
0010
0001
0100
0010
1000
0001
0001
2001
,  // measure 14
0010
0001
0100
3002
0010
1000
0100
1003
,  // measure 15
0100
1000
1000
0010
0100
0001
0010
0100
0010
0001
1000
0010
0100
0001
0010
0010
,  // measure 16
0010
0010
0010
0100
1000
1000
0100
0010
0001
0001
0001
0100
0010
1000
0100
0010
,  // measure 17
0001
0100
0100
0010
1000
0100
0010
0001
1000
0010
0100
0001
0010
0100
1000
1000
,  // measure 18
1000
1000
1000
0010
0100
0100
0001
0010
0100
0100
0100
1000
0010
0100
0001
1000
,  // measure 19
1000
0100
0100
0010
0001
1000
0010
0100
0001
0010
0100
1000
0010
1000
0010
0010
,  // measure 20
0010
0010
0010
0100
0001
0001
0010
0100
1000
1000
1000
0010
0100
0001
0100
0010
,  // measure 21
1000
0100
0100
0010
0001
0100
0010
1000
0100
1000
0010
0100
0001
0010
0100
0100
,  // measure 22
0100
0100
0100
1000
0010
0010
0100
0001
0010
0010
0010
0100
1000
0010
0100
0001
,  // measure 23
1000
0100
1000
0100
0100
1000
0100
1000
1000
0010
1000
0010
0010
1000
0010
1000
,  // measure 24
0100
0010
0100
0010
0010
0100
0010
0100
0100
0001
0100
0001
0001
0100
0001
0100
,  // measure 25
0010
0001
0010
0001
0001
0010
0001
0010
0010
0100
0010
0100
0100
0010
0100
0010
,  // measure 26
1000
0100
1000
0100
0100
1000
0100
1000
1000
0001
1000
0001
0001
1000
0001
1000
,  // measure 27
0010
0100
0001
1000
0100
0010
0001
0100
0010
1000
0100
0010
0001
0010
1000
0010
,  // measure 28
0001
0100
1000
0100
0001
0010
0100
1000
0010
0100
0001
1000
0001
0010
0100
0010
,  // measure 29
1000
0010
0001
0100
0010
1000
0100
0010
0001
0100
1000
0100
0001
0010
0100
1000
,  // measure 30
0010
0100
0010
0001
0010
0100
0010
1000
0001
0010
0100
1000
0010
0100
0001
1000
,  // measure 31
1001
1001
1001
1001
,  // measure 32
1100
0000
0000
0000
1100
0000
0000
0000
1100
0000
0000
0000
1100
0000
0000
1100
,  // measure 33
0101
0101
0101
0101
,  // measure 34
0011
0000
0000
0000
0011
0000
0000
0000
0011
0000
0000
0000
0011
0000
0000
0011
,  // measure 35
1100
1100
1100
1100
,  // measure 36
1010
0000
0000
0000
1010
0000
0000
0000
1010
0000
0000
0000
1010
0000
0000
1010
,  // measure 37
0101
0101
0101
0101
,  // measure 38
1001
0000
0000
0000
1001
0000
0000
0000
1001
0000
0000
0000
0001
1000
0001
1000
,  // measure 39
0010
0100
0001
1000
0100
0010
0001
0100
0010
1000
0100
0010
0001
0010
1000
0010
,  // measure 40
0001
0100
1000
0100
0001
0010
0100
1000
0010
0100
0001
1000
0001
0010
0100
0010
,  // measure 41
1000
0010
0001
0100
0010
1000
0100
0010
0001
0100
1000
0100
0001
0010
0100
1000
,  // measure 42
0010
0100
0010
0001
0010
0100
0010
1000
0001
0010
0100
1000
0010
0100
0001
1000
,  // measure 43
0010
0100
0001
1000
0100
0010
0001
0100
0010
1000
0100
0010
0001
0010
1000
0010
,  // measure 44
0001
0100
1000
0100
0001
0010
0100
1000
0010
0100
0001
1000
0001
0010
0100
0010
,  // measure 45
1000
0010
0001
0100
0010
1000
0100
0010
0001
0100
1000
0100
0001
0010
0100
1000
,  // measure 46
0010
0100
0010
0001
0010
0100
0010
1000
0001
0010
0100
1000
0010
0100
0001
1000
,  // measure 47
2002
0000
0000
3003
,  // measure 48
0220
0000
0000
0330
,  // measure 49
1002
0100
1000
0010
,  // measure 50
2003
0100
0001
0010
,  // measure 51
3002
0100
1000
0010
,  // measure 52
2003
0100
0001
0010
,  // measure 53
3001
0100
0010
1000
0100
0010
0001
1000
,  // measure 54
2002
0000
0000
3003
,  // measure 55
0100
1000
1000
0010
0100
0001
0010
0100
0010
0001
1000
0010
0100
0001
0010
0010
,  // measure 56
0010
0010
0010
0100
1000
1000
0100
0010
0001
0001
0001
0100
0010
1000
0100
0010
,  // measure 57
0001
0100
0100
0010
1000
0100
0010
0001
1000
0010
0100
0001
0010
0100
1000
1000
,  // measure 58
1000
1000
1000
0010
0100
0100
0001
0010
0100
0100
0100
1000
0010
0100
0001
1000
,  // measure 59
1000
0100
0100
0010
0001
1000
0010
0100
0001
0010
0100
1000
0010
1000
0010
0010
,  // measure 60
0010
0010
0010
0100
0001
0001
0010
0100
1000
1000
1000
0010
0100
0001
0100
0010
,  // measure 61
1000
0100
0100
0010
0001
0100
0010
1000
0100
1000
0010
0100
0001
0010
0100
0100
,  // measure 62
0100
0100
0100
1000
0010
0010
0100
0001
0010
0010
0010
0100
1000
0010
0100
0001
,  // measure 63
0100
1000
1000
0010
0100
0001
0010
0100
0010
0001
1000
0010
0100
0001
0010
0010
,  // measure 64
0010
0010
0010
0100
1000
1000
0100
0010
0001
0001
0001
0100
0010
1000
0100
0010
,  // measure 65
0001
0100
0100
0010
1000
0100
0010
0001
1000
0010
0100
0001
0010
0100
1000
1000
,  // measure 66
1000
1000
1000
0010
0100
0100
0001
0010
0100
0100
0100
1000
0010
0100
0001
1000
,  // measure 67
1000
0100
0100
0010
0001
1000
0010
0100
0001
0010
0100
1000
0010
1000
0010
0010
,  // measure 68
0010
0010
0010
0100
0001
0001
0010
0100
1000
1000
1000
0010
0100
0001
0100
0010
,  // measure 69
1000
0100
0100
0010
0001
0100
0010
1000
0100
1000
0010
0100
0001
0010
0100
0100
,  // measure 70
0100
0100
0100
1000
0010
0010
0100
0001
0010
0010
0010
0100
1000
0010
0100
0001
,  // measure 71
1002
0000
0000
1000
0000
0000
1000
0000
0000
1000
0000
0000
1003
0000
0001
0010
,  // measure 72
0100
2000
0000
0001
0000
0000
0001
0000
0000
0001
0000
0000
3001
0000
0100
0001
,  // measure 73
0010
0200
0000
0010
0000
0000
0010
0000
0000
0010
0000
0000
0310
0000
0100
1000
,  // measure 74
2002
0000
3003
0000
;
