#TITLE:MAXX UNLIMITED;
#SUBTITLE:;
#ARTIST:Z;
#TITLETRANSLIT:;
#SUBTITLETRANSLIT:;
#ARTISTTRANSLIT:;
#CREDIT:;
#BANNER:MAXX UNLIMITED.png;
#BACKGROUND:MAXX UNLIMITED-bg.png;
#LYRICSPATH:;
#CDTITLE:!konamiTitle.png;
#MUSIC:MAXX UNLIMITED.mp3;
#OFFSET:-0.857;
#SAMPLESTART:13.600;
#SAMPLELENGTH:12.000;
#SELECTABLE:YES;
#BPMS:0.000=300.000,160.000=280.000,192.000=300.000,224.000=150.000,240.000=300.000,272.000=140.000,280.000=125.000,281.000=48.000,282.000=320.000;
#STOPS:282.000=1.500
;
#BGCHANGES:;
// cache tags:
#FIRSTBEAT:32.000;
#LASTBEAT:458.000;
#SONGFILENAME:Songs/All Songs/MAXX UNLIMITED/MAXX UNLIMITED.sm;
#HASMUSIC:1;
#HASBANNER:1;
#MUSICLENGTH:101.986;
// end cache tags

//---------------dance-single - ----------------
#NOTES:
     dance-single:
     :
     Hard:
     10:
     0.923,1.000,0.441,0.579,0.078,555.000,45.000,59.000,0.000,0.000:  // measure 1
0000
0000
0000
0000
,  // measure 2
0000
0000
0000
0000
,  // measure 3
0000
0000
0000
0000
,  // measure 4
0000
0000
0000
0000
,  // measure 5
0000
0000
0000
0000
,  // measure 6
0000
0000
0000
0000
,  // measure 7
0000
0000
0000
0000
,  // measure 8
0000
0000
0000
0000
,  // measure 9
1000
0010
1000
0010
,  // measure 10
1000
0000
0010
0000
0100
0001
0010
0000
,  // measure 11
0001
0010
0001
0010
,  // measure 12
0001
0000
0010
0000
0100
1000
0010
1000
,  // measure 13
0010
1000
0001
0100
,  // measure 14
0010
0000
1000
0000
0001
1000
0100
0000
,  // measure 15
0010
0001
1000
0100
,  // measure 16
0010
0001
0010
0001
1000
0100
1000
0100
,  // measure 17
0010
0000
0010
0002
0000
1003
0000
1000
,  // measure 18
0010
0000
0010
2000
0000
3001
0000
0001
,  // measure 19
0010
0000
0001
2000
0000
3100
0000
0100
,  // measure 20
0010
0001
0000
0100
0000
0010
0000
1000
,  // measure 21
0010
0000
0010
2000
0000
3001
0000
0001
,  // measure 22
0010
0000
0010
0002
0000
1003
0000
1000
,  // measure 23
0010
0000
1000
0002
0000
0103
0000
0100
,  // measure 24
0010
1000
0000
0100
0000
0010
0000
0001
,  // measure 25
0100
0000
0100
0002
0000
1003
0000
1000
,  // measure 26
0100
0000
0100
2000
0000
3001
0000
0001
,  // measure 27
1000
0000
1000
0002
0000
0103
0000
0100
,  // measure 28
0101
1001
1100
1001
,  // measure 29
0010
0000
0100
2000
0000
3001
0000
0001
,  // measure 30
0100
0000
0010
2000
0000
3001
0000
0001
,  // measure 31
0010
0000
0001
2000
0000
3100
0000
0100
,  // measure 32
1100
1001
0101
1001
,  // measure 33
1000
0010
1000
0020
0000
1030
0000
1000
,  // measure 34
0001
0010
0001
0020
0000
0031
0000
0001
,  // measure 35
1000
0001
1000
0002
0000
0103
0000
0100
,  // measure 36
0110
1100
0110
0101
,  // measure 37
0001
0100
0001
2000
0000
3001
0000
0001
,  // measure 38
1000
0100
1000
0002
0000
1003
0000
1000
,  // measure 39
0010
0100
0010
0200
0000
0301
0000
0001
,  // measure 40
1000
0010
0100
0001
1000
0010
0100
0001
,  // measure 41
2000
0001
3000
0002
0100
0003
0200
0010
,  // measure 42
0300
0020
1000
0000
1000
0000
1030
0000
,  // measure 43
0002
1000
0003
2000
0010
3000
0020
0100
,  // measure 44
0030
0200
0001
0000
0001
0000
0301
0000
,  // measure 45
0020
0001
0030
0002
0100
0003
0200
0010
,  // measure 46
0300
0020
2000
0030
0001
0000
3001
0000
,  // measure 47
2000
0010
3000
0020
0100
0030
0200
0001
,  // measure 48
0300
0001
1000
0000
0010
1000
0001
0100
,  // measure 49
0010
1000
0010
0000
0100
0001
0100
0000
,  // measure 50
0010
1000
0010
0000
0100
0001
0100
0000
,  // measure 51
0010
1000
0010
0000
0100
0001
0100
0000
,  // measure 52
0010
1000
0010
0000
0100
0001
0100
0000
,  // measure 53
0010
1000
0100
0000
0010
0001
0100
0000
,  // measure 54
0010
1000
0100
0000
0010
0001
0100
0000
,  // measure 55
0010
1000
0100
0000
0010
0001
0100
0010
,  // measure 56
1000
0100
0010
0001
1000
0010
0100
0001
,  // measure 57
0000
0000
0200
0000
0000
0002
0300
0000
0020
0003
0000
0200
0030
0000
2000
0300
,  // measure 58
0000
0000
3020
0000
0000
2000
0030
0000
0002
3000
0000
0200
0003
0000
0010
0300
,  // measure 59
0010
0000
2000
0000
0000
0200
3000
0000
0020
0300
0000
0002
0030
0000
0200
0003
,  // measure 60
0000
0000
0320
0000
0000
2000
0030
0000
0200
3000
0000
0010
0300
0000
0001
0000
,  // measure 61
0100
0000
0010
1000
0000
0010
0100
0000
,  // measure 62
0001
0100
0000
0001
0010
0000
0011
0000
,  // measure 63
0100
0000
0010
0001
0000
0010
0100
0000
,  // measure 64
1000
0100
0000
1000
0010
0000
1010
0000
,  // measure 65
0100
0000
0001
0100
0000
0010
1000
0000
,  // measure 66
0001
0100
0000
0010
1000
0000
1010
0000
,  // measure 67
0010
1000
0010
0000
0100
0001
0100
0000
,  // measure 68
0010
1000
0100
0010
0001
0100
0010
1000
,  // measure 69
0000
0000
0001
1000
0000
1000
0100
0000
0100
0010
0000
0010
0001
0000
1000
0000
,  // measure 70
0001
0000
0010
0001
0000
0001
0100
0000
0100
0010
0000
0010
1000
0000
0001
0000
,  // measure 71
2002
0000
0000
0000
0000
0000
0000
0000
0000
0000
0000
0000
0000
3003
0000
0000
0000
0000
1000
0000
0000
0000
0000
0000
,  // measure 72
0010
0100
0001
1000
,  // measure 73
0100
0010
0001
1000
,  // measure 74
0010
0100
0001
0010
,  // measure 75
0001
0000
0000
1000
0000
1000
0010
0000
,  // measure 76
0100
0000
0001
0100
0001
0000
0010
0000
,  // measure 77
0100
0000
1000
0100
1000
0000
0001
0000
,  // measure 78
1000
0000
0010
0100
0010
0000
0100
0000
,  // measure 79
0001
1000
0000
1000
0001
0000
0100
0000
,  // measure 80
0001
0000
1000
0100
1000
0000
0100
0000
,  // measure 81
1000
0000
0001
0100
0001
0000
0100
0000
,  // measure 82
0010
0000
1000
0001
1000
0000
0100
0000
,  // measure 83
0010
0000
0100
0000
0001
1000
0100
0000
,  // measure 84
0010
0000
0100
0000
1000
0001
0010
0000
,  // measure 85
1001
0000
0100
0000
1001
0000
0010
0001
,  // measure 86
0010
0000
0100
1000
0100
0000
0010
0001
,  // measure 87
0100
0010
1000
0100
0010
0001
0011
0000
,  // measure 88
0000
0101
0000
0000
1001
0000
1010
0000
,  // measure 89
0000
1100
0000
0000
1001
0000
0011
0000
,  // measure 90
0001
0100
0000
0000
0001
0100
0010
1000
,  // measure 91
2002
0000
3003
1010
,  // measure 92
1000
0100
0000
0000
1001
0000
0011
0000
,  // measure 93
0001
0100
0000
0000
1001
0000
0101
0000
,  // measure 94
0010
1000
0000
0000
1001
0000
1100
0000
,  // measure 95
1001
0000
0101
0000
1001
0000
0010
0001
,  // measure 96
0010
0001
0000
0000
1000
0000
0010
1000
,  // measure 97
0010
1000
0000
0000
0001
0000
0010
0001
,  // measure 98
0000
1000
0100
0000
1001
0000
0010
1000
,  // measure 99
0001
0000
0110
0000
0110
0000
0010
0001
,  // measure 100
1000
0100
0000
0000
1000
0000
0010
1000
,  // measure 101
0001
0100
0000
0000
0001
0000
1000
0100
,  // measure 102
0000
0010
0001
0000
1001
0000
0010
0001
,  // measure 103
1000
0000
0110
0000
0110
0000
0010
1000
,  // measure 104
0100
0000
0010
0001
0100
0000
0010
1000
,  // measure 105
0100
0010
0001
0100
0010
0000
0100
0001
,  // measure 106
0010
0000
0100
1000
0010
0000
0100
0001
,  // measure 107
1000
0000
1000
0100
0010
0001
0100
0010
,  // measure 108
1000
0000
0100
0010
0001
0000
0100
0010
,  // measure 109
1000
0100
0010
0001
0100
0000
0100
0000
,  // measure 110
0010
0100
0000
0000
1001
0000
0100
0000
,  // measure 111
0010
0100
0000
0000
1000
0001
0210
0000
,  // measure 112
0300
0002
1000
0003
0001
1000
0010
0100
,  // measure 113
0001
0010
0100
1000
0001
0100
2002
0000
,  // measure 114
0000
0000
0000
0000
,  // measure 115
0000
0000
3003
0000
;
