#TITLE:abstract;
#SUBTITLE:;
#ARTIST:TaQ;
#TITLETRANSLIT:;
#SUBTITLETRANSLIT:;
#ARTISTTRANSLIT:;
#CREDIT:;
#BANNER:abstract-banner.png;
#BACKGROUND:abstract-bg.png;
#LYRICSPATH:;
#CDTITLE:!cynicTitle.png;
#MUSIC:TaQ - abstract.mp3;
#OFFSET:-1.513;
#SAMPLESTART:25.526;
#SAMPLELENGTH:12.000;
#SELECTABLE:YES;
#BPMS:0.000=250.000;
#STOPS:;
#BGCHANGES:;
// cache tags:
#FIRSTBEAT:31.000;
#LASTBEAT:433.500;
#SONGFILENAME:Songs/All Songs/abstract/abstract.sm;
#HASMUSIC:1;
#HASBANNER:1;
#MUSICLENGTH:107.107;
// end cache tags

//---------------dance-single - ----------------
#NOTES:
     dance-single:
     :
     Hard:
     11:
     1.000,1.000,0.775,0.019,0.233,744.000,83.000,2.000,0.000,0.000:  // measure 1
0000
0000
0000
0000
,  // measure 2
0000
0000
0000
0000
,  // measure 3
0000
0000
0000
0000
,  // measure 4
0000
0000
0000
0000
,  // measure 5
0000
0000
0000
0000
,  // measure 6
0000
0000
0000
0000
,  // measure 7
0000
0000
0000
0000
,  // measure 8
0000
0000
0000
0000
0000
0000
0001
0100
,  // measure 9
1010
0000
0010
1000
0100
0000
0100
1000
,  // measure 10
0001
0000
0001
0100
0010
1000
1100
0000
,  // measure 11
1000
0100
0010
0000
0001
0100
0010
0000
,  // measure 12
1000
0001
0100
0010
1010
0000
1000
0010
,  // measure 13
0100
0000
0001
1000
0100
0000
0010
0001
,  // measure 14
1000
0100
1100
0000
0010
1000
0100
0000
,  // measure 15
0010
0001
0100
0001
0000
0010
0100
0000
,  // measure 16
1000
0010
0100
0000
0001
0010
0100
0000
,  // measure 17
1000
0010
0100
0001
1010
0000
0010
1000
,  // measure 18
0001
0000
1000
0001
0100
0000
0001
1000
,  // measure 19
0100
1000
1001
0000
0001
1000
0010
0000
,  // measure 20
1000
0001
0010
0000
0001
1000
0010
0100
,  // measure 21
0011
0000
0001
0010
0100
0000
1000
0010
,  // measure 22
0100
0001
0000
0001
0000
0001
0000
0010
,  // measure 23
0100
0000
1000
0001
0100
0000
0001
0100
,  // measure 24
0010
0000
1000
0010
0100
0001
1100
0000
,  // measure 25
0100
1000
0001
0000
1000
0010
0100
0000
,  // measure 26
0001
0100
1000
0100
0011
0000
0001
0010
,  // measure 27
0100
0000
1000
0001
0100
0000
0010
1000
,  // measure 28
0100
0010
0101
0000
0001
0100
0010
0000
,  // measure 29
1000
0100
0010
0001
0000
0010
0100
0000
,  // measure 30
1000
0001
0100
0000
0001
1000
0010
0000
,  // measure 31
1000
0001
0010
0001
1100
0000
0100
1000
,  // measure 32
0010
0000
0100
0001
0010
0000
0001
0010
,  // measure 33
0100
1000
1010
0000
0010
1000
0001
0000
,  // measure 34
0010
0001
0100
0000
0010
1000
0001
0010
,  // measure 35
1100
0000
0010
1000
0001
0101
0000
1010
,  // measure 36
0000
1100
0000
0011
0000
1001
0000
0110
,  // measure 37
0000
0101
0000
1100
0000
1010
0000
0011
,  // measure 38
0000
0110
0000
1001
0000
1100
0000
0101
,  // measure 39
0000
1100
0000
0110
0110
1001
0000
0000
,  // measure 40
0001
1010
0001
0000
0010
0000
0100
0000
,  // measure 41
1100
0101
1100
0000
0001
0000
0100
0000
,  // measure 42
1010
0011
1010
0000
0010
0000
0100
0001
,  // measure 43
0010
1100
0000
0000
0011
0101
0011
0000
,  // measure 44
0010
0000
0100
0000
1100
1010
0011
0000
,  // measure 45
0001
0000
0100
0000
0101
1100
1010
0000
,  // measure 46
0010
0000
1000
0001
0100
0011
0000
0001
,  // measure 47
0010
0100
0010
0001
1000
0010
0100
0001
,  // measure 48
1000
0000
0001
1000
0010
0100
0001
0000
0100
0000
0001
0000
0010
0000
0100
0010
,  // measure 49
0001
1000
0010
0000
1000
0000
0001
0000
0100
0000
0010
0000
1000
0000
0001
0000
,  // measure 50
0100
0001
0100
0010
1000
0100
0001
0100
,  // measure 51
1000
0000
0010
0000
0001
0000
0010
0000
1000
0000
0100
0010
0001
0100
0010
0000
,  // measure 52
1000
0000
0100
0000
1000
0000
0100
0010
0001
1000
0001
0000
0100
0000
0010
0000
,  // measure 53
1000
0001
0100
0010
1000
0100
0010
0001
,  // measure 54
1000
0100
1000
0010
0100
0001
0010
0100
,  // measure 55
1000
0000
0001
1000
0010
0100
0001
0000
1000
0000
0100
0000
0010
0000
0001
0100
,  // measure 56
0010
0100
0001
0000
0010
0000
0100
0000
1000
0000
0001
0000
0010
0000
0100
0000
,  // measure 57
1000
0010
1000
0001
0100
0010
1000
0001
,  // measure 58
0010
0000
0100
0000
1000
0000
0010
0000
0100
0000
0001
0100
0001
0100
0010
0000
,  // measure 59
1000
0000
0001
0000
0010
0000
0100
1000
0001
0100
0010
0000
1000
0000
0001
0000
,  // measure 60
0010
0100
1000
0001
0100
0001
1001
1000
,  // measure 61
1001
0001
0010
0001
0010
0100
1000
0100
,  // measure 62
1000
0000
0001
0000
1000
0000
0001
0000
1000
0000
0001
0100
0010
1000
0100
0000
,  // measure 63
0010
0000
0001
0000
0100
0000
0010
1000
0100
0010
0001
0000
0100
0000
0001
0000
,  // measure 64
0010
0100
1000
0010
0100
0001
1000
0010
,  // measure 65
0100
0001
0010
0100
1000
0010
1000
0001
,  // measure 66
0100
0000
0010
0000
1000
0000
0001
0000
0010
0000
0100
1000
0010
0100
0001
0000
,  // measure 67
1000
0000
0001
0000
1000
0000
0010
0100
0001
0010
0100
0000
1000
0000
0001
0000
,  // measure 68
0100
0010
1000
0001
0010
0100
1000
0001
,  // measure 69
0010
1000
0010
0001
0100
1000
0100
0001
,  // measure 70
0010
0000
0100
0000
1000
0000
0010
0000
0100
0000
0001
0010
0100
1000
0010
0000
,  // measure 71
1000
0000
0001
0000
0100
0000
0010
1000
0001
0010
0100
0000
1000
0000
0001
0000
,  // measure 72
0100
0010
1000
0001
1000
0100
1000
0001
,  // measure 73
1000
1001
0000
1000
1000
0100
0100
0010
,  // measure 74
0010
0000
0001
0000
0001
0000
0100
0000
0100
0000
0010
1000
0001
0100
0010
0000
,  // measure 75
0010
0000
1000
0000
1000
0000
0100
0010
0001
1000
0100
0000
0100
0000
0010
0000
,  // measure 76
0010
0001
0001
0100
0100
0220
0000
0000
,  // measure 77
0330
1001
0000
0001
0100
0010
1000
0100
,  // measure 78
0010
0000
0001
0000
0100
0000
0010
0000
0100
0000
0101
0010
0100
1000
0010
0000
,  // measure 79
0100
0000
0010
0000
1000
0000
1100
0100
0001
0100
0010
0000
1000
0000
0010
0000
,  // measure 80
1000
0001
0010
0100
1000
1001
0000
1000
,  // measure 81
0010
0100
0001
0010
0100
1000
0001
1000
,  // measure 82
0010
0000
1010
0001
0010
0100
1000
0000
0001
0000
1000
0000
0010
0000
0101
0001
,  // measure 83
0010
0100
1000
0000
0001
0000
0100
0000
0010
0000
1000
0000
0001
0000
1001
0000
,  // measure 84
0000
0001
0100
0010
1000
0100
0010
0001
,  // measure 85
0010
0000
0100
0000
1000
0000
1010
0100
0001
0010
0001
0000
1000
0000
0001
0000
,  // measure 86
0100
0000
1010
1000
0001
0010
0001
0000
0010
0000
0001
0000
1000
0000
0010
0000
,  // measure 87
0100
0001
1000
1001
0000
0001
0100
0001
,  // measure 88
1000
0000
0010
0000
1000
0000
0001
0000
0010
0000
0100
0000
1000
0000
1100
0100
,  // measure 89
1000
0100
0001
0000
0010
0000
0100
0000
1000
0000
1010
0100
0001
1000
0001
0000
,  // measure 90
0010
0100
1000
0010
0100
0001
0100
0001
,  // measure 91
0100
0010
1000
0010
1000
0100
1000
0100
,  // measure 92
1000
0001
0010
0100
1000
0100
1000
0010
,  // measure 93
0100
0000
0001
0010
0001
0010
0001
0100
,  // measure 94
0001
1000
0100
0010
0001
0010
0001
0100
,  // measure 95
0010
0000
1000
0100
1000
0100
1000
0010
,  // measure 96
1000
0001
0010
0100
1000
0100
1000
0010
,  // measure 97
0100
0000
0001
0010
0001
0010
0001
0100
,  // measure 98
0001
1000
0100
0010
0001
0010
0001
0100
,  // measure 99
0010
0000
1000
0100
1000
0100
1000
0010
,  // measure 100
1000
0001
0010
0100
1000
0100
1000
0010
,  // measure 101
0100
0000
0001
0010
0001
0010
0001
0100
,  // measure 102
0001
1000
0100
0010
0001
0010
0001
0100
,  // measure 103
0010
0000
1000
0100
1000
0100
1000
0010
,  // measure 104
1000
0001
0010
0100
1000
0100
1000
0010
,  // measure 105
0100
0001
0011
0000
0101
0000
1010
0000
,  // measure 106
1100
0101
1010
1001
,  // measure 107
0110
1001
0011
1100
,  // measure 108
0101
0000
0000
0000
1010
0000
0000
0000
1001
0000
0000
0000
1001
0100
0010
0000
,  // measure 109
1100
0000
0011
0100
1000
0000
0011
0000
0000
0000
0000
0000
0000
0000
0000
0000
;
