#TITLE:Pandemonium;
#SUBTITLE:;
#ARTIST:ZiGZaG;
#TITLETRANSLIT:;
#SUBTITLETRANSLIT:;
#ARTISTTRANSLIT:;
#CREDIT:;
#BANNER:pandemonium.png;
#BACKGROUND:pandemonium-bg.png;
#LYRICSPATH:;
#CDTITLE:!itg.png;
#MUSIC:Pandemonium_ITG.mp3;
#OFFSET:-0.177;
#SAMPLESTART:23.250;
#SAMPLELENGTH:13.020;
#SELECTABLE:YES;
#BPMS:0.000=330.000;
#STOPS:124.000=0.360
;
#BGCHANGES:;
// cache tags:
#FIRSTBEAT:15.000;
#LASTBEAT:616.000;
#SONGFILENAME:Songs/All Songs/RoXoR - Pandemonium/Pandemonium.sm;
#HASMUSIC:1;
#HASBANNER:1;
#MUSICLENGTH:115.023;
// end cache tags

//---------------dance-double - ----------------
#NOTES:
     dance-double:
     :
     Challenge:
     12:
     1.000,1.000,0.782,0.113,0.000,715.000,90.000,13.000,0.000,0.000:  // measure 1
00000000
00000000
00000000
00000000
,  // measure 2
00000000
00000000
00000000
00000000
,  // measure 3
00000000
00000000
00000000
00000000
,  // measure 4
00000000
00000000
00000000
10010000
,  // measure 5
01010000
00000000
00000000
00001000
,  // measure 6
00000000
00000000
00010000
00000000
,  // measure 7
00000110
00000000
00001001
00000000
,  // measure 8
00000100
00000010
00001000
00000001
00000010
00000100
00001000
00000001
,  // measure 9
00000100
00000000
00000010
00000000
00001000
00000001
00000100
00000010
,  // measure 10
00001000
00000000
00000100
00000000
00010000
00001000
00000000
01000000
,  // measure 11
00000000
00100000
01000000
00000000
00010000
00000000
10000000
01000000
,  // measure 12
00100000
00010000
01000000
00000000
00100000
10000000
00000000
10000000
,  // measure 13
01000000
00000000
10010000
00000000
10000000
01000000
00100000
00010000
,  // measure 14
01000000
00000000
01001000
00000000
00001000
00010000
00000000
00010000
,  // measure 15
00000100
00000000
00001100
00000000
00000001
00001000
00000010
00000100
,  // measure 16
00000001
00000010
00000000
00001100
00000000
00010000
00000100
00000000
,  // measure 17
00001000
00000000
00000010
00000000
00001000
00000100
00010000
00000010
,  // measure 18
00010000
00000000
00011000
00000000
01000000
00100000
00000000
01010000
,  // measure 19
00000000
00010000
10000000
00000000
01000000
00000000
00100000
00010000
,  // measure 20
10000000
00000000
01000000
00000000
00100000
00010000
00000000
00010000
,  // measure 21
01000000
00000000
01001000
00000000
00010000
00000100
00000000
00000100
,  // measure 22
00001000
00000000
00001001
00000000
00000010
00000100
00000000
00000100
,  // measure 23
00000001
00000000
00000110
00000000
00001000
00000100
00000010
00000001
,  // measure 24
00000100
00000010
00000000
00001000
00000000
00000010
00010000
00000000
,  // measure 25
00011000
00000000
01000000
00110000
,  // measure 26
00000000
01000000
10000000
00100000
,  // measure 27
01010000
00000000
00100000
01001000
,  // measure 28
00000000
00001000
00010000
00010010
,  // measure 29
00001010
00000000
00000001
00000010
,  // measure 30
00001100
00000000
00000001
00000100
,  // measure 31
00001010
00000000
01010000
00000000
,  // measure 32
10100000
00000000
10010000
11000000
,  // measure 33
00100000
00010000
01000000
00100000
10000000
00000000
10010000
00000000
,  // measure 34
00010000
01000000
00000000
01001000
00000000
00001000
00010000
00000000
,  // measure 35
00000010
00000000
00001000
00000100
00000010
00000000
00000011
00000000
,  // measure 36
00000001
00000100
00000000
00000100
00000010
00000000
00001010
00000000
,  // measure 37
00000100
00000001
00000010
00000100
00001000
00000000
00000010
00000000
,  // measure 38
00010000
00001000
00000000
00001000
01000000
00000000
01010000
00000000
,  // measure 39
00100000
10000000
01000000
00100000
00010000
01000000
00000000
01100000
,  // measure 40
00000000
00100000
10000000
00000000
10010000
00000000
01000000
00000000
,  // measure 41
00100000
10000000
01000000
00100000
00010000
00000000
01010000
00000000
,  // measure 42
00001000
00010000
00000000
00010100
00000000
00010000
00001000
00000000
,  // measure 43
00000100
00000000
00000001
00001000
00000100
00000000
00000011
00000000
,  // measure 44
00000001
00000100
00000000
00000100
00000010
00000000
00001001
00000000
,  // measure 45
00000010
00000100
00000000
00000100
00010000
00000000
00001100
00000000
,  // measure 46
00000001
00000100
00000000
00000100
00000010
00000000
00001010
00000000
,  // measure 47
00001000
00000100
00001000
00000001
00000100
00000010
00000000
00010000
,  // measure 48
00000000
00001000
00010000
00000000
01001000
00000000
00000000
00000000
,  // measure 49
00100000
01010000
00000000
00100000
,  // measure 50
01000000
00000000
10000000
00000000
01000000
00100000
00000000
00010000
,  // measure 51
01000000
00100000
10000000
01010000
,  // measure 52
01001000
00000000
00010000
00000000
,  // measure 53
00000010
00001100
00000000
00000000
,  // measure 54
00000010
00000000
00000001
00000000
00000100
00000010
00001000
00000000
,  // measure 55
00000100
00000010
00000001
00000000
00000100
00000010
00001000
00000100
,  // measure 56
00000010
00000001
00000100
00000000
00000010
00000000
00010000
00000000
,  // measure 57
00100000
00000000
10000000
00000000
00010000
01000000
00100000
10000000
,  // measure 58
01000000
00100000
00001000
00000000
00010000
00000000
00000100
00000000
,  // measure 59
00000010
00000000
00000100
00000000
00001000
00000001
00000100
00000010
,  // measure 60
00001000
00000100
00000010
00000000
00000100
00000000
00010000
00000000
,  // measure 61
00100000
00000000
00010000
00000000
00001000
01000000
00010000
01000000
,  // measure 62
00100000
10000000
01000000
00100000
00010000
01000000
00100000
00000000
,  // measure 63
01000000
00001000
00010000
00000000
00000010
00010000
00001000
00010000
,  // measure 64
00000100
00001000
00000100
00000000
00000010
00000000
00000001
00000000
,  // measure 65
00000100
00000000
00000010
00000000
00001000
00000100
00000010
00000001
,  // measure 66
00000100
00000010
00001000
00000000
00000100
00000000
00010000
00000000
,  // measure 67
00001000
00000000
01000000
00000000
00100000
01000000
00010000
00100000
,  // measure 68
01000000
10000000
01000000
00000000
00100000
00000000
00010000
00000000
,  // measure 69
01000000
00000000
00100000
00000000
10000000
01000000
00100000
00010000
,  // measure 70
00100000
00001000
00010000
00000000
00100000
01000000
00010000
00000000
,  // measure 71
10000000
01000000
00000000
01000000
00100000
00000000
00110000
00000000
,  // measure 72
00100000
00010000
01000000
00000000
00100000
00000000
10000000
01000000
,  // measure 73
00100000
00000000
01000000
00100000
00010000
00000000
01000000
00001000
,  // measure 74
00010000
00000000
00000100
00001000
00000010
00000000
00000100
00000001
,  // measure 75
00000010
00000000
00000100
00001000
00000001
00000000
00000100
00000010
,  // measure 76
00001000
00000100
00000010
00000000
00000001
00000000
00000100
00001000
,  // measure 77
00010000
00000000
00100000
10000000
01000000
00000000
10000000
00010000
,  // measure 78
01000000
00000000
00100000
10000000
01000000
00000000
00010000
00001000
,  // measure 79
01000000
00000000
00100000
01000000
00010000
00100000
01000000
00000000
,  // measure 80
10000000
01000000
00010000
00000000
00000100
00000000
00000010
00000001
,  // measure 81
00000100
00000000
00000010
00001000
00000100
00000000
00000010
00000001
,  // measure 82
00001000
00000000
00000010
00000100
00000001
00000000
00000100
00001000
,  // measure 83
00010000
00000000
01000000
10000000
00100000
00000000
10000000
00100000
,  // measure 84
01000000
00010000
00100000
00000000
01000000
00000000
00100000
00010000
,  // measure 85
01000000
00000000
00100000
10000000
01000000
00000000
00010000
00001000
,  // measure 86
00000100
00000000
00000001
00000010
00000100
00000000
00001000
00000001
,  // measure 87
00000100
00000000
00000010
00001000
00000100
00000010
00000001
00000000
,  // measure 88
00000010
00000100
00001000
00000000
00000010
00000000
00000101
00000000
,  // measure 89
00000010
00000100
00001001
00000000
,  // measure 90
00011000
00000000
00000000
00000000
00100000
01000000
00000000
01000000
,  // measure 91
00010000
10000000
01000000
00110000
,  // measure 92
10010000
00000000
01000000
00000000
00100000
10000000
00000000
10000000
,  // measure 93
01000000
00100000
00110000
00000000
,  // measure 94
00001010
00000000
00000000
00000000
00000001
00000010
00000100
00000000
,  // measure 95
00001000
00000001
00000100
00000000
00000010
00001000
00000100
00000010
,  // measure 96
00000001
00000100
00000010
00001000
00000200
00000000
00000000
00000000
,  // measure 97
00020000
00000000
00000300
00000000
,  // measure 98
00230000
00000000
00000000
00000000
,  // measure 99
00300000
00000000
10000000
00000000
01000000
00000000
00000000
01100000
,  // measure 100
00000000
00010000
21000000
00000000
,  // measure 101
02000000
00000000
30000000
00000000
,  // measure 102
03020000
00000000
00000000
00000000
,  // measure 103
00030000
00000000
00001000
00000000
00010000
00000100
00000000
00000100
,  // measure 104
00001000
00001001
00000102
00000000
,  // measure 105
00000200
00000000
00000003
00000000
,  // measure 106
00002300
00000000
00000000
00000000
,  // measure 107
00003000
00000000
00010000
00000000
00001000
00000000
00000000
01100000
,  // measure 108
00000000
00100000
01020000
00000000
,  // measure 109
00200000
00000000
00030000
00000000
,  // measure 110
00300000
00000000
00000000
00000000
01000000
10000000
00000000
10000000
,  // measure 111
00010000
00000000
01000000
00100000
10000000
01000000
00100000
00010000
,  // measure 112
01000000
00100000
10000000
01000000
00100000
00000000
00010000
00000000
,  // measure 113
10000000
00010000
01000000
00100000
10000000
00000000
01000000
00000000
,  // measure 114
00100000
00001000
00000000
00001000
00010000
00000000
00001100
00000000
,  // measure 115
00000010
00000000
00000100
00000001
00000010
00000100
00001000
00000000
,  // measure 116
00000001
00000100
00000000
00000100
00000010
00000000
00001010
00000000
,  // measure 117
00000100
00000001
00000010
00000100
00001000
00000000
00000010
00000000
,  // measure 118
00010000
00001000
00000000
00001000
01000000
00000000
01010000
00000000
,  // measure 119
00100000
10000000
01000000
00100000
00010000
01000000
00000000
00100000
,  // measure 120
00000000
10000000
00010000
00000000
11000000
00000000
01000000
00000000
,  // measure 121
00100000
00010000
10000000
01000000
00100000
00000000
00001000
00000000
,  // measure 122
00010000
00000100
00000000
00010000
00000000
00001000
00000100
00000000
,  // measure 123
00000001
00000000
00001000
00000100
00000010
00000001
00000100
00000000
,  // measure 124
00000010
00001000
00000000
00001000
00000100
00000000
00000011
00000000
,  // measure 125
00000100
00000010
00000000
00000010
00010000
00000000
00011000
00000000
,  // measure 126
00001000
01000000
00000000
01000000
00010000
00000000
10010000
00000000
,  // measure 127
00100000
01000000
10000000
00100000
01000000
00010000
00000000
10010000
,  // measure 128
00000000
01000000
00100000
00000000
11000000
00000000
01100000
00000000
,  // measure 129
00010000
00000000
00000000
00011000
00000000
00010000
00000100
00001000
,  // measure 130
00000100
00000010
00000001
00000100
00000010
00000000
00001010
00000000
,  // measure 131
00001001
00000000
00000000
00001010
00000000
00000010
00001000
00000100
,  // measure 132
00010000
00001000
01000000
00010000
10000000
00000000
10100000
00000000
,  // measure 133
10010000
00000000
00000000
01010000
00000000
01000000
00100000
10000000
,  // measure 134
01000000
00100000
00010000
01000000
00001000
00010000
00001000
00000000
,  // measure 135
00100000
00001000
00010000
00000000
00000010
00000100
00000001
00000010
,  // measure 136
00000100
00001000
00000010
00000000
00000100
00000000
00000101
00000000
,  // measure 137
00001001
00000000
00000000
00000101
00000000
00000100
00000010
00001000
,  // measure 138
00000100
00000010
00000001
00000100
00000010
00000000
00001010
00000000
,  // measure 139
00001100
00000000
00000000
00000110
00000000
00000001
00000100
00000010
,  // measure 140
00010000
00001000
01000000
00010000
10000000
00000000
10010000
00000000
,  // measure 141
11000000
00000000
00000000
10010000
00000000
01000000
00100000
10000000
,  // measure 142
01000000
00100000
00010000
00100000
00001000
00010000
00001000
00000000
,  // measure 143
01000000
00001000
00010000
00000000
00000010
00001000
00000100
00000010
,  // measure 144
00000001
00000100
00000010
00000000
00001010
00000000
00000000
00000000
,  // measure 145
00000001
00001100
00000000
00000010
,  // measure 146
00010000
00001000
00011000
00000000
,  // measure 147
01000000
00000000
00100000
00000000
10000000
01000000
00000000
00100000
,  // measure 148
00010000
11000000
10010000
00000000
,  // measure 149
01000000
01001000
00000000
00000000
,  // measure 150
00100000
00000000
10000000
00000000
01000000
00100000
00010000
01000000
,  // measure 151
00100000
10000000
01000000
00100000
00001000
00010000
00001000
00010000
,  // measure 152
00000100
00000010
00000001
00001000
00002002
00000000
00000000
00000000
,  // measure 153
00000000
00000000
00000000
00000000
,  // measure 154
00000000
00000000
00000000
00003003
;

//---------------dance-single - ----------------
#NOTES:
     dance-single:
     :
     Hard:
     13:
     1.000,1.000,0.948,0.365,0.000,858.000,109.000,42.000,0.000,0.000:  // measure 1
0000
0000
0000
0000
,  // measure 2
0000
0000
0000
0000
,  // measure 3
0000
0000
0000
0000
,  // measure 4
0000
0000
0000
0000
,  // measure 5
0000
0000
0000
0000
,  // measure 6
0000
0000
0000
0000
,  // measure 7
0000
0000
0000
0000
,  // measure 8
0000
0000
0000
0000
,  // measure 9
1000
0010
1000
0010
1000
0001
1000
0001
,  // measure 10
0010
0001
0010
0001
0010
0100
0010
0100
,  // measure 11
0010
0100
1000
0100
1000
0100
1000
0001
,  // measure 12
1000
0001
0100
0001
0100
0010
0110
0000
,  // measure 13
0001
0100
0001
0100
0001
1000
0001
1000
,  // measure 14
0100
1000
0100
1000
0100
0010
0100
0010
,  // measure 15
0100
0010
0001
0010
0001
0010
0001
1000
,  // measure 16
0001
1000
0010
1000
0010
0100
0110
0000
,  // measure 17
0010
1000
1010
0000
1000
0010
0110
0000
,  // measure 18
0100
0001
0101
0000
1000
0010
1010
0000
,  // measure 19
0100
0010
0110
0000
0001
1000
1001
0000
,  // measure 20
1000
0001
1001
0000
1002
0000
0100
0000
,  // measure 21
0103
0001
0101
0000
0001
0100
0110
0000
,  // measure 22
0010
1000
1010
0000
0001
0100
0101
0000
,  // measure 23
0010
0100
0110
0000
1000
0001
1001
0000
,  // measure 24
0001
0100
0010
1000
0001
0100
0010
1000
,  // measure 25
2200
0000
0000
0000
3000
0000
0020
0300
,  // measure 26
0000
0000
0130
1100
,  // measure 27
0022
0000
0000
0000
0003
0000
0100
0030
,  // measure 28
0000
0000
0000
0000
0010
0001
0100
0010
,  // measure 29
0110
0000
0000
1010
,  // measure 30
0202
0000
0000
0303
0000
0000
1100
0000
,  // measure 31
0110
1100
0110
0101
,  // measure 32
0220
0330
0000
0000
0000
0000
0000
0000
0020
0000
1000
0000
1000
0000
0000
0030
,  // measure 33
2000
0001
0000
0010
0000
3001
0020
0000
,  // measure 34
0100
0000
0130
0000
2000
0010
3020
0000
,  // measure 35
1000
0000
1030
0000
0000
0000
0200
0000
0000
0000
0010
0300
0001
0000
0000
0000
,  // measure 36
0011
0000
0110
0000
1000
0002
1000
0000
,  // measure 37
0203
0010
0000
0010
0300
1000
0010
0000
,  // measure 38
0110
0000
0101
0000
0001
0100
0001
0000
,  // measure 39
1000
0200
0000
0000
0310
0000
0011
0020
,  // measure 40
0000
0000
0001
0000
0130
0000
0000
0000
0200
0000
0010
0000
0010
0000
0000
0300
,  // measure 41
0020
1000
0000
0100
0000
0130
0200
0000
,  // measure 42
0010
0000
0310
0000
0002
0100
0203
0000
,  // measure 43
0001
0000
0301
0000
0000
0000
0002
0000
0000
0000
0100
0003
0010
0000
0000
0000
,  // measure 44
0100
0000
1100
0000
0010
2000
0001
0000
,  // measure 45
0020
3000
0100
0000
0000
0000
0100
0000
0030
0000
1000
0000
0100
0000
0000
0000
,  // measure 46
0110
0000
1100
0000
1000
0010
0001
0000
,  // measure 47
0001
0020
0000
0000
1030
0000
1100
0200
,  // measure 48
0000
1000
0310
0000
1000
0010
0100
0001
,  // measure 49
0100
0010
1000
0000
0001
0000
0110
0000
,  // measure 50
0100
0010
0100
0001
1000
0000
1000
0010
,  // measure 51
0000
0100
0010
0000
0110
0000
0001
0000
,  // measure 52
0011
0000
0000
0000
0001
0100
0010
1000
,  // measure 53
0010
0100
0001
0000
1100
0000
1010
0000
,  // measure 54
0010
0100
0010
1000
0010
0000
0100
0010
,  // measure 55
0000
1000
0100
0000
1000
0010
0100
0001
,  // measure 56
0100
0010
1000
0010
0100
0000
0110
0000
,  // measure 57
1000
1100
0010
1100
,  // measure 58
0010
0000
0100
0001
0010
0000
0011
0000
,  // measure 59
0100
0110
1000
1010
,  // measure 60
0001
0010
0002
0000
0100
0003
0110
0000
,  // measure 61
1000
1100
1000
0110
,  // measure 62
0100
0000
0001
0010
0001
0000
0100
0000
,  // measure 63
0110
1000
1010
1100
,  // measure 64
1000
0010
0100
0001
0010
0000
0001
0000
,  // measure 65
0011
0100
0110
0010
,  // measure 66
1000
0010
0100
0000
0001
0000
0011
0000
,  // measure 67
0100
1100
0010
0110
,  // measure 68
0001
0010
0002
0000
1000
0003
0110
0000
,  // measure 69
0010
1100
0100
1000
,  // measure 70
0110
0000
0001
0010
0001
0000
0100
0000
,  // measure 71
0110
1100
0011
0110
,  // measure 72
2001
0000
0000
0000
3001
0100
0010
1000
,  // measure 73
0100
1000
0010
0100
0001
0010
0001
0100
,  // measure 74
0010
1000
0100
1000
0010
1000
0001
0010
,  // measure 75
0100
1000
0100
1000
0001
0100
0010
0100
,  // measure 76
0001
0010
0001
0100
0010
0100
0010
1000
,  // measure 77
0100
1000
0010
0100
0001
0010
0001
0100
,  // measure 78
0010
1000
0100
1000
0010
0100
0001
0010
,  // measure 79
0001
0100
0010
0100
0001
0010
0001
0100
,  // measure 80
0010
1000
0002
0000
1003
0100
1000
0010
,  // measure 81
0100
0001
0010
0001
0100
0010
0100
0010
,  // measure 82
1000
0100
1000
0010
0100
0001
0010
0001
,  // measure 83
0100
0001
0100
0010
1000
0010
0100
0010
,  // measure 84
0100
0001
0010
0001
0100
0010
1000
0010
,  // measure 85
0100
0001
0010
0001
0100
0010
1000
0100
,  // measure 86
1000
0010
0100
0010
1000
0010
0100
0001
,  // measure 87
0010
0001
0100
0010
0100
0010
0100
0001
,  // measure 88
0010
0001
0100
0010
1000
0100
0000
1000
,  // measure 89
1100
0010
0110
0000
,  // measure 90
0011
0000
0000
0000
0010
0001
0000
0010
,  // measure 91
0110
1000
1100
0110
,  // measure 92
2100
0000
0000
0000
3001
0010
0000
0100
,  // measure 93
1100
0010
0011
0000
,  // measure 94
1010
0000
0000
0000
0001
0010
0001
0000
,  // measure 95
0100
0010
1000
0000
0100
1000
0010
0100
,  // measure 96
0001
0010
0002
0000
1000
0003
0100
1000
,  // measure 97
0010
0000
0100
0001
0010
0000
0001
0100
,  // measure 98
0010
0000
1000
0010
0100
0001
0010
0001
,  // measure 99
0100
0010
1000
0000
1001
0000
0000
0011
,  // measure 100
0000
0000
1010
0000
1100
0000
0100
1000
,  // measure 101
0010
0000
0100
0001
0010
0000
0001
0100
,  // measure 102
0010
0000
1000
0010
0100
0001
0010
0001
,  // measure 103
0100
0010
1000
0000
0010
0100
0000
0010
,  // measure 104
0110
0000
1100
0000
0011
0000
0010
0001
,  // measure 105
0100
0000
0010
1000
0100
0000
1000
0010
,  // measure 106
0100
0000
0001
0100
0010
1000
0010
0100
,  // measure 107
0001
0010
0001
0000
0011
0000
0000
0110
,  // measure 108
0000
0000
1100
0000
0001
0000
0010
0001
,  // measure 109
0100
0000
0010
1000
0100
0000
1000
0010
,  // measure 110
0100
0000
0001
0100
0010
0100
0000
0001
,  // measure 111
0011
0000
1000
0010
1000
0100
2000
0000
,  // measure 112
0010
0000
3010
0000
0010
0100
0010
0100
,  // measure 113
0010
1000
0010
1000
0100
1000
0100
1000
,  // measure 114
0100
0010
0100
0010
0100
0010
0001
0010
,  // measure 115
0001
0010
0001
1000
0001
1000
0010
1000
,  // measure 116
0010
0100
0110
0000
1000
0010
1000
0010
,  // measure 117
1000
0001
1000
0001
0010
0001
0010
0001
,  // measure 118
0010
0100
0010
0100
0010
0100
1000
0100
,  // measure 119
1000
0100
1000
0001
1000
0001
0100
0001
,  // measure 120
0100
0010
0110
0000
0010
1000
0010
1000
,  // measure 121
0100
1000
0100
1000
0010
0100
0010
0100
,  // measure 122
0010
1000
0010
1000
0010
1000
0010
0100
,  // measure 123
0001
0010
0001
0100
0010
0100
0010
1000
,  // measure 124
0100
1000
1100
0000
0001
0100
0010
1000
,  // measure 125
0010
0100
0010
1000
0100
1000
0010
0100
,  // measure 126
0001
0010
0001
0100
0010
1000
0100
1000
,  // measure 127
0010
0100
0010
1000
0100
1000
0010
0100
,  // measure 128
0001
0010
0002
0000
0010
0000
0013
0000
,  // measure 129
0011
0000
0000
0110
0000
1000
0100
1000
,  // measure 130
0001
0100
0010
0100
0110
0000
1000
0000
,  // measure 131
0110
0000
0000
1100
0000
0010
0100
0001
,  // measure 132
1000
0010
1000
0100
1100
0000
0010
0000
,  // measure 133
0110
0000
0000
0011
0000
0001
0100
0010
,  // measure 134
1000
0100
1000
0010
0100
0010
1000
0000
,  // measure 135
0100
1000
0010
0000
0100
0001
0100
0010
,  // measure 136
1000
0100
2000
0000
0100
0000
3100
0000
,  // measure 137
1100
0000
0000
0110
0000
0001
0010
0001
,  // measure 138
1000
0010
0100
0001
0011
0000
0100
0000
,  // measure 139
0110
0000
0000
0011
0000
0100
0010
1000
,  // measure 140
0100
1000
0010
0100
0110
0000
0001
0000
,  // measure 141
0011
0000
0000
1100
0000
1000
0010
0100
,  // measure 142
0001
0010
0001
0100
0010
1000
0100
0000
,  // measure 143
1000
0010
0100
0000
0010
1000
0010
0100
,  // measure 144
0001
0010
0011
0000
0001
0100
0010
1000
,  // measure 145
0100
1000
0010
0100
0001
0010
0001
0100
,  // measure 146
0010
1000
0100
1000
0010
0100
0001
0100
,  // measure 147
0010
1000
0100
0000
0020
0100
0000
0100
,  // measure 148
1030
0000
0110
0000
1000
0100
1000
0010
,  // measure 149
0100
0001
0010
0001
0100
0010
0100
0001
,  // measure 150
1000
0010
0100
0001
0010
0001
0100
0010
,  // measure 151
1000
0100
1000
0010
0100
0001
0010
0001
,  // measure 152
0100
0010
1000
0200
2000
0000
0000
0000
,  // measure 153
0000
0000
0000
0000
,  // measure 154
0000
0000
0000
0000
,  // measure 155
3300
0000
0000
0000
;
