#TITLE:Halloween;
#SUBTITLE:(speedy mix);
#ARTIST:Aqua;
#TITLETRANSLIT:;
#SUBTITLETRANSLIT:;
#ARTISTTRANSLIT:;
#CREDIT:;
#BANNER:halloween-bn.png;
#BACKGROUND:halloween-bg.png;
#LYRICSPATH:;
#CDTITLE:!reachTitle.png;
#MUSIC:halloween.mp3;
#OFFSET:-0.015;
#SAMPLESTART:43.300;
#SAMPLELENGTH:20.000;
#SELECTABLE:YES;
#BPMS:0.000=164.000;
#STOPS:;
#BGCHANGES:;
// cache tags:
#FIRSTBEAT:0.000;
#LASTBEAT:313.500;
#SONGFILENAME:Songs/All Songs/Halloween/halloween.sm;
#HASMUSIC:1;
#HASBANNER:1;
#MUSICLENGTH:116.016;
// end cache tags

//---------------dance-single - ----------------
#NOTES:
     dance-single:
     :
     Hard:
     12:
     1.000,1.000,1.000,0.043,1.000,869.000,164.000,5.000,0.000,0.000:  // measure 1
2002
0000
3003
0000
,  // measure 2
1000
0100
0001
0100
1000
0100
0001
0100
,  // measure 3
1000
0000
0000
0100
0000
0000
1000
0000
0000
0010
0000
0000
1000
0000
0000
0001
0000
0000
0010
0000
0000
0001
0000
0000
0100
0000
0000
0001
0000
0000
0010
0000
0000
0100
0000
0000
1000
0000
0100
0000
0010
0000
0001
0000
0010
0000
0100
0000
,  // measure 4
1000
0000
0000
0000
0010
0000
0100
0000
0000
0000
1000
0001
1000
0000
0010
0000
,  // measure 5
1001
0000
0100
0000
1001
0000
1001
0000
0010
0000
1000
0100
1000
0001
0010
0001
,  // measure 6
1000
0000
0011
0000
1000
0000
0101
0000
1000
0010
0100
0001
0010
0001
1000
0100
,  // measure 7
1000
0100
1000
0010
0100
0010
1000
0001
1000
0010
0100
0010
1000
0100
1000
0001
,  // measure 8
0010
0100
1000
0001
0100
0010
1000
0001
0010
0100
1000
0001
1010
0000
1100
0000
,  // measure 9
1001
0000
0100
0000
1010
0000
1010
0000
0000
0000
0010
0100
0010
0100
0010
0000
,  // measure 10
1100
0000
0011
0000
0110
0000
1010
0000
0000
0000
0001
0010
0100
1000
0001
0000
,  // measure 11
1000
0100
0010
0000
1100
0000
0001
0010
0100
0000
0011
0000
1000
0100
0010
0000
,  // measure 12
1100
0000
0000
0000
0100
0000
1001
0000
0000
0000
1000
0010
0100
0000
0001
0100
,  // measure 13
0001
0000
0001
0000
1001
0000
0001
0000
0101
0000
0001
0000
0011
0000
0001
0010
,  // measure 14
1001
0000
1000
0000
1010
0000
1000
0000
1100
0000
1000
0000
1001
0000
0100
1000
,  // measure 15
0101
0000
0010
0000
1100
0000
0010
0000
0101
0000
1000
0010
0100
0000
0001
0010
,  // measure 16
0101
0000
0100
0000
0110
0000
0100
0000
0101
0000
1000
0010
0100
0000
1000
0100
,  // measure 17
1010
0000
0010
0000
1100
0000
0010
0000
0101
0000
0010
0000
1100
0000
0010
1000
,  // measure 18
0011
0000
0010
0000
1010
0000
0010
0000
0011
0000
0010
0000
1010
0000
1000
0100
,  // measure 19
0011
0000
0010
0001
0010
0000
0010
0100
0010
0000
0010
1000
0010
0000
0010
0001
,  // measure 20
0010
0100
1000
0010
0100
0001
1000
0010
0100
0001
1000
0010
0100
0001
0010
0100
,  // measure 21
1000
1100
0110
1001
0010
0010
1001
0000
,  // measure 22
1100
1100
1010
0001
0100
0100
1001
0000
,  // measure 23
1100
0011
1000
0010
1100
1100
1010
0000
,  // measure 24
1000
0100
1000
0000
0001
0010
0001
0000
1000
0010
0100
0001
1000
0100
0010
0001
,  // measure 25
1000
0000
0100
1000
0100
0000
0001
0010
0001
0000
1000
0010
0100
0001
1000
0010
,  // measure 26
0100
0000
0001
0010
0001
0000
1000
0010
1000
0000
0001
1000
0010
0100
0001
0010
,  // measure 27
0001
1000
0100
1000
0010
0100
0010
1000
0001
1000
0001
0010
0001
1000
0010
1000
,  // measure 28
0001
0100
0001
0100
0010
0100
0001
0010
0100
1000
0001
0100
0010
1000
0001
0010
,  // measure 29
0100
1100
1100
0110
0011
1000
0010
0100
,  // measure 30
1000
0001
1000
0000
0100
0000
0000
0000
0010
0000
0000
0000
0001
0010
0100
0000
1000
0000
0000
0000
0100
0000
0000
0000
1010
0000
0000
0000
0100
0000
0010
0000
,  // measure 31
0101
0000
1000
0100
0010
0000
0001
0010
0100
0000
1000
0010
1000
0010
0100
0010
,  // measure 32
1001
0000
1000
0100
0001
0000
0001
0100
1000
0000
1000
0010
0100
0001
1000
0100
,  // measure 33
0001
0010
0001
0100
0001
1000
0100
0010
0001
0100
0010
1000
0001
0010
0100
1000
,  // measure 34
0001
0010
0100
0000
1000
0000
0100
0000
0010
0000
0001
0000
0010
0100
1000
0000
0100
0000
0010
0000
0001
0000
0010
0000
0100
0000
0010
0000
0001
0000
1000
0000
,  // measure 35
1001
0000
0100
0010
1001
0000
0010
0100
1001
0000
0100
0010
1001
0010
0100
0010
,  // measure 36
1001
0000
0100
1000
0100
0000
0010
0001
0010
0000
1000
0010
0100
0000
0010
0100
,  // measure 37
1001
0000
0100
0010
1001
0000
0100
0010
0001
0010
0100
0010
0001
1000
0100
0010
,  // measure 38
0001
1000
0001
0000
0010
0000
0100
0000
1000
0000
0100
0000
0010
0001
0010
0000
0100
0000
1000
0000
0100
0000
0010
0000
0001
0000
1000
0000
0001
0000
0010
0000
,  // measure 39
1100
0010
0101
0101
1100
0110
0011
1000
,  // measure 40
0010
0100
0011
0011
1100
0110
0101
1010
,  // measure 41
0110
1000
0001
0110
1100
0011
0110
0010
,  // measure 42
1000
0100
0010
0001
1000
0010
0100
0001
1000
0100
1000
0001
0010
0001
1000
0100
,  // measure 43
0010
0000
1000
0010
0100
0000
0001
0100
0010
0000
0001
0010
0100
0010
0001
0010
,  // measure 44
0100
0010
0001
1000
0001
0100
0010
1000
0010
0001
0100
0010
1000
0100
0001
0010
,  // measure 45
0100
1100
0110
0011
1001
0110
1001
1100
,  // measure 46
0001
0000
0010
0000
0001
0000
0010
0000
1000
0100
0010
0000
0001
0000
0010
0000
0100
1000
0100
0000
0010
0000
0001
0000
0010
0100
1000
0000
0100
0000
0010
0000
,  // measure 47
2000
0000
3100
0100
0110
0001
0001
1000
,  // measure 48
0110
0000
0001
0000
0010
0000
0101
0000
1010
0000
0000
0000
0001
0000
0100
0010
,  // measure 49
0101
0000
1000
0000
0110
0000
0001
0000
1010
0000
0100
0000
0011
0000
0010
0100
,  // measure 50
1010
0000
0010
0000
1100
0000
0100
0000
0011
0000
0000
0000
1100
0000
0010
0100
,  // measure 51
0011
0000
1100
0010
0101
0010
1100
1010
,  // measure 52
1001
0000
0000
0000
0110
0000
0000
0000
0011
0000
1000
0000
0010
0000
0100
0010
,  // measure 53
0101
0000
1000
0000
0011
0000
0110
0000
1100
0000
0001
0000
1100
0000
0010
0100
,  // measure 54
1010
0001
1001
1000
1010
0110
0001
0110
,  // measure 55
1100
0000
0010
0100
0010
0000
1000
0001
1000
0000
0010
1000
0010
0000
0100
0001
,  // measure 56
0100
0000
1000
0001
1000
0000
0001
1000
0001
0000
0100
0010
0100
0000
1000
0001
,  // measure 57
1000
0100
0010
0001
1000
0010
0100
0001
1000
0100
0010
0001
1000
0010
0100
0001
,  // measure 58
1000
0001
1000
0001
0100
0010
0100
0010
1000
0010
1000
0010
0100
0001
0100
0001
,  // measure 59
1100
0000
0000
0000
0101
0010
1000
0000
0000
0000
1000
0100
0010
0000
0001
0010
,  // measure 60
1100
0000
0010
0100
0010
0000
1000
0001
1000
0000
0010
0100
0001
1000
0010
0100
,  // measure 61
0011
0000
1000
0100
1000
0000
0001
0010
0001
0000
0100
0010
1000
0010
0100
0010
,  // measure 62
1100
0001
0010
0100
1000
0001
0100
0010
1000
0001
0010
0100
0010
0001
1000
0100
,  // measure 63
0010
0001
0010
0000
0100
0000
0000
0000
1000
0000
0000
0000
0010
0100
0001
0000
1000
0000
0000
0000
0110
0000
0000
0000
0001
0000
0000
0000
0110
0000
0000
0000
,  // measure 64
1100
0000
0001
1000
0001
0100
0010
0100
0001
1000
0001
0100
0010
0100
0001
1000
,  // measure 65
0001
0010
0100
1000
0001
0010
0001
0010
1000
0100
1000
0100
0001
0100
0001
0100
,  // measure 66
1000
0010
1000
0010
1000
0100
0010
0001
1000
0010
0100
0001
1000
0100
0010
0001
,  // measure 67
1000
0100
0010
0000
0001
0000
0000
0000
0010
0000
0000
0000
0100
1000
0100
0000
0010
0000
0000
0000
0100
0000
0000
0000
0101
0000
0000
0000
1010
0000
0000
0000
,  // measure 68
0120
0100
0100
0100
,  // measure 69
0130
1100
0010
1100
0110
0011
0110
0010
,  // measure 70
0100
1000
0100
0000
0011
0000
0110
0000
1100
0000
0110
0000
0011
0000
1010
0000
,  // measure 71
1100
0000
0001
1000
0001
0000
1000
0000
0110
0000
0101
0000
1100
0000
0010
0000
,  // measure 72
0001
1000
0001
0100
0001
0010
0001
0010
0100
1000
0001
0100
0010
1000
0001
0010
,  // measure 73
0100
1100
0011
0110
1000
0011
0110
1000
,  // measure 74
0001
0010
0001
0000
1000
0000
0110
0000
0101
0000
0110
0000
1010
0000
0110
0000
,  // measure 75
1001
0000
0100
1000
0100
0000
0011
0000
0110
0000
1000
0001
1000
0000
0011
0000
,  // measure 76
1000
0000
0100
0000
0001
0000
0010
0000
0100
0000
1000
0000
0001
0000
1000
0000
0001
0000
1000
0000
0010
0000
1000
0000
0010
0000
1000
0000
0100
0000
0010
0001
,  // measure 77
0020
0000
0000
0000
,  // measure 78
1030
0000
0000
0000
,  // measure 79
0000
0000
0000
1001
0000
0000
0000
0000
;
