#TITLE:P8107;
#SUBTITLE:;
#ARTIST:Onoken;
#TITLETRANSLIT:;
#SUBTITLETRANSLIT:;
#ARTISTTRANSLIT:;
#CREDIT:;
#BANNER:p8107.png;
#BACKGROUND:p8107-bg.png;
#LYRICSPATH:;
#CDTITLE:!skorTitle.png;
#MUSIC:p8107.mp3;
#OFFSET:-0.125;
#SAMPLESTART:33.276;
#SAMPLELENGTH:12.000;
#SELECTABLE:YES;
#BPMS:0.000=180.000,115.000=90.000,130.250=180.000,192.000=90.000,225.000=180.000,287.000=90.000,288.000=180.000,352.000=90.000;
#STOPS:50.500=0.333
,130.250=0.250
,221.750=0.166
,223.250=0.167
,365.750=0.333
;
#BGCHANGES:;
// cache tags:
#FIRSTBEAT:4.000;
#LASTBEAT:366.000;
#SONGFILENAME:Songs/All Songs/p8107/p8107.sm;
#HASMUSIC:1;
#HASBANNER:1;
#MUSICLENGTH:149.164;
// end cache tags

//---------------dance-single - ----------------
#NOTES:
     dance-single:
     :
     Hard:
     11:
     1.000,1.000,0.684,0.027,1.000,998.000,102.000,4.000,0.000,0.000:  // measure 1
0000
0000
0000
0000
,  // measure 2
2002
0000
0000
0000
,  // measure 3
0000
0000
0000
0000
,  // measure 4
0000
0000
0000
0000
,  // measure 5
0000
0000
0000
3003
,  // measure 6
0110
0100
0000
0001
1001
0100
1000
0100
,  // measure 7
0001
0001
0000
1010
0000
0100
0001
0100
,  // measure 8
0100
0100
1001
0100
0000
0001
0001
0100
,  // measure 9
0010
1000
1000
1000
0110
0001
0001
0001
,  // measure 10
1001
0000
0000
1000
0011
0010
0100
0100
,  // measure 11
0100
0001
0100
0110
0000
1000
0100
0010
,  // measure 12
0001
0100
0010
1000
0100
0010
0001
0100
0010
1000
0100
0010
0001
0100
0010
1000
,  // measure 13
0001
1000
0001
1000
0001
1000
0001
1000
1001
0000
0110
0000
1001
0000
0100
0000
,  // measure 14
0100
1010
0000
0010
0001
0001
1000
0001
,  // measure 15
0001
1010
0000
1000
0100
0100
1000
0100
,  // measure 16
0100
0011
0000
0001
1000
1000
0010
1000
,  // measure 17
1000
0000
0110
0000
0000
0000
0110
0000
0001
0100
0001
0100
0010
0000
0100
0000
,  // measure 18
0100
0110
0000
0100
1000
1000
0010
0100
,  // measure 19
0100
1001
0000
0100
0001
0001
1000
0100
,  // measure 20
0100
0000
0011
0000
0000
0000
1000
0000
0001
0000
0001
0000
0100
0010
1000
0001
,  // measure 21
0010
0100
1000
0100
0010
0001
1000
0010
0100
0001
0010
0100
1001
0000
0100
0000
,  // measure 22
0100
0000
0110
0000
0000
0000
1000
0000
0001
0100
0001
0000
0010
0000
0100
0000
,  // measure 23
0100
0000
1001
0000
0000
0000
1000
0000
0001
0010
0001
0100
0010
0000
1000
0000
,  // measure 24
1000
0000
0101
0000
0000
0000
1000
0000
0100
0001
0100
0000
0010
0000
0001
0000
,  // measure 25
0001
0000
1010
0000
0000
0000
0100
0000
0010
1000
0010
0100
0001
0000
1000
0000
,  // measure 26
1000
0000
1010
0000
0000
0000
0100
0000
0010
1000
0010
0000
0100
0000
0001
0000
,  // measure 27
0001
0000
0110
0000
0000
0000
0100
0000
0010
1000
0001
0010
0100
0000
0010
0000
,  // measure 28
0010
0000
1100
0000
0000
0000
0100
0000
0010
0001
1000
0100
0010
0001
1000
0100
,  // measure 29
1000
0010
0100
0001
1000
0010
0100
0001
1000
0001
1000
0001
0110
0000
0000
0100
,  // measure 30
1001
0010
0000
0100
0010
0100
1000
1000
0110
0001
0100
0100
0001
0001
0000
0001
,  // measure 31
1010
0100
0000
0100
0010
0100
1000
0001
0110
1000
0100
0100
1001
0010
1000
0100
,  // measure 32
1001
0100
0001
0010
0001
0010
0100
1000
0110
0001
0010
0100
0010
0001
1000
0100
,  // measure 33
1001
0100
0010
0001
1000
0100
0010
0001
1000
0010
0100
0001
1000
0010
0100
0001
0110
0000
1001
0000
0000
0000
0000
0000
1001
0000
0000
0000
0110
0000
0000
0000
,  // measure 34
0010
0100
0001
0100
1000
0100
0001
0010
,  // measure 35
1000
0110
0001
0110
0001
0100
1000
1001
,  // measure 36
0001
0100
0001
0010
1000
0001
0100
1000
,  // measure 37
0100
0000
0010
0000
0001
0000
0010
0000
0100
0010
0100
0010
1001
0000
1001
0000
,  // measure 38
0010
0000
0100
0000
0001
0100
0001
0000
0010
0000
0100
0000
1000
0000
1000
0000
,  // measure 39
0010
0110
0001
1001
0100
0010
0100
1001
,  // measure 40
0100
0000
0010
0000
0001
0010
0001
0000
0010
0000
0100
0000
1000
0001
1000
0001
,  // measure 41
0100
0010
0100
0010
1000
0010
0100
0001
1000
0010
0100
0001
1001
0000
0100
0000
,  // measure 42
1001
0000
1000
0000
0001
0100
0001
0000
1010
0000
0001
0000
0100
0000
0001
0000
,  // measure 43
1100
0000
1000
0000
0100
1000
0100
0000
0101
0000
0100
0000
1000
0000
0100
0000
,  // measure 44
0011
0000
0010
0000
0001
1000
0001
0000
0110
0000
0001
0000
1000
0000
0001
0000
,  // measure 45
1001
0000
1000
0000
0100
0010
0100
0000
0011
0000
0100
0000
0010
0000
0100
0000
,  // measure 46
0101
0000
0001
0000
0010
0100
0010
0000
1100
0000
0010
0000
0100
0000
0010
0000
,  // measure 47
1010
0000
1000
0000
0001
0010
0001
0000
0110
0000
0001
0000
0010
0000
0001
0000
,  // measure 48
1001
0100
1000
0001
0100
0001
1000
0100
1000
0001
0100
0001
1000
0100
0010
0001
,  // measure 49
1001
0100
0100
0100
0100
0100
1001
0000
1000
0100
0000
0100
1000
0000
0001
0100
,  // measure 50
0010
0100
0001
1000
0100
0010
0110
0000
0010
0100
0000
0100
0010
0000
0010
0001
,  // measure 51
0010
0100
1000
0100
0010
0001
1001
0000
0001
0100
0000
0100
0001
0000
1000
0100
,  // measure 52
1000
0010
1000
0100
1000
0010
1010
0000
1000
0001
0000
0001
1000
0000
0010
0100
,  // measure 53
0001
0100
0010
0100
1000
0100
1001
0000
0100
0001
0000
0001
0100
0000
0100
0010
,  // measure 54
1000
0100
0010
0001
0010
0100
0101
0000
0100
1000
0000
1000
0001
0000
0001
0010
,  // measure 55
0100
0010
0001
1000
0100
0010
1001
0000
0010
0100
0000
0100
1000
0000
1000
0010
,  // measure 56
0100
0010
1000
0001
0100
0010
1001
1000
0000
1000
0001
1000
0001
1001
0010
0100
,  // measure 57
0010
0100
0010
0100
1001
0100
1000
0000
0001
0000
0110
0000
0000
0000
0100
0000
,  // measure 58
0001
0000
0100
0000
0010
1000
0010
1000
0100
0000
0010
0000
0001
0100
0001
0100
,  // measure 59
0010
0000
1000
0000
1000
0100
1000
0000
0001
0000
0110
0000
0000
0000
0010
0000
,  // measure 60
1000
0000
0001
0000
0100
0010
0100
0010
1000
0000
0001
0000
0010
0100
0010
0100
,  // measure 61
1000
0000
0001
0000
1001
0010
0100
0000
0001
0000
0110
0000
0000
0000
0100
0000
,  // measure 62
0010
0000
0001
0000
1000
0100
0010
0100
1000
0000
1001
0000
0001
0100
0010
0100
,  // measure 63
0001
0000
1001
0000
0100
0010
1000
0000
0001
0000
0110
0000
0000
0000
0100
0000
,  // measure 64
0010
0000
1000
0000
0001
0100
0010
1000
0001
0100
0010
1000
0001
0010
0100
1000
,  // measure 65
0001
0010
0100
1000
0110
1000
0001
0000
0001
0000
0010
0000
0100
0000
0010
0000
,  // measure 66
0001
0000
0100
0000
0010
1000
0010
1000
0001
0000
0001
0000
1000
0100
1000
0100
,  // measure 67
0010
0000
0001
0000
0010
0000
0100
0010
0001
0000
1000
0000
0100
0000
1000
0000
,  // measure 68
0001
0000
0100
0000
0010
1000
0010
0100
0001
0000
0010
0000
0100
1000
0100
0010
,  // measure 69
0001
0000
1000
0000
1000
0000
0100
0010
0001
0000
1000
0000
0100
0000
0001
0000
,  // measure 70
0010
0000
0100
0000
0001
0100
0010
0100
0001
0000
0100
0000
1000
0100
0010
0100
,  // measure 71
1000
0000
0010
0000
0100
0010
0001
0000
0010
0000
1000
0000
1000
0100
0010
0001
,  // measure 72
1000
0100
0010
0001
0010
0100
1000
0001
0010
0100
1000
0100
2002
0000
0000
3003
,  // measure 73
0110
0000
0010
1000
0010
0000
0100
0010
0100
0001
0100
0010
1000
0010
0100
0001
,  // measure 74
1000
0000
1000
0100
0010
0000
1000
0100
0010
0001
0010
0100
1000
0001
0010
0100
,  // measure 75
1000
0000
1000
0001
0100
0000
1000
0001
0100
0010
0100
0001
1000
0010
0100
0001
,  // measure 76
1000
0000
1000
0100
0001
0000
1000
0100
0001
0100
0010
0001
0010
0100
1000
0100
,  // measure 77
0010
0000
0010
0100
1000
0000
0010
0100
1000
0001
1000
0010
1000
0001
1000
0100
,  // measure 78
1000
0000
1000
0001
0010
0000
1000
0001
0010
0001
1000
0100
0010
0001
0010
0001
,  // measure 79
0100
0000
0100
0010
1000
0000
0100
0010
1000
0100
0010
0001
0010
0100
0010
0001
,  // measure 80
0010
0100
0010
0100
1000
0100
1000
0100
0010
0001
0010
0001
0100
0010
0100
0010
,  // measure 81
1001
0000
1000
0100
0000
1000
0100
0010
0001
1000
0100
0010
0001
0000
0001
0100
,  // measure 82
0000
0001
0100
0010
1000
0001
0100
0010
1000
0000
0100
0010
0000
0100
0010
0001
,  // measure 83
0010
0100
1000
0100
0010
0000
0010
0100
0000
0010
0100
1000
0100
0010
0001
0010
,  // measure 84
0100
1000
0100
1000
0001
0010
0001
0010
0001
1000
0001
1000
0010
0100
0010
0100
,  // measure 85
1001
0100
1000
0100
0010
0100
1000
0100
0010
0001
0010
0100
0010
0001
0010
0100
,  // measure 86
1001
0010
1000
0010
0100
0010
1000
0010
0100
0001
0100
0010
0100
0001
0100
0010
,  // measure 87
1001
0100
1000
0100
0010
0001
0010
0100
1001
0010
0001
0010
0100
1000
0100
0010
,  // measure 88
1001
0100
1000
0100
1001
0010
0001
0010
1001
0100
0010
0100
1000
0001
1000
0010
,  // measure 89
1001
0000
0000
0001
0110
0000
0000
0010
1000
0100
0010
0001
0110
1000
0100
0010
,  // measure 90
0001
0001
0000
0001
1010
0000
0000
1000
0001
0010
0100
1000
0011
0100
1000
0100
,  // measure 91
1001
0000
0100
0000
0010
0000
0001
0000
0110
0000
1000
0000
0100
0000
0010
0000
0001
0000
1000
0000
0010
0000
0100
0000
1001
0100
0010
0001
1000
0100
0010
0001
,  // measure 92
1000
0010
0100
0001
1000
0010
0100
0001
0100
0001
1000
0100
0010
0100
1001
0000
0110
0000
0000
0000
0000
0000
0000
0000
0000
0000
0000
0000
0000
0000
0000
0000
;
