#TITLE:Outer Wall;
#SUBTITLE:;
#ARTIST:sampling masters MEGA;
#TITLETRANSLIT:;
#SUBTITLETRANSLIT:;
#ARTISTTRANSLIT:;
#CREDIT:;
#BANNER:outerwall-bn.png;
#BACKGROUND:outerwall-bg.png;
#LYRICSPATH:;
#CDTITLE:!mwerpTitle.png;
#MUSIC:outerwall.mp3;
#OFFSET:-0.440;
#SAMPLESTART:40.886;
#SAMPLELENGTH:12.000;
#SELECTABLE:YES;
#BPMS:0.000=148.960;
#STOPS:;
#BGCHANGES:;
// cache tags:
#FIRSTBEAT:8.000;
#LASTBEAT:243.000;
#SONGFILENAME:Songs/All Songs/Mwerp - Outer Wall/outerwall.sm;
#HASMUSIC:1;
#HASBANNER:1;
#MUSICLENGTH:102.171;
// end cache tags

//---------------dance-single - ----------------
#NOTES:
     dance-single:
     :
     Hard:
     11:
     1.000,1.000,1.000,0.108,0.773,547.000,207.000,11.000,0.000,0.000:  // measure 1
0000
0000
0000
0000
,  // measure 2
0000
0000
0000
0000
,  // measure 3
1001
0100
0000
0100
0011
0000
1000
0000
1000
0000
0110
0000
0001
1000
0001
0010
,  // measure 4
0100
0000
0010
0100
1010
0000
0010
0100
0001
0000
0110
0000
0110
0000
0001
0100
,  // measure 5
1001
0010
0000
0010
1100
0000
0100
0000
0100
0000
1001
0000
0010
1000
0100
0010
,  // measure 6
0001
0000
1000
0001
0110
0000
1000
0001
0100
0000
1010
0000
1010
0100
0000
0100
,  // measure 7
1001
0100
0000
0100
0011
0000
1000
0000
1000
0000
0110
0000
0001
1000
0001
0010
,  // measure 8
0100
0000
0010
0100
1010
0000
0010
0100
0001
0000
0110
0000
0110
0000
0001
0100
,  // measure 9
1001
0010
0000
0010
1100
0000
0100
0000
0100
0000
1001
0000
0010
1000
0100
0010
,  // measure 10
0001
1010
0000
1000
0001
0000
0110
0110
,  // measure 11
1001
0000
0001
0000
0000
0000
0011
0000
1000
0000
0001
0000
1100
0000
0001
0100
,  // measure 12
1010
0000
0001
0000
0000
0000
1000
0000
0011
0000
0011
0000
0101
0000
0010
0100
,  // measure 13
1010
0000
0000
0000
0001
0000
0000
0000
0000
0000
0000
0000
1100
0000
0000
0000
0010
0000
0000
0000
0001
0000
0000
0000
1001
0000
0000
0000
0010
0001
0010
0000
,  // measure 14
1100
0000
0010
0000
0000
0000
0001
0000
1100
0000
0000
0110
0000
0000
0011
0000
,  // measure 15
1001
0000
0001
0000
0000
0000
0011
0000
1000
0000
0001
0000
1100
0000
0001
0100
,  // measure 16
1010
0000
0001
0000
0000
0000
1000
0000
0011
0000
0011
0000
0101
0000
0010
0100
,  // measure 17
1010
0000
0001
0000
0000
0000
1100
0000
0010
0000
0001
0000
1001
0000
0010
0001
,  // measure 18
0010
0100
0000
0100
1000
0010
0000
0010
0000
0000
0110
0110
0000
0011
0011
0000
,  // measure 19
0001
1000
0100
1000
0011
0000
0010
0100
0001
0000
0110
0000
0000
0000
1000
0000
,  // measure 20
0001
1000
0100
0010
0011
0000
0001
0010
0100
0000
0110
0000
0011
0000
0010
0000
,  // measure 21
0100
1000
0010
0100
0011
0000
0001
1000
0100
0010
0110
0000
0000
0000
0000
0000
,  // measure 22
0100
0010
0100
1000
0011
0000
0001
0100
1000
0000
0110
0000
0011
0000
1000
0100
,  // measure 23
0001
1000
0100
1000
0011
0000
0010
0100
0001
0000
0110
0000
0000
0000
1000
0000
,  // measure 24
0001
1000
0100
0010
0011
0000
0001
0010
0100
0000
0110
0000
0011
0000
0010
0000
,  // measure 25
0100
1000
0010
0100
0011
0000
0001
1000
0100
0010
0110
0000
0000
0000
0000
0000
,  // measure 26
1001
0000
0000
0000
0101
0000
0000
0000
0010
0100
0001
1000
0010
0100
0001
1000
0010
0100
0001
1000
0110
0000
0000
0000
0000
0000
0000
0000
0011
0000
0000
0000
,  // measure 27
1001
0000
0000
0010
0000
0000
0010
0000
0000
1100
0000
0000
0010
0000
0000
0010
0000
0000
0001
0000
0000
0010
0100
0010
,  // measure 28
1001
0000
0000
0000
0010
0000
0000
0000
0010
0000
0000
0000
1100
0000
0000
0000
0010
0000
0000
0000
0010
0000
0000
0000
1010
0000
0000
0000
0000
0000
0100
0010
,  // measure 29
1001
0100
0000
0100
0011
0000
1000
0000
1000
0000
0110
0000
0001
1000
0001
0010
,  // measure 30
0100
0000
0010
0100
1010
0000
0020
0230
0302
0003
0200
0300
0110
0000
0001
0100
,  // measure 31
1001
0010
0000
0010
1100
0000
0100
0000
0100
0000
1001
0000
0010
1000
0100
0010
,  // measure 32
0001
0000
0101
0000
1000
0000
1000
0000
0000
1000
0110
0000
0000
0000
0011
0000
,  // measure 33
2100
3000
0000
1100
0000
0110
1100
0000
,  // measure 34
2100
3000
0000
1100
0101
0011
1100
0000
,  // measure 35
0012
0003
0000
0011
0000
0110
0011
0000
,  // measure 36
0012
0000
0000
0000
0003
0000
0000
0000
0000
0000
0000
0000
0011
0000
0000
0000
1010
0000
0000
0000
1100
0000
0000
0000
0011
1000
0100
0010
0001
1000
0100
0010
,  // measure 37
1100
0000
0011
1100
0000
0110
1100
0011
,  // measure 38
1100
0000
0011
1100
0101
0011
1100
0000
,  // measure 39
0011
0000
1100
0011
0000
0110
0011
1100
,  // measure 40
0011
0000
0000
0000
0000
0000
0000
0000
0001
0100
0010
1000
0011
0000
0000
0000
1010
0000
0000
0000
1100
0000
0000
0000
0011
0000
0100
0010
1000
0001
0100
0010
,  // measure 41
1100
0001
0100
0010
1001
0000
1100
0001
1000
0000
0110
0000
1100
0000
0011
0000
,  // measure 42
1100
0001
0100
0010
1001
0000
1100
0001
1000
0000
0011
0000
1100
0000
0000
0000
,  // measure 43
0011
1000
0100
0010
1100
0000
0011
1000
0001
0000
0110
0000
0011
0000
1100
0000
,  // measure 44
0011
0000
1000
0000
0100
0000
0000
0000
0010
0000
0000
0000
0100
0000
1000
0000
0010
0000
0000
0000
1100
0000
0000
0000
0001
1000
0100
0010
0001
1000
0100
0010
,  // measure 45
1001
0000
1001
0000
0101
0000
1001
0000
1001
0000
0101
0000
0010
0100
0000
0100
,  // measure 46
1001
0100
0000
0100
0011
0000
1000
0000
1000
0000
0110
0000
0001
1000
0001
0010
,  // measure 47
1001
0000
0011
0000
,  // measure 48
1100
0000
0000
0000
0000
0000
0000
0000
0110
0000
0000
0000
0000
0000
0000
0000
1100
0000
0000
0000
0000
0000
0011
0000
0000
0000
0000
0000
1001
0010
0100
0010
,  // measure 49
1001
0000
1100
0000
1100
0000
0110
0000
0000
0000
0011
0000
0001
0010
0100
0000
,  // measure 50
0000
0000
1001
0000
0000
0000
0101
0000
0101
0000
0110
0000
0001
0100
0010
0100
,  // measure 51
1001
0000
1100
0000
1100
0000
0110
0000
0000
0000
0011
0000
0001
0010
0100
0000
,  // measure 52
0000
1001
0000
0101
0101
0000
0110
0000
,  // measure 53
1002
0000
1000
0000
0103
0000
0110
0000
0000
0000
0011
0000
0001
0010
0100
0000
,  // measure 54
1002
0000
1000
0000
0003
0000
0101
0000
0101
0000
0110
0000
0001
0100
0010
0100
,  // measure 55
1002
0000
0100
0000
1003
0000
0110
0000
0000
0000
0011
0000
0001
0010
0100
0000
,  // measure 56
1000
0100
0000
0010
0000
0010
0001
0000
1000
0010
0100
0001
0110
0000
0000
0000
,  // measure 57
0001
0010
0000
0010
0000
0100
1000
0000
0001
0100
0010
1000
0110
0000
0000
0000
,  // measure 58
1001
0000
0100
0010
1000
0010
0100
0000
1001
0000
0010
0100
0001
0100
0010
0000
,  // measure 59
1001
0000
0100
0010
1001
0000
0010
0100
1001
0000
0100
0010
1001
0000
0010
0100
,  // measure 60
1001
0000
0000
0100
0000
0000
0100
0000
0000
0011
0000
0000
1000
0000
0000
1000
0000
0000
0101
0000
0000
0010
0100
0010
,  // measure 61
1001
0010
0010
1100
0001
0001
0110
0000
;
