#TITLE:Kill'em All;
#SUBTITLE:(Long Ver.);
#ARTIST:DJ Sharpnel;
#TITLETRANSLIT:;
#SUBTITLETRANSLIT:;
#ARTISTTRANSLIT:;
#CREDIT:;
#BANNER:kill'em all-bn.jpg;
#BACKGROUND:kill'em all -bg.jpg;
#LYRICSPATH:;
#CDTITLE:!polyTitle.png;
#MUSIC:03 Kill'em All (Long ver).mp3;
#OFFSET:-14.920;
#SAMPLESTART:139.444;
#SAMPLELENGTH:12.000;
#SELECTABLE:YES;
#BPMS:0.000=180.160,288.000=90.080,304.000=180.160,528.000=90.080,568.000=180.160;
#STOPS:287.667=7.560
;
#BGCHANGES:;
// cache tags:
#FIRSTBEAT:0.000;
#LASTBEAT:667.667;
#SONGFILENAME:Songs/All Songs/Polykarbonsan - Kill'em All/kill'em all.sm;
#HASMUSIC:1;
#HASBANNER:1;
#MUSICLENGTH:296.906;
// end cache tags

//---------------dance-single - ----------------
#NOTES:
     dance-single:
     :
     Hard:
     10:
     0.716,1.000,0.465,0.020,1.000,1345.000,138.000,6.000,0.000,0.000:  // measure 1
1000
0000
0000
1000
0000
0001
1000
0000
0000
1000
0000
0000
,  // measure 2
1000
0000
0000
1000
0000
0001
1000
0001
1000
0100
0000
0000
,  // measure 3
0100
0000
0100
1000
0000
1000
0010
0000
0000
0100
0000
0000
,  // measure 4
0001
0000
0000
0010
0000
0100
1000
0010
0100
0001
0000
0000
,  // measure 5
0001
0000
1000
0001
0000
0100
0001
0000
0000
1000
0000
0000
,  // measure 6
0100
0000
0000
1000
0000
0000
0001
1000
0001
0100
0000
0000
,  // measure 7
0001
0000
0001
1000
0000
1000
0010
0000
0000
0100
0000
0000
,  // measure 8
0001
0000
0000
1000
0000
0100
1000
0001
0010
0001
0000
0000
,  // measure 9
1000
0000
0001
0010
0000
0001
0100
0000
0000
1000
0000
0000
,  // measure 10
1000
0000
0000
1000
0000
0001
1000
0001
0100
0001
0000
0000
,  // measure 11
1001
0000
0001
0100
0000
0001
1001
0000
0000
1001
0000
0000
,  // measure 12
1100
0000
0000
1100
0000
0001
1000
0001
0001
1100
0000
0000
,  // measure 13
0100
0000
1000
0001
0000
0001
0100
0000
0000
0100
0000
0000
,  // measure 14
0001
0000
0000
1000
0000
0100
1000
0010
0100
0001
0000
0000
,  // measure 15
0001
0000
1000
0100
0000
0010
0001
0000
0000
0001
0000
0000
,  // measure 16
1000
0100
1000
0001
,  // measure 17
0100
0000
0001
1000
0000
0100
1000
0000
0000
1000
0000
0000
,  // measure 18
0001
0000
0000
0010
0000
0001
1000
0100
1000
0010
0000
0000
,  // measure 19
0100
0000
0001
0010
0000
0100
1000
0000
0000
1000
0000
0000
,  // measure 20
0001
0000
0000
0010
0000
0100
1000
0010
0100
0001
0000
0000
,  // measure 21
1001
0000
0001
0100
0000
0010
0110
0000
0000
1001
0000
0000
,  // measure 22
1100
0000
0000
1100
0000
0001
1000
0001
0001
0110
0000
0000
,  // measure 23
1001
0000
0001
0100
0000
0010
1000
0000
0000
1000
0000
0000
,  // measure 24
1000
0000
0000
0001
0000
0001
1000
0100
1000
0010
0000
0000
,  // measure 25
1000
0100
1000
0010
0000
0010
1000
0000
0000
0001
0000
0000
,  // measure 26
1000
0000
0000
0100
0000
0000
1000
0001
0100
1001
0000
0000
,  // measure 27
1000
0000
0100
1000
0000
0001
0100
0000
0000
1000
0000
0000
,  // measure 28
1000
0000
0000
0010
0000
0000
0100
0001
0010
0100
0000
0000
,  // measure 29
1000
0000
0010
0100
0000
0001
1000
0000
0000
1100
0000
0000
,  // measure 30
0101
0011
1100
1010
,  // measure 31
0101
0000
0001
1000
0000
0001
0100
0000
0010
1100
0000
0000
,  // measure 32
1000
0000
0000
0001
0000
0100
0001
0000
0001
1000
0000
0000
,  // measure 33
1000
0100
1000
0010
0000
0100
0001
0000
0000
1000
0000
0000
,  // measure 34
0100
0000
1000
0001
0000
0100
1000
0001
1000
0001
0000
0000
,  // measure 35
0100
0000
0001
1000
0000
0100
1000
0000
0000
1000
0000
0000
,  // measure 36
1000
0000
0000
1000
0000
0001
0100
0001
0010
0100
0000
0000
,  // measure 37
1000
0000
0001
0100
0000
0001
0010
0000
0000
0010
0000
0000
,  // measure 38
0100
0000
0000
1000
0000
0000
1000
0010
0100
0001
0000
0000
,  // measure 39
1000
0000
0100
1000
0000
0001
1000
0000
0000
1000
0000
0000
,  // measure 40
1100
0001
0100
0001
,  // measure 41
1000
0100
1000
0001
0000
0001
0010
0000
0000
0100
0000
0000
,  // measure 42
1000
0010
0100
0001
0000
0001
1000
0000
0000
0000
0000
0000
,  // measure 43
1000
0100
0010
0001
0000
0001
1000
0000
0000
0010
0000
0000
,  // measure 44
0100
0010
1000
0001
0000
0001
0010
0000
0000
0000
0000
0000
,  // measure 45
0010
0100
1000
0001
0000
0001
0100
0000
0000
0100
0000
0000
,  // measure 46
0010
1000
0001
1000
0000
0001
0010
0000
0000
0000
0000
0000
,  // measure 47
0100
1000
0010
0100
0000
0001
0010
0000
0000
0100
0000
0000
,  // measure 48
1000
0010
0100
0001
0000
0001
1000
0000
0000
0000
0000
0000
,  // measure 49
1000
0001
0010
0100
0000
1000
0010
0000
0000
0100
0000
0000
,  // measure 50
0010
1000
0100
1000
0000
0001
0100
0000
0010
0001
0010
1000
,  // measure 51
0100
1000
0010
0100
0000
0001
1000
0000
0000
0100
0000
0000
,  // measure 52
0010
0001
1000
0010
0000
0010
0100
0000
0001
1000
0100
1000
,  // measure 53
0010
0100
0001
1000
0000
0100
1000
0000
0000
0010
0000
0000
,  // measure 54
1000
0100
1000
0010
0000
0001
0100
0000
0001
0010
0100
1000
,  // measure 55
0010
0100
0001
0010
0000
0100
1000
0000
0000
1000
0000
0000
,  // measure 56
0001
0100
0001
0010
0000
0010
0100
0000
0100
1000
0010
0100
,  // measure 57
0001
0010
0100
1000
0000
0010
0100
0000
0000
0001
0000
0010
,  // measure 58
0100
1000
0010
0100
0000
0001
0010
0000
0100
1000
0010
0100
,  // measure 59
0001
0010
0100
1000
0000
0010
0100
0000
0010
0100
0010
1000
,  // measure 60
0100
1000
0100
0010
0000
0001
1000
0000
1000
0100
0010
0001
,  // measure 61
1000
0010
0100
0001
0000
0001
1000
0000
0000
0100
0000
1000
,  // measure 62
0100
0010
0001
1000
0000
0010
0100
0000
0010
1000
0100
0010
,  // measure 63
0001
1000
0010
0100
0000
0001
1000
0000
0000
0001
1000
0100
,  // measure 64
0010
1000
0001
1000
0000
0100
0010
0000
0001
1000
0010
0100
,  // measure 65
0001
1000
0100
1000
0000
0001
0100
0001
1000
0100
0000
1000
,  // measure 66
0100
0010
0100
1000
0000
0001
0010
0001
1000
0100
0000
0001
,  // measure 67
0010
0001
1000
0100
0000
1000
0010
0100
0001
1000
0000
0100
,  // measure 68
0010
0100
1000
0001
0000
0001
0100
0010
1000
0100
0000
1000
,  // measure 69
0001
0100
0001
1000
0000
1000
0001
0100
0001
1000
0000
0100
,  // measure 70
1000
0001
0100
0001
0000
0001
0010
0100
1000
0001
0000
0001
,  // measure 71
1000
0100
1000
0100
0010
0001
1000
0100
0010
0001
1000
0100
,  // measure 72
0010
0001
1000
0010
0100
0001
1000
0100
0010
0001
1000
0001
,  // measure 73
1001
0000
0000
0000
0000
0000
1000
0000
0100
0000
0000
0000
0010
0000
0001
1000
0000
0100
0010
0000
0001
1000
0000
0000
,  // measure 74
0010
0000
0000
0000
0000
0000
0100
0000
0001
0000
0000
0000
1000
0000
0100
1000
0000
0010
0100
0000
0001
0010
0000
0000
,  // measure 75
0100
0000
0000
0000
0000
0000
1000
0000
0001
0000
0000
0000
0010
0000
0001
0010
0000
0001
0100
0000
0001
0010
0000
0000
,  // measure 76
0100
0000
0000
0000
0000
0000
1000
0000
0010
0000
0000
0000
0100
0000
0001
0010
0000
0100
1000
0000
0010
0100
0000
0000
,  // measure 77
1100
0000
0000
1001
0000
0000
0001
0000
0000
0001
0000
0100
,  // measure 78
0001
0000
0000
1000
0000
0100
1000
0000
0100
1000
0100
1000
,  // measure 79
0100
0000
0000
0001
0000
0000
0001
0000
0000
0001
0000
0001
,  // measure 80
1000
0000
0000
0100
0000
0000
0010
0000
0001
1000
0001
0100
,  // measure 81
0010
0000
0000
0100
0000
0000
1000
0000
0000
0001
0000
0001
,  // measure 82
1000
0000
0000
0100
0000
0000
0010
0000
0001
1000
0001
0100
,  // measure 83
0001
0000
0000
1000
0000
0000
0100
0000
0000
0100
0000
0010
,  // measure 84
0001
0000
1000
0010
0000
0010
0001
1000
0100
1001
0000
0000
,  // measure 85
0001
1000
0100
0010
0000
0001
1000
0000
0000
0110
0000
0000
,  // measure 86
0001
1000
0100
0010
0000
0001
1000
0000
1000
0100
0010
0001
,  // measure 87
1000
0001
0100
0001
0000
0001
1000
0000
0000
1100
0000
0000
,  // measure 88
0011
0001
1000
0010
0000
0100
0001
0000
0001
1000
0100
0010
,  // measure 89
0001
1000
0001
0100
0000
0001
1000
0000
0000
1000
0000
0000
,  // measure 90
1000
0100
0010
0001
0000
0100
1000
0000
1000
0001
0010
0001
,  // measure 91
0100
0010
1000
0100
0000
0100
1000
0000
0000
1001
0000
0000
,  // measure 92
0001
0100
0001
0010
0000
0100
1000
0000
0000
1001
0000
0000
,  // measure 93
1100
0001
1000
0001
0000
0100
0010
0000
0000
1001
0000
0000
,  // measure 94
1001
0001
0100
0010
0000
1000
0001
0000
0001
0010
0001
1000
,  // measure 95
0001
0001
1000
0001
0000
0010
0001
0000
0000
1001
0000
0000
,  // measure 96
0101
1000
0010
1000
0000
0010
0001
0000
0001
1000
0001
0100
,  // measure 97
1001
0100
0010
1000
0000
0001
0010
0000
0000
1100
0000
0000
,  // measure 98
0101
0001
1000
0010
0000
1000
0001
0000
0001
1000
0100
0010
,  // measure 99
1001
0100
0000
1010
0000
0001
0010
0000
0100
1000
0000
0000
,  // measure 100
0011
0001
0100
0010
0000
1000
0001
0000
0001
0010
0100
1000
,  // measure 101
1001
0001
0100
0010
0000
1000
0001
0000
0001
0010
0000
0000
,  // measure 102
1100
0001
0100
0001
0000
0001
1000
0000
0001
0010
0001
0000
,  // measure 103
1100
0010
0001
1001
0000
0001
1001
0000
0000
0101
0000
0000
,  // measure 104
1001
0001
0100
0010
0000
0001
1001
0000
0001
0010
0100
1000
,  // measure 105
1001
0001
0100
0010
0000
1000
1001
0000
0001
0011
0000
0000
,  // measure 106
1001
0001
0100
0010
0000
0010
1010
0000
1000
0001
0010
1000
,  // measure 107
0001
0010
0100
1000
0000
0001
0100
0000
0000
1001
0000
0000
,  // measure 108
1001
0001
0010
0100
0000
1000
0100
0000
1000
0001
1000
0001
,  // measure 109
1000
0100
0001
1000
0000
0001
1000
0000
0001
1100
0000
0000
,  // measure 110
1001
0001
0100
0010
0000
1000
1100
0000
0001
0100
0001
1000
,  // measure 111
1100
0001
0100
0001
0000
0100
0010
0100
1000
1001
0000
0000
,  // measure 112
1001
0001
0100
0010
0000
1000
1001
0000
0001
0100
0010
1000
,  // measure 113
0100
0001
0100
0001
0000
0001
1100
0000
0001
1001
0000
0000
,  // measure 114
0101
0001
1000
0010
0000
0100
1001
0000
0001
0010
0001
1000
,  // measure 115
0010
0010
1000
0001
0000
0010
1001
0000
1000
1100
0000
0010
,  // measure 116
0101
0001
0010
0100
0000
1000
1010
0000
1000
0001
0100
0010
,  // measure 117
1000
0000
0000
1000
0100
0010
0001
0000
0000
1100
0000
0000
,  // measure 118
0100
0000
0000
1001
0000
0001
0100
0001
0010
0100
0000
0000
,  // measure 119
1001
0000
0001
0100
0000
0010
1000
0000
1000
0001
0000
0000
,  // measure 120
0011
0000
0001
1000
0000
0100
1000
0001
0010
0001
0000
0000
,  // measure 121
1000
0000
0100
0010
0000
0001
1000
0000
0000
0110
0000
0000
,  // measure 122
1001
0000
0000
1001
0000
0001
0010
0100
1000
0001
0000
0000
,  // measure 123
0101
0000
0001
1000
0000
0100
1000
0000
0000
1010
0000
0000
,  // measure 124
0101
0000
0001
0010
0100
1000
0010
0100
0001
0010
0000
0000
,  // measure 125
1100
0000
0001
0100
0000
0001
1000
0000
0000
1100
0000
0000
,  // measure 126
1100
0000
0010
1000
0000
0001
0100
0001
0010
0100
0000
0100
,  // measure 127
1000
0000
0001
0100
0000
0001
0010
0000
0000
1100
0000
0000
,  // measure 128
1010
0000
0001
0100
0000
0001
0010
0100
1000
0010
0100
0001
,  // measure 129
1000
0000
0100
0010
0000
0001
1001
0000
0001
0100
0000
0000
,  // measure 130
1001
0000
0100
0010
0000
0001
1001
0000
0110
1000
0000
0001
,  // measure 131
0010
0000
0100
1000
0000
0001
0101
0000
0000
1001
0000
0000
,  // measure 132
0110
1000
0001
1000
0000
0100
0001
0000
1000
0100
0000
0000
,  // measure 133
1001
0001
0010
0100
1000
0010
0100
0001
0010
0100
1000
0001
0100
0001
0010
0100
,  // measure 134
1000
0010
0100
0010
1000
0100
0010
0001
1000
0001
0100
0001
0010
0001
0010
0001
,  // measure 135
2000
0100
0010
0100
0001
0100
0100
0100
3002
0100
0010
1000
0100
0010
1000
1003
,  // measure 136
0020
0001
1000
0100
0001
1000
0100
0100
0230
1000
0010
1000
0010
1000
0010
1300
,  // measure 137
0001
0100
0010
1000
0100
1000
0001
0100
0001
0010
0100
1000
0001
0100
0001
0010
,  // measure 138
0100
1000
0001
0100
0001
0010
0100
1000
0001
0100
0010
1000
0100
0010
0001
1000
,  // measure 139
1001
0010
0100
0010
1100
0100
0010
0001
0101
0001
0010
0100
1010
0010
0100
0001
,  // measure 140
0011
0001
1000
0100
0010
1000
0010
0100
0010
0000
0000
0000
0000
0000
0000
0000
,  // measure 141
0000
0000
0000
0000
,  // measure 142
0000
0000
0000
0000
,  // measure 143
1001
0001
0010
0100
0000
1000
0001
0000
0001
0100
0001
0010
,  // measure 144
0100
1000
0010
0100
0000
0001
0010
0000
0100
1000
0000
0001
,  // measure 145
0100
0001
0010
0100
0000
0010
1000
0000
0001
0100
0000
0001
,  // measure 146
1000
0100
0010
0001
1000
0001
0100
0001
1000
0001
0010
0001
,  // measure 147
1000
0100
1000
0010
0000
0010
0100
0000
0100
0001
0010
0100
,  // measure 148
1000
0001
0100
0001
0000
0001
1000
0000
1000
0100
0010
0001
,  // measure 149
1000
0010
0100
0010
0000
0010
1000
0000
0001
1000
0001
1000
,  // measure 150
0001
0000
0000
1000
0000
0000
0001
0000
0000
1000
0000
0001
,  // measure 151
1001
0100
0010
0001
1000
0001
0101
0001
1000
0010
1000
0100
,  // measure 152
1100
0001
0010
0001
1000
0001
0101
0001
1000
0010
1000
0100
,  // measure 153
1100
0001
0010
0001
1000
0001
0110
0010
1000
0100
0010
0001
,  // measure 154
1001
0000
0000
0001
0000
0000
1000
0000
0000
0100
0000
0010
,  // measure 155
1001
1000
0001
1100
0001
1000
1001
0001
0100
0011
1000
0100
,  // measure 156
1100
0001
0010
0101
1000
0001
1001
0001
0100
0011
1000
0100
,  // measure 157
0110
0001
1000
0101
0100
0001
0011
0001
1000
0101
0010
0001
,  // measure 158
1001
0001
1000
0001
0100
0001
1000
0100
0010
0001
1000
0001
,  // measure 159
1001
0000
0000
1001
0000
0001
1000
0000
0000
1100
0000
0100
,  // measure 160
1000
0000
0001
0100
0000
0000
1001
0000
0000
1100
0000
0100
,  // measure 161
0010
0000
0001
1000
0000
0000
0101
0000
0000
1001
0000
1000
,  // measure 162
0100
0000
0100
0010
0000
0000
0011
0000
0001
1000
0000
0001
,  // measure 163
1000
0001
0010
0100
0000
0100
1000
0000
0000
0101
0000
0001
,  // measure 164
1000
0000
0100
0010
0000
0000
1001
0000
0001
0100
0000
0001
,  // measure 165
1000
1001
0001
0010
,  // measure 166
1100
0000
0000
0011
0000
0000
0101
0000
0000
1001
0000
1001
,  // measure 167
2002
0000
0000
0000
0000
0000
0000
0000
0000
0000
0000
3003
;
