#TITLE:HIGH;
#SUBTITLE:;
#ARTIST:RAM;
#TITLETRANSLIT:;
#SUBTITLETRANSLIT:;
#ARTISTTRANSLIT:;
#CREDIT:;
#BANNER:high-bn.png;
#BACKGROUND:high.png;
#LYRICSPATH:;
#CDTITLE:!renTitle.png;
#MUSIC:high.mp3;
#OFFSET:-0.420;
#SAMPLESTART:55.080;
#SAMPLELENGTH:12.000;
#SELECTABLE:YES;
#BPMS:0.000=180.000,163.000=90.000,179.000=180.000;
#STOPS:96.000=0.333
,239.000=0.333
;
#BGCHANGES:;
// cache tags:
#FIRSTBEAT:3.000;
#LASTBEAT:308.750;
#SONGFILENAME:Songs/All Songs/high/high.sm;
#HASMUSIC:1;
#HASBANNER:1;
#MUSICLENGTH:111.180;
// end cache tags

//---------------dance-single - ----------------
#NOTES:
     dance-single:
     :
     Hard:
     11:
     1.000,1.000,1.000,1.000,0.827,659.000,159.000,134.000,0.000,0.000:  // measure 1
0000
0000
0000
0000
0000
0000
0010
0010
,  // measure 2
2002
0000
0000
0000
,  // measure 3
3003
2200
0000
3300
0022
0000
0000
0033
,  // measure 4
2002
0000
0000
0000
,  // measure 5
3003
2200
0000
3300
0022
0033
2200
3300
,  // measure 6
2002
0000
0000
0000
3003
0202
0000
0000
,  // measure 7
0303
2020
0000
3030
0022
0000
0000
0033
,  // measure 8
2002
0000
0000
0000
3003
0202
0303
1010
,  // measure 9
0012
1000
1000
1000
1000
1000
1000
1003
,  // measure 10
1001
0010
0010
1001
0010
1001
0010
1001
,  // measure 11
1001
0010
0010
1001
0010
1001
0010
1001
,  // measure 12
0101
1000
1000
0101
0010
1100
0010
0101
,  // measure 13
1100
0001
0001
1100
0010
0101
0010
1100
,  // measure 14
1001
0100
0010
0220
0330
0220
0330
1000
,  // measure 15
0100
0010
0110
0010
0001
0100
0110
0010
,  // measure 16
1001
0100
0010
0220
0330
0220
0330
0001
,  // measure 17
1000
0100
0010
0001
0010
0100
1000
0001
1000
0010
0100
0001
1000
0010
0100
0000
,  // measure 18
2002
0000
3003
0202
0303
0202
0303
2200
,  // measure 19
3300
2200
3300
1010
2020
3030
0022
0033
,  // measure 20
2002
0000
3003
0202
0303
0202
0303
2200
,  // measure 21
3300
1100
1100
1010
2020
3030
0022
0033
,  // measure 22
2002
0000
3003
2200
3300
2200
3300
0202
,  // measure 23
0303
0202
0303
0011
0022
0033
2020
3030
,  // measure 24
2002
0000
3003
2200
3300
2200
3300
2002
,  // measure 25
3003
0000
0000
0000
0110
0000
0000
0000
1001
0000
0000
0000
0001
0100
0001
0000
,  // measure 26
1000
0100
1000
0000
0001
0100
0010
0000
0100
0010
1000
0000
0010
1000
0001
0000
,  // measure 27
0001
0010
0100
0000
0100
1000
0001
0000
1000
0001
1000
0000
0010
1000
0100
0000
,  // measure 28
0010
0001
0100
0000
0001
1000
0100
0000
0100
1000
0010
0000
1000
0001
0100
0000
,  // measure 29
0010
1000
0001
0000
0001
0010
0100
1000
0100
0010
0001
0000
1000
0010
0100
0001
,  // measure 30
1000
0100
1000
0000
0010
0001
0100
1000
0100
1000
0100
0000
0010
1000
0001
1000
,  // measure 31
0100
1000
0010
0000
0100
0001
0010
0100
1000
0010
0100
0000
0100
0010
0100
0010
,  // measure 32
1001
0110
1100
0101
0011
1010
0220
0000
,  // measure 33
0000
0000
0000
0000
0000
0000
0000
0000
0000
0000
0330
0000
1000
0100
0001
0000
,  // measure 34
1000
0010
0001
0000
0100
0010
1000
0000
0010
0100
0001
0000
0001
0010
1000
0000
,  // measure 35
1000
0010
0001
0000
0001
0100
1000
0000
1000
0100
0001
0000
1000
0100
1000
0000
,  // measure 36
0001
0010
0001
0000
1000
0010
1000
0000
0001
0100
0001
0000
0010
0001
0010
0000
,  // measure 37
0100
1000
0100
0000
0110
0000
0101
0000
0110
0000
1100
0000
0010
0100
0001
0100
,  // measure 38
0010
0100
0001
0000
1000
0100
1000
0001
1000
0100
1000
0000
1000
0001
0100
1000
,  // measure 39
0100
0010
0001
0000
0010
0100
0001
1000
0100
0010
1000
0000
0001
0010
0001
0010
,  // measure 40
0100
1000
0100
1000
0010
1000
0010
1000
0001
0100
0001
0100
0001
0010
0100
1000
,  // measure 41
0001
0010
0100
1000
0001
0100
0010
1000
0100
0010
0001
0000
1001
0100
0010
1000
,  // measure 42
0001
0010
0100
1000
0001
0100
0001
0010
0100
1000
0001
0100
1001
0100
0010
0001
,  // measure 43
1000
0010
0100
0001
0100
1000
0100
0001
0010
1000
0010
0001
1001
0100
0010
1000
,  // measure 44
0001
0010
0100
1000
0001
0100
0001
0010
0100
1000
0001
0100
1001
0100
1001
0110
,  // measure 45
1100
0101
0011
1010
0220
0000
0000
0000
0000
0000
0000
0330
1001
0000
0000
0000
,  // measure 46
1000
0110
0000
0001
0011
0000
1000
1010
,  // measure 47
0110
0101
1000
0010
0100
0001
0110
0000
,  // measure 48
0010
1100
0000
0001
0101
0000
1000
0110
,  // measure 49
0110
0210
0301
0110
0110
0110
1001
0100
,  // measure 50
1000
1000
0000
0100
0001
0000
0100
0010
,  // measure 51
0001
0100
0010
1000
0001
0100
0110
1000
,  // measure 52
0001
0110
0000
0010
0100
0000
0100
0001
,  // measure 53
1001
0110
1100
0101
0011
1010
2002
0000
,  // measure 54
3003
0202
0303
0202
0303
2200
3300
2200
,  // measure 55
3300
1010
2020
3030
0022
0033
1001
0100
,  // measure 56
0010
0220
0330
0220
0330
2002
3003
0100
,  // measure 57
0100
0010
0020
0030
0022
0033
2002
0000
,  // measure 58
3003
2200
3300
2200
3300
0202
0303
0202
,  // measure 59
0303
0011
0022
0033
2020
3030
0110
1000
,  // measure 60
0001
2002
3003
2002
3003
0220
0330
0000
,  // measure 61
1001
0000
0000
0000
0110
0000
0000
0000
0001
0100
0001
0000
1000
0100
1000
0000
,  // measure 62
0001
0100
0010
0000
0100
0010
1000
0000
0010
1000
0001
0000
0001
0010
0100
0000
,  // measure 63
0100
1000
0001
0000
1000
0001
1000
0000
0010
1000
0100
0000
0010
0001
0100
0000
,  // measure 64
0001
1000
0100
0000
0100
1000
0010
0000
1000
0001
0100
0000
0010
1000
0001
0000
,  // measure 65
0001
0010
0100
1000
0100
0010
0001
0000
0001
0010
0001
0000
0011
0000
1001
0000
,  // measure 66
1000
0010
1000
0000
1010
0000
1001
0000
0100
0010
0100
0000
1001
0000
0110
0000
,  // measure 67
0010
1000
0001
0000
0011
0000
1010
0000
0001
0100
0010
1000
0001
0100
0010
1000
,  // measure 68
0001
0100
0010
1000
0001
0100
0010
1000
0020
0000
0000
0000
0000
0000
0000
0000
,  // measure 69
0000
0000
0000
0000
0000
0000
0000
0030
0010
0100
1000
0100
0010
0100
1000
0000
,  // measure 70
0001
0100
0001
0010
0001
1000
0001
0000
0100
0010
1000
0001
0100
0010
0001
0000
,  // measure 71
0010
0100
0001
0010
0100
0010
1000
0000
0010
1000
0100
0000
0011
0000
0101
0000
,  // measure 72
0010
0001
0100
0000
1010
0000
1100
0000
1000
0001
0100
0000
1100
0000
0011
0000
,  // measure 73
0001
1000
0010
0000
0011
0000
1100
0000
0001
0010
0001
0010
0100
1000
0100
1000
,  // measure 74
0010
1000
0010
1000
0001
0100
0001
0100
0001
0010
0100
1000
0001
0010
0100
1000
,  // measure 75
0001
0100
0010
1000
0100
0010
0001
1000
0001
0100
0010
0100
1000
0100
0010
0100
,  // measure 76
0001
0010
0100
0010
1000
0010
0100
0001
1000
0100
0010
0001
0100
0010
1000
0100
,  // measure 77
0010
0001
1000
0010
0100
0001
0020
0200
0000
0000
0000
0000
0000
0000
0000
0000
,  // measure 78
0000
0000
0000
0330
0000
0000
0000
0000
0000
0000
0000
0000
0000
0000
0000
0000
;
