#TITLE:Radetzky March;
#SUBTITLE:;
#ARTIST:Speed Orchestra;
#TITLETRANSLIT:;
#SUBTITLETRANSLIT:;
#ARTISTTRANSLIT:;
#CREDIT:;
#BANNER:radetzky-bn.png;
#BACKGROUND:radetzky-bg.png;
#LYRICSPATH:;
#CDTITLE:!tank101title.png;
#MUSIC:Radetzky March.mp3;
#OFFSET:-0.020;
#SAMPLESTART:33.333;
#SAMPLELENGTH:12.000;
#SELECTABLE:YES;
#BPMS:0.000=184.000;
#STOPS:;
#BGCHANGES:;
// cache tags:
#FIRSTBEAT:8.000;
#LASTBEAT:255.000;
#SONGFILENAME:Songs/All Songs/Tank 101 - Radetzky March/radetzky.sm;
#HASMUSIC:1;
#HASBANNER:1;
#MUSICLENGTH:83.469;
// end cache tags

//---------------dance-single - ----------------
#NOTES:
     dance-single:
     :
     Hard:
     11:
     1.000,1.000,1.000,0.455,0.845,603.000,168.000,38.000,0.000,0.000:  // measure 1
0000
0000
0000
0000
,  // measure 2
0000
0000
0000
0000
,  // measure 3
1001
0000
0000
0000
1001
0000
0000
0000
1001
0000
0100
0000
0010
0000
0000
0100
,  // measure 4
1000
0010
1000
0001
0010
0000
0010
0000
1001
0000
0010
0100
1001
0000
0010
1000
,  // measure 5
0110
0000
0001
1000
0010
0000
1000
0010
0100
0000
0101
0000
0110
0000
0001
1000
,  // measure 6
0001
0000
0010
1000
0010
0000
0100
1000
0100
0000
1001
0000
0101
0000
1000
0010
,  // measure 7
1000
0000
1001
0000
1100
0000
0100
0001
0110
0000
1001
0000
0011
0000
0010
0100
,  // measure 8
1001
0000
0120
0000
0000
0000
0130
0000
0000
0000
0100
0010
0001
0010
0100
1000
,  // measure 9
0110
0000
0010
0100
1000
0000
0001
0100
0010
0000
1100
0000
0011
0000
0001
0010
,  // measure 10
0100
0000
1000
0001
0010
0000
0010
0100
0010
0000
1001
0000
0110
0000
0010
1000
,  // measure 11
0010
0011
0012
1000
1003
1010
2010
0000
,  // measure 12
3001
0000
0000
0001
0010
0100
1000
0100
0011
0000
0110
0000
0110
0000
1000
0100
,  // measure 13
1000
0000
0100
0010
0100
0000
1000
0100
1000
0000
0110
0000
0101
0000
0001
0010
,  // measure 14
0001
0000
0010
0100
0010
0000
0001
0010
0001
0000
0110
0000
1001
0000
0100
0000
,  // measure 15
2010
0001
3100
0010
0102
1000
0103
1010
,  // measure 16
1100
0000
0001
0010
0100
0000
1010
0000
0101
0000
1000
0100
0010
0000
1100
0000
,  // measure 17
0012
1000
0013
1100
2010
0001
3010
0101
,  // measure 18
1010
0000
0100
0010
0100
0000
1001
0000
0101
0000
0100
0010
0100
0000
1001
0000
,  // measure 19
1010
0000
1000
0001
1010
0000
0001
1000
0101
0000
1000
0001
1010
0000
0010
0100
,  // measure 20
0010
0000
0100
1000
0100
0000
0100
1000
0100
0000
0100
1000
0100
0000
0010
1000
,  // measure 21
0011
0000
0010
0100
1000
0000
1000
0010
0100
0000
0011
0000
1100
0000
0010
0001
,  // measure 22
0100
0000
0010
0001
0010
0000
1000
0010
0100
0000
1010
0000
0011
0000
0001
0010
,  // measure 23
0100
0000
1001
0000
0102
0000
0003
0010
0100
0000
1001
0000
0210
0000
0310
1000
,  // measure 24
0100
0000
0022
0000
0033
0000
0200
0000
0000
0000
0301
0010
0001
0100
0001
0010
,  // measure 25
0100
0000
0100
1000
0100
0000
1000
0100
0010
0000
0101
0000
0110
0000
0010
1000
,  // measure 26
0010
0000
0001
0100
0010
0000
0010
0100
1000
0000
1001
0000
1100
0000
0001
1000
,  // measure 27
0001
1001
0210
0001
0301
0010
2100
0000
,  // measure 28
3001
0000
0000
0001
0010
0100
1000
0100
1000
0000
0011
0000
0011
0000
0000
0000
,  // measure 29
2002
0000
3003
0100
0100
0010
0010
0100
,  // measure 30
1002
1003
1000
0100
0100
0010
0010
0001
,  // measure 31
1100
0010
0001
0000
0010
0000
0001
0000
1100
0010
0001
0000
0010
0000
0001
0000
,  // measure 32
1100
0010
0001
0000
0001
0000
0001
0000
2000
0000
0000
0000
0000
0000
3100
0010
,  // measure 33
1001
0100
0010
0000
0100
0000
1010
0000
0011
0100
1000
0000
1100
0000
1100
0000
,  // measure 34
1001
0100
0010
0000
1010
0100
0001
0000
0120
0000
1000
0000
1030
0000
1000
0000
,  // measure 35
1010
0100
0001
0000
0010
0000
0100
0000
1010
0100
0001
0000
0010
0000
0100
0000
,  // measure 36
1010
0100
0001
0000
1001
0000
1001
0000
0220
0000
0000
0000
0330
0000
0100
1000
,  // measure 37
0100
0010
0002
0000
0000
0000
0103
0000
1000
0100
0010
0000
1000
0000
0100
0000
,  // measure 38
1100
0010
0001
0000
0101
0010
0100
0000
1001
0000
0110
0000
0110
0000
0000
0000
,  // measure 39
1001
0000
0000
0000
1001
0000
0000
0000
1001
0000
0100
0000
0010
0000
0000
0001
,  // measure 40
1000
0100
0010
0001
0010
0000
0110
0000
2002
0000
0000
0000
3003
0000
0010
1000
,  // measure 41
0101
0000
0100
1000
0010
0000
0010
0100
1001
0000
0101
0000
1000
0000
0100
0001
,  // measure 42
0100
0000
0010
0100
1000
0000
1000
0001
0010
0000
0011
0000
0101
0000
1000
0010
,  // measure 43
1000
0000
1001
0000
1100
0000
0100
0001
0110
0000
1001
0000
0011
0000
0010
0100
,  // measure 44
1001
0000
0120
0000
0000
0000
1030
0000
0000
0000
0001
0010
0100
0010
0100
1000
,  // measure 45
0110
0000
0010
0100
1000
0000
1000
0100
0010
0000
1100
0000
0011
0000
0100
0001
,  // measure 46
0100
0000
1000
0010
0100
0000
0010
0100
1000
0000
1001
0000
0110
0000
0010
1000
,  // measure 47
0100
0011
0012
1000
1003
1010
2010
0001
,  // measure 48
3010
0000
0000
0001
1000
0010
1000
0100
1000
0000
0110
0000
0110
0000
0001
1000
,  // measure 49
0001
0000
1000
0001
1000
0000
0010
0100
0010
0000
1001
0000
0110
0000
0001
1000
,  // measure 50
0001
0000
1000
0001
1000
0000
0100
0010
0100
0000
1001
0000
0110
0000
1001
0000
,  // measure 51
2010
0001
3100
0011
0102
1000
0103
1010
,  // measure 52
1100
0000
0001
1000
0100
0000
1010
0000
0101
0000
1000
0001
0010
0000
1100
0000
,  // measure 53
0012
1000
0013
0101
2010
0001
3010
0101
,  // measure 54
1010
0000
0001
0010
0001
0000
1001
0000
0110
0000
1000
0100
1000
0000
1001
0000
,  // measure 55
0110
0000
1000
0001
1010
0000
0001
1000
0101
0000
1000
0001
1010
0000
0100
0010
,  // measure 56
1001
0000
0010
1000
0010
0000
0100
0001
0100
0000
0010
1000
0010
0000
0100
1000
,  // measure 57
0011
0000
0010
0100
1000
0000
1000
0010
0100
0000
0011
0000
1100
0000
0010
0001
,  // measure 58
0100
0000
0010
0001
0010
0000
1000
0010
0100
0000
1010
0000
0011
0000
0001
0010
,  // measure 59
0100
0000
1001
0000
0102
0000
0003
0010
0100
0000
1001
0000
0210
0000
0310
1000
,  // measure 60
0100
0000
0022
0000
0033
0000
0200
0000
0000
0000
0301
0010
0001
0100
0001
0010
,  // measure 61
0100
0000
0100
1000
0100
0000
1000
0100
0010
0000
0101
0000
0110
0000
0010
1000
,  // measure 62
0010
0000
0001
0100
0010
0000
0010
0100
1000
0000
1001
0000
1100
0000
0001
1000
,  // measure 63
0001
1001
0210
0001
0301
0010
2100
0010
,  // measure 64
3001
0000
0000
1000
0010
0100
0001
0010
0100
0000
1001
0000
1001
0000
0000
0000
;
