#TITLE:A;
#SUBTITLE:;
#ARTIST:SuperGreenX;
#TITLETRANSLIT:;
#SUBTITLETRANSLIT:;
#ARTISTTRANSLIT:;
#CREDIT:;
#BANNER:a-bn.png;
#BACKGROUND:a-bg.png;
#LYRICSPATH:;
#CDTITLE:!mwerpTitle.png;
#MUSIC:DDR - Kick Your A.mp3;
#OFFSET:-0.160;
#SAMPLESTART:204.506;
#SAMPLELENGTH:15.000;
#SELECTABLE:YES;
#BPMS:0.000=93.150,66.000=93.000,160.000=92.800,172.000=93.000,248.000=186.000,342.000=93.000,345.000=186.000,409.000=93.000,411.000=46.500,414.000=93.000;
#STOPS:;
#BGCHANGES:;
// cache tags:
#FIRSTBEAT:17.000;
#LASTBEAT:518.000;
#SONGFILENAME:Songs/All Songs/Mwerp - Kick Your A/kickyourA.sm;
#HASMUSIC:1;
#HASBANNER:1;
#MUSICLENGTH:286.987;
// end cache tags

//---------------dance-single - ----------------
#NOTES:
     dance-single:
     :
     Hard:
     11:
     0.807,0.993,1.000,0.143,0.681,1228.000,352.000,41.000,0.000,0.000:  // measure 1
0000
0000
0000
0000
,  // measure 2
0000
0000
0000
0000
,  // measure 3
0000
0000
0000
0000
,  // measure 4
0000
0000
0000
0000
,  // measure 5
0000
2000
3200
0320
,  // measure 6
0032
2003
3002
0023
,  // measure 7
0230
0000
0000
0000
,  // measure 8
2300
0000
0000
0000
0000
0000
0000
3000
,  // measure 9
0001
1100
1010
1001
0010
1100
0000
1010
,  // measure 10
0001
0000
1100
0000
1010
0000
1001
0000
0100
0000
1001
0100
1010
0000
1100
0010
,  // measure 11
1000
0011
0101
1001
0100
0011
0000
0101
,  // measure 12
1000
0000
0011
1000
0101
0000
1001
0100
0010
0000
1001
0000
0101
0000
0011
0000
,  // measure 13
1001
0000
1100
0000
1010
0000
1001
0100
0011
0000
1100
0000
0000
0000
1010
0000
,  // measure 14
0001
1100
1010
1001
0101
1001
1010
1100
,  // measure 15
1000
0000
0011
0000
0101
0000
1001
0010
0100
0000
0011
0100
1000
0010
0101
0000
,  // measure 16
1000
0000
0011
0000
0101
0000
1001
0100
0001
0010
1001
0000
0101
0000
0011
0100
,  // measure 17
1001
0000
0000
0000
0000
0000
0110
0000
1001
0000
1100
0000
1010
0000
1001
0100
,  // measure 18
0011
0000
1100
0000
0001
0000
1010
0000
1001
0010
1100
0011
1010
0011
1001
0000
,  // measure 19
0110
0000
1001
0000
1010
0001
1100
0010
1001
0000
0011
0000
0101
0010
1001
0010
,  // measure 20
0100
0000
0011
0010
0000
0010
0101
0010
1001
0000
0011
0110
0101
0110
1001
0000
,  // measure 21
0011
0100
1001
0010
0101
1000
0011
0100
1001
0000
1100
0000
1010
0000
1001
0100
,  // measure 22
0011
0000
1100
0000
0001
0000
1010
0000
1001
0010
1100
0011
1010
0011
1001
0000
,  // measure 23
0110
0000
1001
0000
1010
0001
1100
0010
1001
0000
0011
0000
0101
0010
1001
0010
,  // measure 24
0100
0000
0011
0010
0000
0010
0101
0010
1001
0000
0011
0110
0101
0110
1001
0000
,  // measure 25
0011
0100
1001
0010
0101
1000
0011
0100
1002
0000
0010
0000
1000
0000
0010
0000
,  // measure 26
0000
0000
0100
0003
0000
0000
0010
0000
2000
0000
0010
0000
0001
0000
0100
0000
,  // measure 27
3002
0010
0100
0010
0203
0010
0001
1000
,  // measure 28
0000
0001
0000
0010
0302
1000
0100
1000
,  // measure 29
0023
0100
0230
1000
2300
0100
0001
0100
,  // measure 30
0000
0000
0010
3000
0000
0000
0100
0000
0002
0000
0100
0000
1000
0000
0010
0000
,  // measure 31
2003
0100
3200
0010
0320
0100
1000
0001
,  // measure 32
0000
1000
0000
0100
2030
0001
0010
0001
,  // measure 33
3200
0000
0010
0000
0001
0000
0310
0000
1001
0000
0000
0010
1100
0000
0100
0001
,  // measure 34
1010
0000
0100
0000
0011
0000
1000
0000
1100
0000
0001
0010
0101
0000
0100
1000
,  // measure 35
0011
0000
1000
0000
1100
0000
0100
1000
0011
0000
0000
1000
0110
0000
1000
0000
,  // measure 36
0011
1000
0100
0000
1001
0000
0010
0000
0101
0000
0000
0010
1100
0000
0010
0000
,  // measure 37
0101
0000
0010
0000
1001
0000
0000
0100
0010
0000
0000
0000
0000
0000
0000
0000
,  // measure 38
0000
0001
0100
0001
0110
0000
0000
0000
,  // measure 39
0000
0000
0000
0000
0000
0000
0010
0100
1001
0000
0000
0000
0000
0000
0100
0000
,  // measure 40
0001
1000
0000
0000
,  // measure 41
0000
0000
0000
0000
,  // measure 42
0000
0000
0000
0000
,  // measure 43
0000
0000
0000
0000
,  // measure 44
0000
0000
0000
0000
,  // measure 45
0110
1000
0110
0001
0110
1010
0000
0000
,  // measure 46
0110
0001
0110
1000
0110
0011
0100
0011
,  // measure 47
1001
0010
1001
0100
1001
0011
0000
0000
,  // measure 48
1001
0100
1001
0010
1001
0101
1000
0101
,  // measure 49
0011
1000
0011
0100
0011
1001
0000
0000
,  // measure 50
0011
0100
0011
1000
0011
0101
0010
0101
,  // measure 51
1100
0001
1100
0010
1100
1001
0000
0000
,  // measure 52
1100
0010
1100
0001
1100
1010
0100
1010
,  // measure 53
1001
0010
1001
0100
1001
0011
0000
0000
,  // measure 54
1001
0100
1001
0010
1001
0101
0010
0100
,  // measure 55
0001
1100
1010
1001
0010
1100
0000
1010
,  // measure 56
0001
0000
1100
0000
1010
0000
1001
0000
0100
0000
1001
0100
1010
0000
1100
0010
,  // measure 57
1000
0011
0101
1001
0100
0011
0000
0101
,  // measure 58
1000
0000
0011
1000
0101
0000
1001
0100
0010
0000
1001
0000
0101
0000
0011
0100
,  // measure 59
1001
0000
0000
0100
0000
0000
1000
0000
0010
0000
0100
0000
0001
0000
0010
0000
0100
0000
0001
0000
0100
0000
0010
0000
0100
0000
0000
0000
0100
0000
1000
0000
,  // measure 60
0101
0000
0000
1000
0000
0000
0010
0000
0001
0000
1000
0000
0100
0000
0001
0000
1000
0000
0100
0000
1000
0000
0001
0000
1000
0000
0000
0000
1000
0000
0010
0000
,  // measure 61
1100
0000
0000
0010
0000
0000
0001
0000
0100
0000
0010
0000
1000
0000
0100
0000
0010
0000
1000
0000
0010
0000
0100
0000
0010
0000
1000
0000
0010
0000
0001
0000
,  // measure 62
1010
0000
0000
0001
0000
0000
0100
0000
1000
0000
0001
0000
0010
0000
1000
0000
0001
0000
0010
0000
0001
0000
1000
0000
0001
0010
0100
1000
0001
1000
0100
0010
,  // measure 63
0001
1100
1010
1001
0010
1100
0001
1010
,  // measure 64
0001
1100
1010
1001
0100
1001
1010
1100
,  // measure 65
1000
0011
0101
1001
0100
0011
1000
0101
,  // measure 66
1000
0011
0101
1001
0010
1001
0101
0011
,  // measure 67
0001
1100
1010
1001
0010
1100
0001
1010
,  // measure 68
0001
1100
1010
1001
0100
1001
1010
1100
,  // measure 69
1000
0011
0101
1001
0100
0011
1000
0101
,  // measure 70
1000
0000
0011
0000
0101
0000
1001
0000
0110
0000
1010
0000
0010
1000
0100
0010
,  // measure 71
1001
0000
0100
1000
0010
1000
0100
0000
1000
0000
0010
0100
1000
0100
0010
0000
,  // measure 72
0100
0001
0010
0000
0001
0000
0100
0000
0010
0000
1000
0000
0001
0000
0100
0000
,  // measure 73
0010
0000
1000
0001
0010
0001
1000
0000
0100
0000
0010
0001
0100
0001
0010
0000
,  // measure 74
0001
0010
0100
0010
0000
0001
0000
0010
0001
0000
0100
0000
0010
0000
1000
0000
,  // measure 75
0001
0000
1000
0001
0100
0001
1000
0000
1000
0100
1000
0000
1000
0001
0010
0001
,  // measure 76
0100
0010
0100
0000
0001
0000
1000
0000
1000
0100
1000
0000
1000
0010
1000
0000
,  // measure 77
0001
0000
0001
1000
0001
0000
0001
0000
0001
0100
0010
0000
0010
1000
0010
0100
,  // measure 78
0001
0010
0100
0000
0010
0100
1000
0000
0100
1000
0001
0000
1000
0001
0010
0000
,  // measure 79
1001
0000
0100
1000
0010
1000
0100
0000
1000
0000
0010
0100
1000
0100
0010
0000
,  // measure 80
0100
0001
1010
0000
0000
0101
0000
0000
1010
0000
0000
1001
0000
0000
0110
0000
,  // measure 81
1010
0000
1000
0001
0010
0001
1000
0000
0100
0000
0010
0001
0100
0001
0010
0000
,  // measure 82
0001
0010
1100
0000
0000
0011
0000
0000
0101
0000
0000
0110
0000
0000
1001
0000
,  // measure 83
0101
0000
1000
0001
0100
0001
1000
0000
1000
0100
1000
0000
1000
0001
0010
0001
,  // measure 84
0100
0010
0101
0000
0000
1001
0000
0000
1100
0000
0000
1010
0000
0000
1100
0000
,  // measure 85
0011
0000
0001
1000
0001
0000
0001
0000
0001
0100
0010
0000
0010
1000
0010
0000
,  // measure 86
0001
0010
0100
1000
0001
1000
0100
0010
0002
0000
0000
0000
0000
0000
0000
0000
,  // measure 87
0000
0000
0000
0000
1003
0010
1000
0100
0010
0001
0100
0001
1000
0010
0100
0001
,  // measure 88
1000
0001
0010
0100
1000
0001
0010
0001
1000
0010
0100
0010
1000
0100
0010
0001
,  // measure 89
1000
0100
0010
0001
0100
0010
1000
0010
0100
0001
1000
0010
1000
0100
0010
0001
,  // measure 90
1000
0100
0010
0001
1000
0010
0100
0001
1000
0010
0100
0001
1000
0100
1000
0100
,  // measure 91
0010
0001
0010
0001
0100
0001
0100
0001
1000
0010
1000
0010
1000
0100
0010
0001
,  // measure 92
0010
0100
1000
0010
0100
0001
0100
0010
1000
0100
0010
1000
0010
0001
1000
0100
,  // measure 93
0010
0100
1000
0010
0100
0001
0010
0001
1000
0100
0010
0100
1000
0100
1000
0100
,  // measure 94
0010
0001
0010
0001
1000
0010
1000
0010
0100
0001
0100
0001
0010
0001
1000
0100
,  // measure 95
0010
0001
0100
0001
1000
0100
1000
0100
0010
0001
0010
0001
1000
0100
0010
0001
,  // measure 96
0010
0100
1000
0100
1001
0000
0000
0000
0000
0000
0000
0000
0001
0010
0100
1000
,  // measure 97
0001
0010
0100
1000
0001
0100
0010
0100
0010
1000
0100
1000
0100
0010
0001
0010
,  // measure 98
0001
0100
0010
0100
1001
0010
0100
0010
0100
0001
0010
0001
0010
0100
1000
0100
,  // measure 99
1000
0100
0010
0100
1001
0010
0100
1000
0001
0100
0010
1000
0001
0010
0100
1000
,  // measure 100
0001
0100
0010
0100
1001
0010
0100
0001
1000
0100
0010
0001
1000
0010
0100
0001
,  // measure 101
1000
0100
0010
0100
1001
0010
0100
1000
0001
0100
0010
0100
1001
0010
0100
0001
,  // measure 102
1000
0000
0000
0100
0000
0000
0010
0000
0000
0100
0000
0000
1001
0000
0000
0000
0000
0000
0000
0000
0000
0000
0011
0000
0000
0000
0000
0000
0000
0000
0000
0000
1100
0000
0000
0000
0000
0000
0000
0000
0101
0000
0000
0000
0000
0000
0000
0000
,  // measure 103
0000
0000
0000
0000
0000
0000
0000
0000
1010
0000
0000
0000
0000
0000
0000
0000
0000
0000
0000
0000
0000
0000
0000
0000
0000
0000
0000
0000
0000
0000
0000
0000
0000
0000
0000
0000
0000
0000
0000
0000
0000
0000
0000
0000
0000
0000
0000
0000
0110
0000
0000
0000
0000
0000
0000
0000
0000
0000
0000
0000
0000
0000
0000
0000
0000
0000
0000
0000
0000
0000
0000
0000
0000
0000
0000
0000
0000
0000
0000
0000
0000
0000
0000
0000
0000
0000
0000
0000
0000
0000
0000
0000
0000
0000
0000
0000
0001
0000
0000
0000
0000
0000
0010
0000
0000
0000
0000
0000
0100
0000
0000
0000
0000
0000
0000
0000
1000
0000
0000
0000
0000
0000
0000
0000
0100
0000
0000
0000
0000
0000
0000
0000
0010
0000
0000
0000
0000
0000
0000
0000
0000
0000
0000
0000
0002
0000
0000
0000
0000
0000
0000
0000
0000
0000
0000
0000
0000
0000
0000
0000
0000
0000
0000
0000
0000
0000
0000
0000
0000
0000
0000
0000
0000
0000
0000
0000
0000
0000
0000
0000
0000
0000
0000
0000
0000
0000
0000
0000
0000
0000
0000
0000
,  // measure 104
0000
0000
0000
0000
0000
0000
0000
0003
0001
0010
1100
0001
1010
0100
1001
0100
,  // measure 105
0010
0001
1100
0010
0001
0100
1010
0100
0001
0010
1100
0001
1010
0100
1001
0010
,  // measure 106
0100
0010
1001
0100
1010
0001
1100
0010
1000
0100
0011
1000
0101
0010
1001
0010
,  // measure 107
0100
1000
0011
0100
1000
0010
0101
0010
1000
0100
0011
1000
0101
0010
1001
0100
,  // measure 108
0010
0100
1001
0010
0101
1000
0011
0100
0001
0010
1100
0001
1010
0100
1001
0100
,  // measure 109
0010
0001
1100
0010
0001
0100
1010
0100
0001
0010
1100
0001
1010
0100
1001
0010
,  // measure 110
0100
0010
1001
0100
1010
0001
1100
0010
1000
0100
0011
1000
0101
0010
1001
0010
,  // measure 111
0100
1000
0011
0100
1000
0010
0101
0010
1000
0100
0011
1000
0101
0010
1001
0100
,  // measure 112
0010
0100
1001
0010
0101
1000
0011
0100
0002
0000
0010
0000
1000
0000
0010
0000
,  // measure 113
0000
0100
0000
0010
2003
0010
0001
0100
,  // measure 114
3002
0010
0100
0010
0203
0010
0001
1000
,  // measure 115
0000
0001
0000
0010
0302
1000
0010
1000
,  // measure 116
0023
0100
0230
1000
2300
0100
0001
0100
,  // measure 117
0000
0010
0000
0100
3002
0100
1000
0010
,  // measure 118
2003
0100
3200
0010
0320
0100
1000
0001
,  // measure 119
0000
1000
0000
0100
2030
0001
0010
0001
,  // measure 120
3200
0000
0010
0000
0001
0000
0310
0000
1001
0100
1000
0000
0011
0000
0010
0100
,  // measure 121
1000
0000
1000
0100
0011
0100
1000
0010
1001
0010
0100
1000
0011
1000
0010
0100
,  // measure 122
1001
0100
0001
0000
0011
0000
1000
0100
1001
0010
0001
0100
0011
1000
0001
0010
,  // measure 123
0100
0000
0100
1000
0011
0100
1000
0010
1001
0010
1000
0100
0011
1000
0100
0010
,  // measure 124
1001
0010
0100
0000
1001
0000
0100
0010
1001
0010
0001
0000
1100
0000
0100
0010
,  // measure 125
0001
0000
0001
0010
1100
0010
0001
0100
1001
0100
0010
0001
1100
0001
0100
0010
,  // measure 126
1001
0010
1000
0000
1100
0000
0001
0010
1001
0100
1000
0010
1100
0001
1000
0100
,  // measure 127
0010
0000
0010
0001
1100
0010
0001
0100
1001
0100
0001
0010
1100
0001
0010
0100
,  // measure 128
1001
0100
0010
0000
1001
0000
0010
0100
2002
0000
0000
0000
0000
0000
0000
0000
,  // measure 129
0000
0000
0000
0000
,  // measure 130
0000
0000
3003
0000
;
