#TITLE:Tank!;
#SUBTITLE:;
#ARTIST:菅野よう子;
#TITLETRANSLIT:;
#SUBTITLETRANSLIT:;
#ARTISTTRANSLIT:Yoko Kanno;
#CREDIT:;
#BANNER:Tank.png;
#BACKGROUND:Tank-bg.jpg;
#LYRICSPATH:;
#CDTITLE:;
#MUSIC:Tank!.mp3;
#OFFSET:-1.000;
#SAMPLESTART:99.980;
#SAMPLELENGTH:12.000;
#SELECTABLE:YES;
#BPMS:0.000=137.840;
#STOPS:;
#BGCHANGES:;
// cache tags:
#FIRSTBEAT:0.000;
#LASTBEAT:473.500;
#SONGFILENAME:Songs/All Songs/Tank! (full)/Tank.sm;
#HASMUSIC:1;
#HASBANNER:1;
#MUSICLENGTH:210.372;
// end cache tags

//---------------dance-single - ----------------
#NOTES:
     dance-single:
     :
     Hard:
     8:
     0.509,0.675,0.437,0.318,0.335,591.000,92.000,67.000,0.000,1.000:
1000
0010
0000
1000
0001
0000
1000
0100
0000
1000
0001
0000
1000
0000
0010
0000
,
0000
0000
0000
1001
,
1000
0000
0000
0010
0000
0000
0100
0000
0001
0000
0000
0010
0000
0000
0100
0000
,
1000
0000
0000
0100
0000
0000
0001
0000
0100
0000
0000
1000
0000
0000
0010
0000
,
0100
0000
0000
0001
0000
0000
0010
0000
1000
0000
0000
0010
0000
0000
0001
0000
,
0100
0000
0000
0010
0000
0000
1000
0000
0100
0000
0000
0010
0000
0000
0001
0000
,
1000
0000
0000
0010
0000
0000
0100
0000
0001
0000
0000
0010
0000
0000
0100
0000
,
1000
0000
0000
0100
0000
0000
0001
0000
0100
0000
0000
1000
0000
0000
0010
0000
,
0100
0000
0000
0001
0000
0000
0010
0000
1000
0000
0000
0010
0000
0000
0001
0000
,
0100
0000
0000
0010
0000
0000
1000
0000
0100
0000
0000
0010
0000
0000
0001
0000
,
1000
0000
0000
0010
0000
0000
0100
0000
0001
0000
0000
0010
0000
0000
0100
0000
,
1000
0000
0000
0100
0000
0000
0001
0000
0100
0000
0000
1000
0000
0000
0010
0000
,
0100
0000
0000
0001
0000
0000
0010
0000
1000
0000
0000
0010
0000
0000
0001
0000
,
0100
0000
0000
0010
0000
0000
1000
0000
0100
0000
0000
0010
0000
0000
0001
0000
,
1000
0010
0000
0010
0100
0000
0100
0001
0000
0001
1000
0000
0000
0000
0220
0000
,
0000
0000
0000
0330
,
0010
0100
0000
0100
0001
0000
0001
0010
0000
0010
0100
0000
0000
0000
2002
0000
,
0000
0000
0000
3003
,
1000
0001
0000
0001
0100
0000
0100
0010
0000
0010
1000
0000
0000
0000
0202
0000
,
0000
0000
0000
0303
,
0100
0010
0000
0010
1000
0000
1000
0001
0000
0001
0100
0000
0000
0000
2020
0000
,
0000
0000
0000
3030
,
1010
0000
0000
1001
0000
0000
1100
0000
,
0011
0000
0000
1001
0000
0000
0101
0000
,
1000
0010
0000
0100
0001
0000
0010
0100
0000
1000
0001
0000
0000
0000
1001
0000
,
0000
1100
0101
0011
1010
0110
1001
0000
,
1000
0100
0000
0010
0001
0000
0100
0010
0000
1000
0100
0000
0000
0000
0022
0000
,
0000
0000
0000
0033
,
0001
0100
0000
0010
1000
0000
0100
0010
0000
0001
0100
0000
0000
0000
2020
0000
,
0000
0000
0000
3030
,
1000
0001
0000
0100
0010
0000
1000
0001
0000
0100
0010
0000
0000
0000
2002
0000
,
0000
0000
0000
3003
,
0010
0100
0000
0001
1000
0000
0010
0100
0000
0001
1000
0000
0000
0000
0220
0000
,
0000
0000
0000
0330
,
1100
0000
0000
0110
0000
0000
0101
0000
,
0011
0000
0000
0110
0000
0000
1010
0000
,
1000
0010
0000
0100
0001
0000
1000
0010
0000
0100
0001
0000
0000
0000
1001
0000
,
0000
0000
0110
0000
2000
3001
0000
2002
,
0000
0000
0000
0000
0000
0000
3003
0001
,
1000
0000
0000
0010
0000
0000
0100
0000
0001
0000
0000
0010
0000
0000
0100
0000
,
2000
0000
0000
3000
,
0000
0001
0000
0010
0100
1000
0010
0100
,
2000
0000
0000
3000
,
0000
0000
0000
1000
0000
0000
0000
0001
0000
0000
0000
0100
0000
0000
0000
0010
0000
0000
0000
1000
0000
0000
0000
0000
,
1000
0000
0001
0000
0000
0000
0010
0100
0001
0000
1000
0000
0000
0000
0010
0100
,
2000
0000
0000
3000
,
1000
0100
0000
0100
1000
0000
0001
0010
0000
0010
0001
0000
0000
0000
0200
0000
,
0000
0000
0000
0300
,
0001
0100
0000
0100
0001
0000
1000
0010
0000
0010
1000
0000
0000
0000
0200
0000
,
0000
0000
0000
0300
,
1000
0001
0000
0001
1000
0000
0010
0100
0000
0100
0010
0000
0000
0000
2002
0000
,
0000
0000
0000
3003
,
0100
0010
0000
0010
0100
0000
1000
0001
0000
0001
1000
0000
0000
0000
0220
0000
,
0000
0000
0000
0330
,
1001
0000
0000
0011
0000
0000
1010
0000
,
0110
0000
0000
1100
0000
0000
0101
0000
,
1000
0010
0000
0001
0010
0000
1000
0010
0000
0001
0010
0000
0000
0000
1001
0000
,
0000
0000
0110
0000
2000
0002
0000
3003
,
1000
0000
0000
0000
0001
0000
0000
1000
0000
0000
0000
0001
0000
0000
0000
1000
,
0000
0000
0000
0001
0000
0000
0000
1000
0000
0000
0000
0001
0000
0000
0000
1000
,
0000
0000
0000
0000
,
0000
0000
0000
1001
,
0100
0010
1000
0001
0100
0010
1000
0001
,
0100
0010
1000
0001
1000
0100
0010
0001
,
1000
0100
0010
0001
0100
0010
1000
0100
,
0010
0001
0100
0010
1000
0001
0010
0100
,
1000
0010
0100
0001
0010
0100
1000
0001
,
0100
0010
0100
0010
1000
0001
1000
0001
,
0100
0010
1000
0001
0100
0010
1000
0001
,
0010
0100
0001
1000
0010
0100
0001
0000
,
0101
0000
0000
1010
0000
0000
0101
0000
,
0011
0000
0000
1100
0000
0000
0011
0000
,
0001
0010
0100
1000
0001
0010
0100
1000
,
0000
0000
1001
0000
1001
0000
1001
0000
1001
0000
1001
0000
0100
0010
0000
0000
,
0010
0100
0001
1001
1000
0010
0100
0001
,
1000
0110
0001
1000
0010
0100
1001
0110
,
0001
0100
0010
1000
0100
0010
0001
1000
,
0001
0100
0010
1000
0100
0001
0100
0010
,
1000
0001
0010
0001
1000
0100
1000
0001
,
0100
0001
1000
0100
1000
0001
0010
0001
,
1000
0010
1000
0001
1000
0001
0010
0100
,
0010
1000
0001
1000
0100
0010
0100
0000
,
0011
0000
0000
1010
0000
0000
1001
0000
,
1100
0000
0000
0101
0000
0000
1001
0000
,
1000
0100
0010
0001
1000
0100
0010
0001
,
1100
0000
1001
0000
2000
3001
0000
0000
,
2001
0000
0000
0010
0000
0000
0000
0000
0001
0000
0000
0100
3000
0000
0000
0000
,
1002
0000
0000
0010
0000
0000
0000
0000
1000
0000
0000
0100
0003
0000
0000
0000
,
0120
0000
0000
0100
0000
0000
0030
0000
0210
0000
0000
0010
0000
0000
0300
0000
,
1002
0000
0000
1000
0000
0000
0003
0000
2002
0000
0000
0000
0000
0000
3003
0000
,
0000
0000
0100
0000
0001
0000
1000
0000
0000
0000
0100
0000
1000
0001
0000
0000
,
0220
0000
0000
0330
,
0001
0000
0000
0001
0000
0000
0010
0100
1000
0000
0000
1000
0000
0000
0010
0100
,
0002
0000
0000
1003
,
1000
0001
0000
0001
0100
0000
0100
0010
0000
0010
1000
0000
0000
0000
2002
0000
,
0000
0000
0000
3003
,
0010
0100
0000
0100
0001
0000
0001
1000
0000
1000
0010
0000
0000
0000
0220
0000
,
0000
0000
0000
0330
,
1000
0001
0000
0001
1000
0000
0010
0100
0000
0100
0010
0000
0000
0000
2002
0000
,
0000
0000
0000
3003
,
0100
0010
0000
0010
0100
0000
0001
1000
0000
1000
0001
0000
0000
0000
2002
0000
,
0000
0000
0000
3003
,
1001
0001
0100
1010
1000
0100
0011
0010
,
0101
0001
0010
1100
1000
0001
0110
0100
,
1001
0001
1000
0110
0100
0010
1001
0010
,
1100
0100
0001
1010
1000
0100
0011
0000
,
1002
0000
0000
0203
0000
0000
0020
0000
,
0000
0000
0000
0330
,
2010
0000
0000
3002
0000
0000
0200
0000
,
0000
0000
0000
0303
,
2000
0000
0000
3002
0000
0000
0203
0000
0000
0000
0320
0000
0000
0000
2030
0000
,
0000
3002
0000
0203
0000
0320
0000
1030
,
0000
0000
0100
0001
0010
0100
1000
0100
0010
0001
0100
0010
1000
0000
0001
0100
,
0010
1000
0001
0000
1000
0001
0100
0020
2000
0000
0000
0000
0000
0000
0000
0000
,
3030
2002
0000
0000
,
0000
0000
0000
0000
,
0000
0000
0000
0000
,
0000
0000
0000
0000
0000
0000
0000
0010
,
0000
0000
3003
1001
0000
0000
0000
0000
;
