#TITLE:No. 13;
#SUBTITLE:;
#ARTIST:TAKA respect for J.S.B.;
#TITLETRANSLIT:;
#SUBTITLETRANSLIT:;
#ARTISTTRANSLIT:;
#CREDIT:;
#BANNER:no13-bn.png;
#BACKGROUND:no13-bg.png;
#LYRICSPATH:;
#CDTITLE:!mwerpTitle.png;
#MUSIC:no13.mp3;
#OFFSET:-0.280;
#SAMPLESTART:40.966;
#SAMPLELENGTH:12.000;
#SELECTABLE:YES;
#BPMS:0.000=172.000,268.000=171.000,276.000=173.000,284.000=168.000,292.000=175.000,300.000=172.000;
#STOPS:;
#BGCHANGES:;
// cache tags:
#FIRSTBEAT:19.000;
#LASTBEAT:335.000;
#SONGFILENAME:Songs/All Songs/Mwerp - No.13/no13.sm;
#HASMUSIC:1;
#HASBANNER:1;
#MUSICLENGTH:119.802;
// end cache tags

//---------------dance-single - ----------------
#NOTES:
     dance-single:
     :
     Hard:
     11:
     0.922,0.979,0.768,0.067,0.697,673.000,92.000,8.000,0.000,0.000:  // measure 1
0000
0000
0000
0000
,  // measure 2
0000
0000
0000
0000
,  // measure 3
0000
0000
0000
0000
,  // measure 4
0000
0000
0000
0000
,  // measure 5
0000
0000
0000
0000
0000
0000
0100
1000
,  // measure 6
0001
0010
0100
1000
0001
0100
0001
1000
,  // measure 7
0100
0010
0100
0010
0001
0100
0001
1000
,  // measure 8
0010
1000
0001
0100
0010
0100
0001
0010
,  // measure 9
0100
1000
0010
1000
0001
0100
0000
1001
,  // measure 10
0000
0100
0010
0000
0010
0001
0000
0001
0000
0001
0100
0010
0000
0010
0000
0010
,  // measure 11
0000
0100
0001
1000
0000
1000
0000
1000
0000
1000
0100
0010
0000
0010
0000
0001
,  // measure 12
1000
0100
0010
0000
0010
0001
0100
0001
0000
0001
1000
0100
1000
0001
0100
0001
,  // measure 13
1000
0010
0100
0001
1000
0010
0000
0010
0000
0010
0100
0000
0100
0000
1001
0000
,  // measure 14
0000
0001
1000
0000
0100
0000
0010
0001
0000
0001
0010
0000
0100
0000
1001
0000
,  // measure 15
0000
1000
0001
0000
0100
0000
0010
1000
0000
1000
0010
0000
0100
0000
1001
0000
,  // measure 16
0000
0100
0010
1001
0000
0010
0100
1001
,  // measure 17
0000
1001
0100
1001
0100
1001
0100
1001
,  // measure 18
0100
0001
1000
0000
1000
0100
0000
0010
0000
0010
0001
0000
1000
0000
0100
0000
,  // measure 19
1001
0100
0010
0000
1000
0100
0000
1000
0000
0001
0100
0010
1000
0000
0001
0000
,  // measure 20
1000
0100
0010
0000
0001
0010
0000
0100
0000
0000
1000
0000
0000
0001
0000
0100
,  // measure 21
0000
0000
0100
0000
0000
0010
0000
0000
1000
0000
0000
0001
0000
0000
0100
0000
,  // measure 22
1001
0100
0010
0000
1000
0100
0000
1000
0000
0001
0100
0010
1000
0000
0010
0000
,  // measure 23
0000
1000
0100
0000
0010
0001
0000
1000
0000
0010
1000
0001
0100
0000
0100
0000
,  // measure 24
0010
1000
0100
0000
1000
0001
0000
0100
0000
0000
0010
0000
0000
1000
0000
0100
,  // measure 25
0000
0000
0100
0000
0000
0010
0000
0000
0100
0000
0000
1000
0000
0001
0100
0010
,  // measure 26
1001
0100
0010
1000
0100
0000
0010
0000
0100
0000
1000
0000
0001
0000
0100
0000
,  // measure 27
1001
0010
1001
0100
1001
0010
1001
0100
,  // measure 28
1001
0010
0100
0001
0010
0000
0100
0000
1000
0000
0001
0000
0100
0000
0010
0000
,  // measure 29
1001
0100
1001
0010
0100
1001
0100
1001
,  // measure 30
0110
1000
0100
0010
0001
0000
1000
0000
0001
0000
0010
0000
0100
0000
1000
0000
,  // measure 31
0110
0001
0010
0100
1000
0000
0001
0000
1000
0000
0100
0000
0010
0000
0001
0000
,  // measure 32
0110
1000
0100
0010
0001
0000
1000
0000
0110
0001
0010
0100
1000
0000
0100
0000
,  // measure 33
1001
0010
0101
1000
0011
0100
1010
0100
,  // measure 34
1001
0100
0010
0000
1000
0100
0000
1000
0000
0001
0100
0010
1000
0000
0010
0000
,  // measure 35
0000
1000
0100
0000
0010
0001
0000
1000
0000
0010
1000
0001
0100
0000
0100
0000
,  // measure 36
0010
1000
0100
0000
1000
0001
0000
0100
0000
0000
0010
0000
0000
1000
0000
0100
,  // measure 37
0000
0000
0100
0000
0000
0010
0000
0000
0100
0000
0000
1000
0000
0001
0100
0010
,  // measure 38
1001
0100
0010
1000
0100
0000
0010
0000
0100
0000
1000
0000
0001
0000
0100
0000
,  // measure 39
1000
0010
1000
0100
1000
0010
1000
0100
,  // measure 40
1000
0010
0100
0001
0010
0000
0100
0000
1000
0000
0001
0000
0100
0000
0010
0000
,  // measure 41
0001
0100
0001
0010
0001
0100
0001
0010
,  // measure 42
0100
1000
0100
0010
0001
0000
1000
0000
0001
0000
0010
0000
0100
0000
1000
0000
,  // measure 43
0001
0010
0100
1000
0001
0000
1000
0000
0100
0000
0010
0000
0001
0000
0010
0000
,  // measure 44
0100
1000
0100
0010
0001
0000
0100
0000
0001
0010
0100
1000
0001
0000
0100
0000
,  // measure 45
2002
0000
0000
0000
0000
0000
0000
0000
0000
0000
0000
0000
0000
0000
0000
3003
,  // measure 46
0110
1000
0001
0100
0010
1000
0011
0100
,  // measure 47
1001
0000
0000
0100
0000
0000
1000
0000
0010
0000
0000
0100
0000
0000
0001
0000
,  // measure 48
1000
0000
0000
0100
0000
0000
1000
0000
0001
0000
0000
0010
0000
0000
0100
0000
,  // measure 49
0010
0000
0000
0001
0000
0000
0100
0000
0010
0000
0000
1000
0000
0000
0100
0000
,  // measure 50
1001
0000
0000
0000
1000
0000
0000
0010
0100
0000
0000
0000
0010
0000
0000
0100
0001
0000
0000
0000
0100
0000
0000
0001
1000
0000
0000
0000
0010
0100
0000
0001
,  // measure 51
0110
1000
0110
0001
0110
1000
0110
0001
,  // measure 52
0110
0000
0000
0000
0010
0000
0000
0001
1000
0000
0000
0000
0001
0000
0000
1000
0100
0000
0000
0000
1000
0000
0000
0100
0010
0000
0000
0001
1000
0000
0000
0100
,  // measure 53
1001
0010
1001
0100
1001
0010
1001
0100
,  // measure 54
1001
0100
0010
0000
1000
0000
0001
0000
0100
0000
0010
0000
1000
0000
0100
0000
,  // measure 55
0010
0001
1000
0000
0020
0000
0030
1000
0100
1000
0001
0000
0100
0000
0010
0000
,  // measure 56
1000
0000
0000
0000
0000
0000
0000
0000
0000
0000
0000
0001
0000
0000
0000
0000
0000
0000
0000
0000
0000
0000
0000
0100
0000
0000
0000
0000
0000
0000
0000
0000
0000
0000
0000
0000
0000
0000
0000
0000
0000
0000
0000
0000
0000
0000
0000
0002
0000
0000
0000
0000
0000
0000
0000
0000
0000
0000
0000
0000
0000
0000
0000
0000
0000
0000
0000
0000
0000
0000
0000
0003
0000
0000
0000
0000
0000
0000
0000
0000
0000
0000
0000
0000
0000
0000
0000
0000
0000
0000
0000
0000
0000
0000
0000
0010
0000
0000
0000
0000
0000
0000
0000
0000
0000
0000
0000
0000
0000
0000
0000
0001
0000
0000
0000
0000
0000
0000
0000
0000
0000
0000
0000
0000
0000
0000
0000
0000
0000
0000
0000
0000
0000
0000
0000
0010
0000
0000
0000
0000
0000
0000
0000
0100
0000
0000
0000
0000
0000
0000
0000
0000
0000
0000
0000
0000
0000
0000
0000
1000
0000
0000
0000
0000
0000
0000
0000
0010
0000
0000
0000
0000
0000
0000
0000
0000
0000
0000
0000
0000
0000
0000
0000
0000
0000
0000
0000
0000
0000
0000
0000
0100
,  // measure 57
0000
0000
0001
0000
1000
0000
0000
0000
0200
0000
0000
0000
0300
0000
0000
0000
0010
0001
0000
1000
0100
0000
0000
0000
1000
0000
0000
0000
0010
0000
0000
0000
,  // measure 58
1000
0000
0001
0000
0010
0000
0100
0000
1000
0001
0000
0001
1000
0000
0100
0000
,  // measure 59
0020
0000
0000
0000
0000
0000
0000
0030
,  // measure 60
1001
0000
0010
0000
1000
0000
0011
0000
0000
1000
0000
0000
0110
0000
0000
0001
0000
0000
1100
0000
0000
0010
0000
0000
,  // measure 61
1001
0100
0001
0010
1100
0110
0101
0110
,  // measure 62
1001
0000
0100
0000
0001
0000
1100
0000
0000
0001
0000
0000
0110
0000
0000
1000
0000
0000
0011
0000
0000
0100
0000
0000
,  // measure 63
1001
0010
1000
0100
0011
0110
1010
0110
,  // measure 64
1001
0000
0010
0000
1000
0000
0001
0000
0000
1000
0000
0000
0100
0000
0000
0001
0000
0000
0100
0000
0000
0010
0000
0000
,  // measure 65
0001
0100
0001
0010
1000
0010
0001
0010
,  // measure 66
1001
0000
0100
0000
0001
0000
1000
0000
0000
0001
0000
0000
0010
0000
0000
1000
0000
0000
0010
0000
0000
0100
0000
0000
,  // measure 67
1000
0010
1000
0100
0001
0100
1000
0100
,  // measure 68
1001
0010
0100
0001
0100
0010
1000
0100
,  // measure 69
0010
0001
0100
0001
0010
0100
1000
0100
,  // measure 70
0011
1100
1010
0101
0011
1010
1100
0101
,  // measure 71
1001
0000
1100
0000
0110
0000
0011
0000
0001
1000
0001
0010
0001
1000
0001
0100
,  // measure 72
1001
0010
0100
0001
0100
0010
1000
0100
,  // measure 73
0010
0001
0100
0001
0010
0100
1000
0001
,  // measure 74
1000
0100
0010
0001
0010
0001
1000
0100
0010
0001
1000
0010
,  // measure 75
1100
0101
0011
1010
,  // measure 76
1001
0011
1100
0101
,  // measure 77
1001
0000
0000
1000
0100
0000
0010
0000
0001
0000
1000
0000
0100
0000
0010
0000
,  // measure 78
0001
0001
0001
0001
1000
1000
0100
0010
,  // measure 79
0001
0010
0100
1000
0010
0100
0001
1000
,  // measure 80
0001
0100
0001
0100
0010
1000
0010
1000
,  // measure 81
0010
0001
0010
0001
0010
1000
0100
0010
,  // measure 82
0001
0010
0100
1000
0001
0100
0010
0100
,  // measure 83
1001
0010
0100
0010
2002
0000
0000
0000
,  // measure 84
0000
0000
0000
3003
;
