#TITLE:It's A Small World;
#SUBTITLE:(Ducking Hardcore Mix);
#ARTIST:Tomosuke with U1-Asami;
#TITLETRANSLIT:;
#SUBTITLETRANSLIT:;
#ARTISTTRANSLIT:;
#CREDIT:;
#BANNER:it's_a_small_world_(ducking_hardcore_mix).png;
#BACKGROUND:it's_a_small_world_(ducking_hardcore_mix)-bg.png;
#LYRICSPATH:;
#CDTITLE:!kilgaTitle.png;
#MUSIC:it's_a_small_world_-ducking_hardcore_mix-.mp3;
#OFFSET:-5.511;
#SAMPLESTART:31.380;
#SAMPLELENGTH:12.000;
#SELECTABLE:YES;
#BPMS:0.000=183.000;
#STOPS:;
#BGCHANGES:;
// cache tags:
#FIRSTBEAT:0.000;
#LASTBEAT:273.000;
#SONGFILENAME:Songs/All Songs/It's A Small World (Ducking Hardcore Mix)/it's_a_small_world_(ducking_hardcore_mix).sm;
#HASMUSIC:1;
#HASBANNER:1;
#MUSICLENGTH:97.569;
// end cache tags

//---------------dance-single - ----------------
#NOTES:
     dance-single:
     :
     Hard:
     11:
     1.000,1.000,1.000,0.410,0.989,680.000,218.000,40.000,0.000,0.000:  // measure 1
1010
0000
0100
0000
0011
0000
0100
0000
0000
1001
0000
0000
,  // measure 2
0101
0000
0010
0000
1100
0000
0010
0000
0000
1001
0000
0000
,  // measure 3
0110
0000
0000
0000
0000
0000
0000
0000
0000
0000
0000
0000
0000
0000
0000
0000
0000
0000
0000
0000
0000
0000
0000
0000
0000
0000
0000
0000
0000
0000
0000
0000
0001
0000
0000
0000
0000
0000
0000
0000
0000
0000
0000
0000
0000
0000
0000
0000
0000
0000
0000
0000
0000
0000
0000
0000
0000
0000
0000
0000
0000
0000
0000
0000
1010
0000
0000
0000
0000
0000
0000
0000
0000
0000
0000
0000
0000
0000
0000
0000
0000
0000
0000
0000
0000
0000
0000
0000
0000
0000
0000
0000
0000
0000
0000
0000
0100
0000
0000
0000
0000
0000
0000
0000
0000
0000
0000
0000
0000
0000
0000
0000
0000
0000
0000
0000
0000
0000
0000
0000
0000
0000
0000
0000
0000
0000
0000
0000
0000
0000
0000
0000
0000
0000
0000
0000
0000
0000
0000
0000
0000
0000
0000
0000
0011
0000
0000
0000
0000
0000
0000
0000
0000
0000
0000
0000
0000
0000
0000
0000
0000
0000
0000
0000
0000
0000
0000
0000
0000
0000
0000
0000
0000
0000
0000
0000
0000
0000
0000
0000
0000
0000
0000
0000
0000
0000
0001
0000
0000
0000
0000
0000
,  // measure 4
1000
0000
0000
0000
0000
0000
0000
0000
1100
0000
0000
0000
0000
0000
0000
0100
0010
0000
0000
0000
0000
0000
0000
0000
0011
0000
0000
0000
0000
0000
0000
0000
,  // measure 5
1001
0000
0100
0000
1000
0000
0001
1000
0010
0001
1000
0100
0001
0000
1100
0000
,  // measure 6
0011
0000
0100
0000
0010
0000
0001
0100
1000
0010
0100
0001
1000
0000
0101
0000
,  // measure 7
1010
0000
0100
0000
0001
0000
0100
1000
0011
0000
1000
0100
0010
0000
1001
0000
,  // measure 8
0110
0000
0001
1000
0001
1000
0000
0010
0100
0000
0010
0100
0010
0000
1001
0000
,  // measure 9
0010
0000
1001
0000
0100
0000
0011
0000
0100
0000
1000
0100
0001
0000
1100
0000
,  // measure 10
0010
0000
0101
0000
1000
0000
0110
0000
0001
0010
1000
0100
0010
0000
1100
0000
,  // measure 11
0010
0000
0101
0000
1000
0000
0001
0100
0001
0000
0110
0000
1000
0010
1000
0000
,  // measure 12
1010
0000
0100
0010
0001
0000
0010
0100
1000
0000
0001
1000
0001
1000
0010
0100
,  // measure 13
0011
1000
0100
0010
0001
1000
0001
0100
1000
0001
0100
0010
1000
0001
0110
1000
,  // measure 14
0010
1000
0100
0001
1000
0010
0001
0010
0100
0001
0010
1000
0001
1000
0100
0010
,  // measure 15
1001
0100
0001
0010
0100
0001
1000
0010
1001
0100
0010
1000
0100
0001
0010
1000
,  // measure 16
0110
0001
1000
0001
0110
0001
1000
0001
0110
1000
0001
0100
0010
0001
1000
0010
,  // measure 17
1100
0001
0100
1000
0100
0010
1000
0001
0010
0001
0100
0010
1000
0100
0011
0100
,  // measure 18
1000
0001
0100
0010
0001
0010
1000
0001
0100
1000
0100
0001
0100
0001
0010
0100
,  // measure 19
1000
0010
0100
0010
0100
0001
0010
0001
0100
1000
0010
0100
0001
1000
0110
0001
,  // measure 20
2010
0000
0010
3000
0011
0000
1000
0000
0102
0000
0100
0003
1100
0000
0101
0000
,  // measure 21
1100
0010
0011
1000
0110
1000
0011
0110
,  // measure 22
0110
0000
0001
0000
1100
0000
0010
0000
1100
0000
0010
0000
0101
0000
1010
0100
,  // measure 23
1001
0100
0101
0010
1100
0001
0110
1001
,  // measure 24
0110
0000
1000
0000
0011
0000
0100
0000
0011
0000
0001
0000
1100
0000
0110
1000
,  // measure 25
0011
1000
0101
0110
1010
0100
0011
1001
,  // measure 26
1100
0000
0001
0000
1010
0000
1001
0000
0101
0000
0010
0000
1001
0000
0110
1000
,  // measure 27
0011
1000
0101
0100
1010
0001
1100
0010
,  // measure 28
1001
0000
0100
0010
1001
0000
0110
0000
1001
0000
0000
0000
0101
0000
0110
0000
,  // measure 29
1010
0000
0001
0010
1100
0000
1000
0100
0011
0000
1000
0001
0110
0000
1001
0000
,  // measure 30
1100
0000
0001
0000
0110
0000
1000
0000
0101
0000
0010
0000
1001
0000
0011
0100
,  // measure 31
1010
0000
0001
0000
0101
0000
0100
0000
1001
0000
0010
1000
0101
0000
1100
0000
,  // measure 32
1010
0000
0100
0000
1100
0000
0001
0000
0110
0000
1000
0000
0101
0000
0011
0100
,  // measure 33
1001
0000
0100
0000
1100
0000
0101
0000
0011
0000
0100
0010
1001
0000
0101
0000
,  // measure 34
0011
0000
0100
0000
1010
0000
0110
0000
1010
0000
0001
0000
1100
0000
0011
0100
,  // measure 35
1010
0000
0100
0000
0101
0000
0010
0000
1100
0000
0010
0100
0011
0000
1000
0000
,  // measure 36
0011
1000
0100
0001
0100
0010
1000
0100
1000
0001
0100
0010
0001
0010
0100
1000
,  // measure 37
0102
0000
0100
0000
0103
0000
0101
0000
2010
0000
0010
3000
0012
0000
0010
0003
,  // measure 38
1200
0000
1000
0000
1300
0000
0011
0000
1100
0000
0000
0000
0220
0000
0000
0330
,  // measure 39
2001
0000
0001
0000
3001
0000
1001
0000
0201
0000
0001
0300
2100
0000
0100
3000
,  // measure 40
0021
0000
0000
0000
0001
0000
0000
0000
0031
0000
0000
0000
1100
0000
0000
0000
0101
0000
0000
0000
0000
0000
0000
0010
0100
0000
0000
0000
0000
0000
0000
0000
,  // measure 41
0220
0000
0000
0000
0330
0000
0110
0000
2002
0000
0000
3003
0220
0000
0000
0330
,  // measure 42
2200
0000
0000
3300
0001
0010
0001
0100
0010
1000
0100
0010
1000
0001
0010
0100
,  // measure 43
2000
0000
3010
0001
0010
0000
0001
1000
0002
0000
1003
0100
1000
0000
0100
0010
,  // measure 44
0200
0000
0301
1000
0001
0000
1000
0100
0010
0001
0010
0100
1000
0100
0010
0001
,  // measure 45
2000
0000
3001
0100
0011
1000
0100
0001
,  // measure 46
1100
0000
0110
0000
0011
0000
1100
0000
0220
0000
0000
0000
0000
0000
0000
0330
,  // measure 47
0002
0000
0103
0010
1001
0100
0001
1000
,  // measure 48
0011
0000
0100
0000
1000
0000
0010
0100
2002
0000
0000
0000
0000
0000
0000
3003
,  // measure 49
0020
0000
0000
0030
1000
0000
0100
0000
0200
0000
0301
1000
0001
0000
0100
0000
,  // measure 50
2000
0000
3001
0010
0100
0010
0001
0000
0002
0000
1003
0100
0010
0001
1000
0000
,  // measure 51
0022
0000
0000
0033
1100
0000
0000
0000
2020
0000
0000
3030
0101
0000
0000
0000
,  // measure 52
1000
0100
0010
0001
0100
1000
0010
0100
0010
1000
0001
0010
0100
1000
0001
0100
,  // measure 53
1010
0000
1010
0000
0101
0110
1100
0011
,  // measure 54
1001
0000
0110
1001
0000
0101
0011
0101
,  // measure 55
0011
0000
1010
0000
1001
0110
0101
1010
,  // measure 56
0110
0000
1000
0100
0011
0000
1100
0000
0000
0000
0110
0000
1001
0000
1010
0000
,  // measure 57
0101
0000
0000
0000
1100
0000
0000
0000
0110
0000
0001
0100
1010
0000
0011
0000
,  // measure 58
1100
0000
0010
0100
0011
0000
1001
0100
0010
0000
0101
0000
1100
0000
0101
0000
,  // measure 59
1100
0000
0000
0000
0101
0000
0000
0000
1100
0000
0001
0100
1010
0000
1100
0000
,  // measure 60
0011
0000
0000
0000
1100
0000
0101
0010
0100
0000
0011
0000
0110
0000
1100
0000
,  // measure 61
0110
0000
0000
0000
1001
0000
0000
0000
0011
0000
0100
0010
1100
0000
0101
0000
,  // measure 62
0011
0000
0000
0000
1100
0000
0110
0001
0100
0000
1001
0000
1001
0000
1001
0000
,  // measure 63
0200
0000
0301
0010
0100
1000
0010
0100
0010
1000
0001
0010
0001
1000
0100
0010
,  // measure 64
1000
0010
0001
1000
0001
1000
0001
0010
0100
0010
1000
0100
0010
0001
0010
0100
,  // measure 65
1001
0010
1000
0100
0001
1000
0100
0010
0001
0010
0100
1000
0001
0100
0001
0010
,  // measure 66
1100
0001
1000
0100
1000
0010
0100
1000
0001
0100
0010
0001
1000
0100
0010
1000
,  // measure 67
0011
0100
0010
0100
0001
0010
1000
0010
0100
1000
0001
0010
0001
0100
0010
0001
,  // measure 68
0110
1000
0001
1000
0001
1000
0001
1000
0001
0010
0100
0010
0100
0010
0100
0010
,  // measure 69
2002
3003
0000
0000
;
