#TITLE:Daisuke;
#SUBTITLE:;
#ARTIST:Y&Co;
#TITLETRANSLIT:;
#SUBTITLETRANSLIT:;
#ARTISTTRANSLIT:;
#CREDIT:;
#BANNER:Daisuke - banner.png;
#BACKGROUND:Daisuke - background.png;
#LYRICSPATH:;
#CDTITLE:!kilgacdtitle.png;
#MUSIC:[beatmania IIDX 10th style]YCo.-Daisuke.mp3;
#OFFSET:-0.380;
#SAMPLESTART:50.780;
#SAMPLELENGTH:19.000;
#SELECTABLE:YES;
#BPMS:0.000=157.000;
#STOPS:;
#BGCHANGES:;
// cache tags:
#FIRSTBEAT:4.000;
#LASTBEAT:312.000;
#SONGFILENAME:Songs/All Songs/Kilgamayan - Daisuke/Daisuke.sm;
#HASMUSIC:1;
#HASBANNER:1;
#MUSICLENGTH:121.009;
// end cache tags

//---------------dance-single - ----------------
#NOTES:
     dance-single:
     :
     Hard:
     11:
     1.000,1.000,1.000,0.174,1.000,861.000,237.000,21.000,0.000,4.000:  // measure 1
0000
0000
0000
0000
,  // measure 2
0100
0000
0100
0000
2001
0000
3010
0001
0010
0100
0010
0000
1001
0000
0100
0000
,  // measure 3
0001
0000
0010
0000
1100
0000
0100
0010
1000
0010
0100
0000
0011
0000
0100
0000
,  // measure 4
1001
0000
0010
0000
0010
0000
1100
0010
1000
0010
0101
0000
1000
0000
1000
0000
,  // measure 5
0110
0000
1000
0000
0100
0000
0011
1000
0001
0100
1010
0000
0110
0001
1000
0010
,  // measure 6
0100
0000
0100
0000
1002
0000
0103
0010
1000
0001
0010
0000
0101
0000
1000
0000
,  // measure 7
0010
0000
0010
0000
1100
0000
0010
1000
0010
0100
0010
0000
1100
0000
0001
0000
,  // measure 8
0010
0100
0010
1000
0010
0100
1000
0001
1000
0001
0100
0001
0010
0100
0010
0001
,  // measure 9
2010
0000
0010
0000
0010
0000
0010
0010
0000
0010
0010
0000
0010
3000
0000
0000
,  // measure 10
0011
0100
1000
0001
0010
0001
0100
0000
0001
0010
0100
1000
0010
0100
1000
0001
,  // measure 11
1100
0010
1000
0100
0010
0100
1000
0000
0100
0010
0001
0100
0010
0001
0100
0010
,  // measure 12
1001
0010
0100
1000
0001
1000
0100
0000
0010
0100
0010
1000
0100
0001
0010
0100
,  // measure 13
1001
0100
0010
0001
1100
0000
1000
0100
0010
0001
1100
0000
1000
0100
0010
0001
,  // measure 14
1010
0001
0100
0001
0010
0100
1000
0000
0010
0001
0010
0100
0010
0001
1000
0100
,  // measure 15
0011
1000
0001
0010
0100
0010
1000
0000
0010
0100
0001
0010
1000
0100
0010
0100
,  // measure 16
1001
0100
0010
0100
0001
0010
1000
0000
0001
1000
0001
0100
0001
0010
0001
0100
,  // measure 17
1001
0010
0100
1000
0101
0000
0001
0010
0100
1000
0101
0000
0001
0010
0100
1000
,  // measure 18
0011
0011
0110
0011
1100
1100
0010
2010
,  // measure 19
3010
0101
1010
0101
0110
1100
0010
0101
,  // measure 20
1000
0000
0100
0000
0010
0000
1000
0100
0000
0010
0000
1000
0100
0000
0010
0000
,  // measure 21
1001
0010
1001
0010
0110
0210
0310
0110
,  // measure 22
0101
0101
1010
0101
1010
1100
0010
0102
,  // measure 23
0103
0110
1100
1100
0110
1010
0100
0101
,  // measure 24
0001
0000
0010
0000
0100
0000
0001
0010
0000
0100
0000
0001
0010
0000
0100
0000
,  // measure 25
1001
0000
0000
0000
1001
0000
0000
0000
0110
0001
0110
0001
1000
0001
0110
1000
,  // measure 26
0100
0110
0101
0110
1100
0110
0011
1002
,  // measure 27
1003
0110
1010
0110
2100
3002
0203
1302
,  // measure 28
0023
1031
1100
1001
0101
1001
0011
0110
,  // measure 29
0001
1100
0110
1010
0011
0000
0110
1000
,  // measure 30
1100
1100
1010
1100
0011
0100
0001
1100
,  // measure 31
0010
1100
0101
1100
0110
0001
1000
0110
,  // measure 32
0001
0101
0001
0110
1000
1010
1000
1001
,  // measure 33
0101
0010
1100
0010
1000
0100
0011
1000
0100
1000
0101
1000
0100
0010
0001
0100
,  // measure 34
2002
0000
3003
0000
0011
0101
1001
1010
,  // measure 35
1100
0001
0010
0100
0010
0001
1000
0010
0101
0000
1001
0000
1010
0000
1010
0100
,  // measure 36
0010
0100
1001
0100
0010
0001
1000
0010
1100
0000
1010
0000
0110
0000
0101
0000
,  // measure 37
0011
1000
0100
1000
0010
0100
0001
0010
1001
0000
1001
0000
1001
0000
1001
0100
,  // measure 38
1000
0010
0101
0010
1000
0100
0011
0000
0100
0000
1100
0001
1100
0000
0010
0000
,  // measure 39
1001
0010
0100
0010
1001
0100
0010
0100
1010
0000
1100
0000
0011
0000
0011
0000
,  // measure 40
0100
0000
1010
0000
0100
0000
0110
0001
1000
0001
1100
0000
1010
0000
0110
0000
,  // measure 41
1000
0010
0100
1000
0001
0010
0001
0100
0010
0000
1010
0000
0110
0000
0101
0000
,  // measure 42
1000
0100
1000
0010
0100
0001
0010
0100
1000
0000
0110
0000
0101
0000
0011
0000
,  // measure 43
1000
0011
1000
0011
1000
0011
0000
1100
,  // measure 44
0001
0000
0110
0000
1000
0000
0011
0000
1000
0100
0010
0001
0010
0100
1000
0100
,  // measure 45
1001
0000
0000
0110
0000
0000
0000
0000
0110
0000
0101
0000
0011
0000
0101
0000
,  // measure 46
1100
0010
0100
0001
0010
0100
1000
0000
0010
0100
0010
0001
1000
0010
0100
1000
,  // measure 47
0101
0010
0100
1000
0010
0100
0001
0000
0010
0100
1000
0010
0001
0010
1000
0100
,  // measure 48
1010
0100
0010
0100
0001
0010
0100
0000
0001
0010
0001
0100
0001
0010
0100
1000
,  // measure 49
0011
0100
0010
1000
0101
0000
0001
0100
0010
1000
0101
0000
0001
0100
0010
1000
,  // measure 50
0110
1000
0100
1000
0001
0010
0100
0000
0010
0100
0010
1000
0100
0001
0100
1000
,  // measure 51
0011
0100
0001
0010
0100
1000
0100
0000
1000
0010
0100
1000
0001
0010
0100
0010
,  // measure 52
1001
0100
0010
0001
1000
0100
0010
0000
0100
0001
0100
0010
1000
0100
0010
0001
,  // measure 53
1100
0010
0100
0001
1010
0000
1000
0010
0100
0001
1010
0000
1000
0010
0100
0001
,  // measure 54
0100
0000
0010
0000
0100
0000
1001
0010
0100
0010
1001
0000
0010
0000
1000
0000
,  // measure 55
0100
0000
0001
0000
0100
0000
0011
1000
0100
1000
0011
0000
0100
0000
0001
0000
,  // measure 56
1000
0000
0010
0000
0100
0000
1010
0001
0100
0001
1010
0000
0001
0000
0010
0000
,  // measure 57
1000
0001
0010
0001
1100
0000
0110
0000
,  // measure 58
0110
0110
0011
0110
1100
0100
0102
0113
,  // measure 59
0000
0110
0101
0110
1001
1000
1020
1130
,  // measure 60
0010
0001
0100
0001
1000
0010
1000
0100
,  // measure 61
1001
0010
0100
0001
0010
0001
1000
0010
1000
0100
0010
0100
0001
1000
0010
0100
,  // measure 62
2002
0000
3003
0000
0011
1010
0110
0101
,  // measure 63
1100
0000
0010
0000
0010
0001
0010
0100
1010
0000
1001
0000
0101
0000
0101
0010
,  // measure 64
0100
0010
1001
0010
1000
0001
1000
0010
0100
1000
0011
0000
0101
0000
1001
0000
,  // measure 65
0010
0100
0010
0001
0010
0100
1000
0001
0010
0000
0101
0000
1001
0000
1010
0000
,  // measure 66
1000
0100
0010
0001
0010
0100
1000
0010
0100
0000
1001
0000
1010
0000
1100
0000
,  // measure 67
0001
1010
0001
1100
0001
1010
0100
0011
,  // measure 68
0100
0000
1001
0000
0010
0000
1100
0000
0001
0010
0001
0010
0100
1000
0100
0010
,  // measure 69
2001
0010
3100
0000
0110
1010
0011
1010
,  // measure 70
0100
0010
0001
0100
0010
0100
1000
0000
0001
1000
0100
0010
0001
0010
0100
1000
,  // measure 71
0101
0010
1000
0100
1000
0010
0100
0000
0010
0001
0010
0100
0001
1000
0010
0100
,  // measure 72
1001
0010
0100
1000
0001
0010
0100
0000
1000
0100
0010
0001
0100
0010
1000
0100
,  // measure 73
0011
0100
1000
0001
0110
0000
0010
0100
1000
0001
0110
0000
0010
0100
1000
0001
,  // measure 74
1100
0010
0001
0100
0010
0001
0010
0000
0001
1000
0001
0100
0001
0010
0100
1000
,  // measure 75
0101
0010
0100
0010
0001
0100
0010
0000
0100
1000
0010
0001
0100
0010
0001
0100
,  // measure 76
1010
0100
1000
0100
0001
0010
0001
0000
1000
0001
1000
0001
1000
0010
0100
1000
,  // measure 77
0101
0010
0100
1000
0110
0000
1000
0100
0010
0001
0110
0000
0010
0100
0010
0100
,  // measure 78
2002
0000
0000
0000
,  // measure 79
3003
0000
0000
0000
;
