#TITLE:Haywire;
#SUBTITLE:;
#ARTIST:Spor;
#TITLETRANSLIT:;
#SUBTITLETRANSLIT:;
#ARTISTTRANSLIT:;
#CREDIT:;
#BANNER:haywire.png;
#BACKGROUND:haywire-bg.png;
#LYRICSPATH:;
#CDTITLE:!aptitle.png;
#MUSIC:c-spor-haywire-lame.mp3;
#OFFSET:-0.230;
#SAMPLESTART:49.430;
#SAMPLELENGTH:15.500;
#SELECTABLE:YES;
#BPMS:0.000=174.750,256.000=87.370,288.000=100.010,289.000=115.950,290.000=139.190,291.000=154.810,292.000=168.830,293.000=186.850,294.000=212.870,295.000=238.090,296.000=256.770,297.000=311.590,298.000=314.009,304.000=174.750,307.000=349.508,308.000=174.750,371.000=349.488,372.000=174.750,536.000=87.370,579.500=174.750,646.500=349.509,647.500=174.750;
#STOPS:304.000=0.780
,307.500=0.180
,371.500=0.160
,432.000=0.180
,433.000=0.160
,647.000=0.180
;
#BGCHANGES:;
// cache tags:
#FIRSTBEAT:32.000;
#LASTBEAT:955.500;
#SONGFILENAME:Songs/All Songs/Aperson - Haywire/Haywire.sm;
#HASMUSIC:1;
#HASBANNER:1;
#MUSICLENGTH:364.669;
// end cache tags

//---------------dance-single - ----------------
#NOTES:
     dance-single:
     :
     Hard:
     11:
     1.000,1.000,1.000,0.310,0.819,1873.000,618.000,113.000,0.000,0.000:  // measure 1
0000
0000
0000
0000
,  // measure 2
0000
0000
0000
0000
,  // measure 3
0000
0000
0000
0000
,  // measure 4
0000
0000
0000
0000
,  // measure 5
0000
0000
0000
0000
,  // measure 6
0000
0000
0000
0000
,  // measure 7
0000
0000
0000
0000
,  // measure 8
0000
0000
0000
0000
,  // measure 9
2001
0000
0000
0000
,  // measure 10
0000
0000
0000
0000
,  // measure 11
3020
0000
0000
0000
,  // measure 12
0000
0000
0000
0000
,  // measure 13
0230
0000
0000
0000
,  // measure 14
0000
0000
0000
0000
,  // measure 15
0301
0010
0100
1000
0010
0100
0001
0010
0001
1000
0100
1000
0010
0100
0010
0100
,  // measure 16
0001
1000
0100
0010
0001
0100
0010
1000
0100
0001
0100
1000
0001
1000
0100
0010
,  // measure 17
1001
0000
1000
0000
1010
0000
0010
0100
0000
0100
0011
0000
1001
0000
0010
0000
,  // measure 18
1000
0000
0001
0000
0101
0000
0001
0000
0011
0000
0100
1000
0000
1000
0110
0000
,  // measure 19
1001
0000
1000
0000
1100
0000
1000
0100
0000
0010
0101
0000
1001
0000
0010
0100
,  // measure 20
0000
0100
0011
0000
1001
0000
1000
0100
1000
0000
0100
0010
0000
0001
1100
0000
,  // measure 21
1001
0000
1000
0000
0110
0000
0001
0010
0000
0100
1010
0000
1001
0000
0011
0000
,  // measure 22
1000
0000
1001
0000
0101
0000
0100
0010
1100
0000
0010
0100
0011
0000
0001
0010
,  // measure 23
1001
1000
0110
0000
0000
0101
0000
0000
,  // measure 24
0001
0010
0001
0100
0010
0100
0001
0010
2100
0000
0000
0000
3001
0000
0000
0000
,  // measure 25
1001
0000
1000
0000
1010
0000
0010
0100
0000
0100
0011
0000
1001
0000
1100
0000
,  // measure 26
0000
0000
0011
0000
0100
0000
1001
0000
1000
0000
1000
0001
0000
0001
0110
0000
,  // measure 27
1001
0000
0000
0000
0001
0000
1000
0001
0000
0001
0110
0000
1010
0000
1000
0100
,  // measure 28
0000
0010
0101
0000
1001
0000
1000
0100
0011
0000
0001
0100
0000
0100
0011
0000
,  // measure 29
1001
0000
0100
0000
0010
0000
0001
0010
0001
0010
0001
0000
0101
0000
0100
0000
,  // measure 30
0010
0000
0010
0000
1000
0000
1000
0100
0001
0000
0001
0010
1000
0000
1000
0100
,  // measure 31
0010
0001
0010
0001
0100
0010
1000
0100
1000
0100
0010
0001
0100
0010
1000
0010
,  // measure 32
0200
0000
0000
0000
0000
0000
0000
0000
0301
0000
0001
0100
0010
0000
1000
0000
,  // measure 33
1001
0000
1000
0000
0101
0000
0001
0010
0100
1000
0001
0000
0101
0000
1001
0000
,  // measure 34
0000
0000
1100
0000
1001
0000
0010
0000
0101
0000
0100
0010
0000
0010
1001
0000
,  // measure 35
0110
0000
1000
0000
1001
0000
0001
0100
0000
0100
1010
0000
1001
0000
0011
0000
,  // measure 36
0011
0000
0000
0000
0101
0000
0000
0000
1100
0000
0000
0000
1000
0010
1000
0010
,  // measure 37
1100
0000
1000
0000
1001
0000
0001
0010
0000
0100
1010
0000
1001
0000
0011
0000
,  // measure 38
0000
0000
0101
0000
0110
0000
0010
1000
0120
0000
0000
0000
1030
0100
0010
0001
,  // measure 39
1100
0010
0001
0100
0010
1000
0100
1000
0010
0100
0001
0100
0010
1000
0100
0001
,  // measure 40
0100
1000
0010
0100
0001
0010
0100
1000
0101
0000
0001
0010
0001
0100
0010
0000
,  // measure 41
1010
0000
1000
0000
1001
0000
0001
0100
0000
0010
1100
0000
1001
0000
0101
0000
,  // measure 42
0000
0000
0110
0000
1010
0000
1000
0000
0011
0000
0001
1000
0000
1000
0110
0000
,  // measure 43
1001
0000
1000
0000
0101
0000
0100
0010
0000
0010
1100
0000
1001
0000
0101
0000
,  // measure 44
0000
0000
1001
0000
1100
0000
0110
0000
0011
0000
0001
0100
0000
0010
1100
0000
,  // measure 45
1010
0000
0000
0000
1001
0000
1000
0010
0000
0100
0011
0000
1001
0000
0110
0000
,  // measure 46
0000
0000
1100
0000
0101
0000
0001
0010
2001
0000
0000
0000
3010
0100
0001
0100
,  // measure 47
0011
1000
0100
1000
0010
0100
1000
0100
0001
0010
0100
0010
0001
0100
0010
1000
,  // measure 48
0100
0010
0001
0100
1010
0000
1001
0000
0101
0000
0001
0010
0001
0010
0001
0000
,  // measure 49
0101
0000
0100
0010
0100
0010
0100
0001
0010
0000
0100
1000
0100
1000
0100
0010
,  // measure 50
0002
0000
0000
1003
,  // measure 51
1010
0000
0010
0000
0110
0000
0100
0001
0000
0001
1100
0000
1001
0000
0110
0000
,  // measure 52
0110
0000
0000
0000
0011
0000
0000
0000
1100
0000
0000
0000
0001
0010
0100
1000
,  // measure 53
0011
0000
1000
0000
1100
0000
1000
0010
0000
0100
0011
0000
1001
0000
1100
0000
,  // measure 54
0000
0000
0011
0000
1001
0000
1000
0010
2100
0000
0000
0000
3001
0010
0100
0010
,  // measure 55
1001
0100
1000
0010
0100
0001
0100
0010
1000
0010
0001
0010
1000
0010
0100
0001
,  // measure 56
0010
0001
1000
0100
0010
0001
0100
0010
1000
0100
1000
0001
0110
0000
0000
0000
,  // measure 57
1001
0000
1001
0000
1010
0000
0010
0100
0000
0100
0011
0000
1001
0000
1100
0000
,  // measure 58
0000
0000
0011
0000
1001
0000
0011
0000
1100
0000
1000
0100
0000
0010
0101
0000
,  // measure 59
1001
0000
1000
0000
1010
0000
0010
0100
0000
0001
1100
0000
1001
0000
0101
0000
,  // measure 60
0000
0000
0011
0000
1100
0000
1001
0000
0101
0000
0100
0010
0000
1000
0110
0000
,  // measure 61
1001
0000
0000
0000
1100
0000
0001
0100
0000
0010
0101
0000
1001
0000
1100
0000
,  // measure 62
0000
0000
0110
0000
0011
0000
0001
1000
0102
0000
0000
0000
1003
0010
0100
0001
,  // measure 63
1100
0010
0100
0010
1000
0100
1000
0010
0100
1000
0100
0010
1000
0100
0010
0001
,  // measure 64
0100
0010
1000
0010
0100
1000
0100
0001
0010
0100
0010
1000
0010
0100
0001
0000
,  // measure 65
2002
0000
0000
0000
,  // measure 66
0000
0000
0000
0000
,  // measure 67
3003
0000
0000
0000
,  // measure 68
0000
0000
0000
0000
,  // measure 69
1000
0000
1000
0000
0001
0000
0100
0010
0000
0010
1000
0000
0001
0000
0010
0000
0100
0000
1000
0000
0100
0000
0010
0000
0001
0000
0001
0000
0001
0000
0001
0000
,  // measure 70
0001
0001
0001
0001
0001
0001
0001
0001
0000
0000
0000
0000
2000
0000
0000
0000
,  // measure 71
3001
0000
0100
0010
0100
0010
0100
0010
0100
0010
0100
0010
2000
0000
0000
0000
0000
0000
0000
0000
0000
0000
0000
0000
0000
0000
0000
0000
0000
0000
0000
0000
,  // measure 72
0000
0000
0000
0000
,  // measure 73
0002
0000
0000
0000
,  // measure 74
0000
0000
0000
0000
,  // measure 75
0000
0000
0000
0000
,  // measure 76
0000
0000
0000
0000
,  // measure 77
3003
0000
0000
0000
,  // measure 78
1001
0000
1000
0000
1010
0000
0010
0100
0001
0100
0010
1000
0110
0000
0101
0000
,  // measure 79
0001
0000
0010
0000
1100
0000
1000
0001
0010
0100
1001
0000
0101
0000
0110
0000
,  // measure 80
1010
0000
1000
0000
1100
0000
1000
0001
0020
0000
0000
0000
0130
1000
0001
0100
,  // measure 81
0011
0000
0001
0100
0010
0000
0010
0100
0000
0100
0001
0010
1100
0000
1001
0000
,  // measure 82
0202
0303
0220
0330
2020
3030
2200
3300
,  // measure 83
1001
0000
1000
0010
0100
0000
0010
0100
0001
0100
0010
1000
0110
0000
0011
0000
,  // measure 84
2002
3003
2200
3300
0220
0330
0022
0033
,  // measure 85
1001
0000
1000
0100
1000
0010
0100
0001
0100
0010
1000
0001
1010
0000
1100
0000
,  // measure 86
0011
0000
0001
0000
1001
0000
1000
0100
1000
0100
0010
0000
0011
0000
1001
0000
,  // measure 87
0110
0000
0010
0000
1010
0000
1000
0001
1000
0001
0100
0000
0110
0000
1001
0000
,  // measure 88
0001
0010
0100
1000
0001
0000
0001
0100
0000
0100
1000
0100
0001
0000
0000
0000
,  // measure 89
1001
0000
1000
0000
0100
0000
0100
0010
0000
0010
0001
0100
1010
0000
1100
0000
,  // measure 90
0022
0033
0220
0330
2200
3300
2002
3003
,  // measure 91
0101
0000
0100
0000
1001
0000
1000
0001
0000
0001
0100
0010
1100
0000
1001
0000
,  // measure 92
0202
0303
0220
0330
2020
3030
2002
3003
,  // measure 93
0110
1000
0001
1000
0010
1000
0100
0010
0001
0100
0010
2000
0002
0000
3003
0000
,  // measure 94
1010
0000
1000
0010
0100
0000
0010
0100
0001
0100
0010
1000
0101
0010
1000
0001
,  // measure 95
0100
0010
0100
0010
1100
0000
1000
0001
0000
0001
0110
0000
1001
0000
1100
0000
,  // measure 96
1100
0000
0100
0000
1001
0000
1000
0001
0010
0000
0000
0000
1001
0100
1000
0100
,  // measure 97
0011
0000
0001
0000
1001
0000
1000
0010
0000
0010
0101
0000
1001
0000
1100
0000
,  // measure 98
2020
3030
0220
0330
0202
0303
2002
3003
,  // measure 99
0110
0000
0100
0000
0011
0000
0001
0010
0100
0010
0001
1000
0110
0000
1000
0000
,  // measure 100
0202
0303
2002
3003
2200
3300
0220
0330
,  // measure 101
1001
0000
0101
0000
0110
0000
0100
0010
1000
0010
0100
0001
1100
0000
1000
0100
,  // measure 102
0011
0000
0001
0000
1001
0000
1000
0001
0100
0001
0010
0100
1010
0000
1000
0010
,  // measure 103
1100
0000
1000
0000
1001
0000
0001
0100
0010
0100
0001
1000
0110
0000
0001
1000
,  // measure 104
0101
0000
0001
0000
1100
0000
1000
0001
0000
0001
1010
0000
1100
0000
0011
0000
,  // measure 105
1001
0000
1000
0000
1010
0000
1000
0001
0000
0001
0100
0010
1100
0000
0011
0000
,  // measure 106
1001
0000
0001
0000
0101
0000
0100
0010
0000
0010
1000
0001
1100
0000
0110
0000
,  // measure 107
0011
0000
0001
0000
1001
0000
1000
0001
0000
0001
0010
0100
1010
0000
1100
0000
,  // measure 108
0011
0000
0010
0001
0200
0000
0000
0000
1300
0000
0000
0000
0000
0000
0000
0000
,  // measure 109
0011
0000
1100
0000
0002
0000
1003
0001
,  // measure 110
0101
0000
0100
0010
1000
0010
0100
0001
0110
0000
1100
0000
1001
0000
1000
0000
,  // measure 111
1010
0000
0010
0100
0000
0001
0110
0000
1001
0000
0101
0000
0110
0000
0100
0000
,  // measure 112
0101
0000
0001
1000
0100
0000
0000
0000
1001
0010
0001
0010
1100
0000
1000
0000
,  // measure 113
1010
0000
0010
0100
0000
0001
1000
0100
0011
0000
0001
0100
2020
0000
3030
0000
,  // measure 114
0220
0330
0202
0303
0022
0033
1001
1000
,  // measure 115
1010
0000
0010
0100
0000
0001
1000
0010
1100
0000
1000
0001
0220
0000
0330
0000
,  // measure 116
2020
0000
3030
0000
2002
0000
3003
0000
0202
0000
0303
0000
0110
0000
0001
0100
,  // measure 117
0010
0000
0010
1000
0100
0010
0101
0000
1001
0000
1100
0000
0110
0000
0011
0000
,  // measure 118
1001
0000
1000
0001
0010
0001
0110
0000
0011
0000
1001
0000
1100
0000
1000
0000
,  // measure 119
1010
0000
0010
0100
0001
0100
1010
0000
1100
0000
0110
0000
0011
0000
0001
0000
,  // measure 120
0101
0000
0001
0010
1000
0010
0001
0000
0110
0000
1010
0000
1001
0000
0001
0000
,  // measure 121
0101
0000
0100
0010
0001
0010
1000
0000
1001
0000
0101
0000
1100
0000
1000
0000
,  // measure 122
1010
0000
0010
0100
1000
0100
0001
0000
0001
1000
0100
0000
0110
0000
0010
0000
,  // measure 123
1001
0000
1000
0010
0000
0010
0101
0000
1000
0100
0011
0000
0110
0000
0010
0000
,  // measure 124
1001
0000
1000
0001
0000
0001
0110
0000
0001
0010
1100
0000
1001
0000
0001
0000
,  // measure 125
0110
0000
0100
0010
0100
0010
1000
0000
1001
0000
1100
0000
0010
0000
0001
0000
,  // measure 126
0101
0000
0100
0000
0110
0000
0100
0001
0000
0001
1000
0000
0010
0000
1000
0100
,  // measure 127
0000
0100
1000
0000
0001
0000
0100
0010
0000
0010
1000
0000
0010
0000
0100
0001
,  // measure 128
0000
0001
1000
0000
0001
0000
0100
0010
0000
0000
0100
0000
0011
0000
0000
0000
,  // measure 129
0000
0000
0000
0000
,  // measure 130
0000
0000
0000
0000
,  // measure 131
0000
0000
0000
0000
,  // measure 132
0000
0000
0000
0000
0000
0000
1001
1000
,  // measure 133
1010
0000
0010
0100
0001
0010
0100
0000
1100
0000
0011
0000
1001
0000
1000
0000
,  // measure 134
0100
1000
0010
0100
0000
0010
0100
0001
,  // measure 135
0000
0000
0000
0000
0000
0000
0000
2000
,  // measure 136
0000
0000
0000
0000
0000
0000
0000
3002
,  // measure 137
0000
0000
0000
0000
0000
0000
0000
0103
,  // measure 138
0000
0010
0000
0000
1000
0000
0000
0001
0000
0000
0000
0000
0000
0000
0000
0000
,  // measure 139
0000
0000
0000
0000
,  // measure 140
0000
0000
0000
0000
,  // measure 141
0000
0000
0000
0000
0000
0000
0000
0000
0100
0100
0100
0100
0000
0000
0010
0000
,  // measure 142
0000
1000
0000
0000
0001
0000
0000
0100
0000
0000
0000
0000
1000
0000
0002
0000
,  // measure 143
0000
0000
0000
0000
0000
0000
0000
0023
,  // measure 144
0000
0000
0000
0000
0000
0000
0000
0000
0000
0000
0000
0000
0000
0000
0000
0000
0000
0000
0000
0000
0000
0000
0000
0000
0000
0000
0000
0000
0130
1000
0100
0010
,  // measure 145
0100
1000
0100
0010
0001
0010
0100
0010
0001
0010
1000
0010
0001
0000
0000
0000
0001
0000
0000
0000
0010
0000
0100
1000
0010
0000
0100
0000
1001
0000
0000
0000
,  // measure 146
1000
0000
1010
0000
0010
0100
0001
0100
0010
0000
1100
0000
0011
0000
1001
0000
,  // measure 147
0001
0000
0110
0000
1010
0000
1100
0000
1000
0010
0000
0100
0011
0000
1001
0000
,  // measure 148
1000
0000
1100
0000
1000
0001
0000
0100
0011
0000
1001
0000
1100
0000
1100
0000
,  // measure 149
0000
0000
0011
0000
0000
0000
1001
0000
0000
0000
1000
0001
1000
0100
0011
0000
,  // measure 150
0001
0000
1001
0000
1000
0010
0100
0001
1010
0000
1100
0000
0011
0000
0000
0000
,  // measure 151
0011
0000
0101
0000
0100
0010
1100
0000
0000
0000
0001
0010
0001
0010
1100
0010
,  // measure 152
0100
0010
1000
0010
0001
0010
0100
0001
0010
0100
1000
0010
0100
0001
0100
0010
,  // measure 153
1001
0000
1100
0000
0011
0000
1001
0000
1000
0001
0010
0100
1000
0000
1010
0000
,  // measure 154
0000
0000
1001
0000
0001
0100
0000
0100
1010
0000
1100
0000
0011
0000
0000
0000
,  // measure 155
0011
0000
0101
0000
0110
0000
1010
0000
1000
0110
0000
0001
0110
0000
1010
0000
,  // measure 156
1000
0000
0011
0000
0001
0100
0000
0100
0010
1000
0101
0000
1001
0000
0000
0000
,  // measure 157
1100
0000
0011
0000
0001
0000
0101
0000
0100
1010
0000
1000
0110
0000
1001
0000
,  // measure 158
0000
0000
1100
0000
0001
0100
0010
1000
0011
0000
1001
0000
1100
0000
0000
0000
,  // measure 159
1100
0000
1001
0000
0001
0100
0020
0000
0000
0000
1030
0100
0010
0001
0110
1000
,  // measure 160
0001
0100
0010
0001
0010
1000
0010
0100
0001
0010
0100
1000
0010
0100
0001
0100
,  // measure 161
0010
1000
0100
0001
0100
1000
0001
0010
0100
0010
0001
0100
0010
1000
0210
0000
,  // measure 162
0000
0301
2000
0000
3010
0100
0000
1001
,  // measure 163
1000
0000
1010
0000
0010
0100
0001
0100
0010
1000
0011
0000
0101
0000
0011
0000
,  // measure 164
0001
0000
0101
0000
0100
0010
1000
0100
0010
0001
1100
0000
1010
0000
1001
0000
,  // measure 165
0010
0000
0100
0000
0001
1000
0100
0000
0000
0000
0100
1000
0010
0100
0011
0000
,  // measure 166
0001
0100
0010
0000
0100
0010
1000
0010
0100
0001
1100
0000
0001
0100
2020
0000
,  // measure 167
3030
0202
0303
0022
0033
0220
0330
1100
,  // measure 168
1000
0010
0100
0000
0010
0100
0001
0010
0100
0010
1001
0000
1000
0001
0220
0000
,  // measure 169
0330
0000
2020
0000
3030
0000
0202
0000
0303
0000
2002
0000
3003
0000
1001
0100
,  // measure 170
1000
0100
0010
0001
0010
0001
0100
0010
0100
0010
1000
0000
1001
0000
0101
0000
,  // measure 171
0110
0000
1010
0000
1000
0001
0010
0001
0100
0010
1100
0000
1001
0000
0101
0010
,  // measure 172
0100
0010
0100
0001
1000
0001
1000
0100
1000
0100
0010
0000
0011
0000
0101
0000
,  // measure 173
0100
0000
0110
0000
0100
0010
1000
0010
0100
0001
1000
0000
0000
0000
1001
0000
,  // measure 174
0000
0010
1100
0000
0010
1001
0000
0001
0010
0100
1010
0000
1000
0001
0110
0000
,  // measure 175
0010
1010
1000
1001
0001
0101
0100
0110
,  // measure 176
0000
0001
1100
0000
0001
1010
0000
1000
0010
0100
0011
0000
0001
0100
1010
0000
,  // measure 177
1000
1001
0001
0101
0100
0110
0010
1010
,  // measure 178
1000
0000
0110
0000
0000
0011
0000
0001
0100
0010
1100
0000
1000
0001
0110
0000
,  // measure 179
0000
0000
1010
0000
0000
0000
1100
0010
0001
0100
1010
0000
1000
0100
0011
0000
,  // measure 180
0001
0000
0101
0000
0000
0110
0000
0010
1000
0001
1010
0000
1000
0001
0110
0000
,  // measure 181
0000
0000
1010
0000
0000
0000
1100
0010
0001
0100
1010
0000
0001
0010
0101
0000
,  // measure 182
0001
0000
0110
0000
0000
1100
0000
1000
0010
0100
0011
0000
0001
1000
0110
0000
,  // measure 183
0000
0000
0101
0000
0000
0000
0011
0100
1000
0010
0101
0000
0000
0000
1001
0000
,  // measure 184
1000
0000
1010
0000
0010
0100
0000
0100
0001
0100
1010
0000
1000
0001
0110
0000
,  // measure 185
0010
0000
1000
0000
0010
0100
0001
0000
0000
0000
0001
0010
0100
1000
0011
0000
,  // measure 186
0000
0001
0100
0000
0000
0110
0000
0010
1000
0010
0100
0001
1000
0100
0010
0000
,  // measure 187
0000
0000
0001
0000
0000
0000
0100
0010
1000
0001
0010
0000
0010
0100
1000
0000
,  // measure 188
0000
0001
1000
0000
0000
1010
0000
0100
0010
1000
0100
0010
0001
1000
0010
0000
,  // measure 189
0000
0000
0100
0000
0000
0000
0001
1000
0100
0010
0001
0000
0001
0100
0010
0000
,  // measure 190
0000
0010
0100
0000
0000
0101
0000
0001
1000
0010
0100
0010
1000
0100
0010
0000
,  // measure 191
0000
0000
0001
0000
0000
0000
0100
0010
1000
0001
0010
0000
0010
0100
1000
0000
,  // measure 192
0001
0000
0110
0000
0000
1010
0000
1000
0001
0100
0010
0000
0100
0010
1100
0000
,  // measure 193
0000
0000
0011
0000
0000
0000
0110
0000
0000
0000
1100
0000
0000
0000
1000
0100
,  // measure 194
0010
0001
1000
0000
1000
0001
0000
0001
0010
0100
1001
0000
0101
0000
0000
0000
,  // measure 195
0110
0000
1010
0000
1100
0000
1001
0000
0110
1000
0000
1000
0011
0000
0001
0010
,  // measure 196
0100
1000
0001
0000
0001
1000
0000
1000
0100
0010
1001
0000
1100
0010
0000
0001
,  // measure 197
0110
0000
1001
0000
1000
0100
0011
0000
0001
0110
0000
0010
1100
0000
1001
0000
,  // measure 198
0001
0000
0110
0000
0010
1100
0000
1000
0011
0000
1001
0000
1100
0000
0000
0000
,  // measure 199
1000
0000
1001
0000
0001
0100
0010
0000
1000
0010
0100
0000
0100
0010
1001
0000
,  // measure 200
0000
0000
1100
0000
0000
0000
0000
0000
0011
0000
0000
0000
0000
0000
0001
0100
,  // measure 201
0010
1000
0100
0010
0001
0100
2010
0000
0000
0000
3001
0000
0000
0000
1010
0000
,  // measure 202
1000
0000
1001
0000
0001
0100
0000
0100
0010
0000
1010
0000
1100
0000
0000
0000
,  // measure 203
0011
0000
1001
0000
1000
0000
1001
0000
0001
0110
0000
0010
1100
0000
1001
0000
,  // measure 204
0001
0000
0110
0000
0010
1100
0000
1000
0011
0000
0001
0000
1000
0110
0000
0010
,  // measure 205
1100
0000
1001
0000
1000
0100
0011
0000
0001
0110
0000
0010
1100
0000
1001
0000
,  // measure 206
0001
0000
0101
0000
0100
0011
0000
0001
1100
0000
1001
0000
0011
0000
0000
0000
,  // measure 207
0011
0000
1100
0000
1000
0001
0010
0000
0001
1000
0100
0000
0100
1000
0011
0000
,  // measure 208
0000
0000
1100
0000
0000
0000
0000
0000
1001
0000
0000
0000
0000
0000
0001
0100
,  // measure 209
0010
1000
0100
0010
0001
0100
0011
0000
0000
0000
1001
0000
0000
0000
1001
0000
,  // measure 210
0001
0000
0101
0000
0010
1100
0000
1000
0011
0000
1001
0000
1100
0000
0000
0000
,  // measure 211
0011
0000
1100
0000
1000
0000
1001
0000
0001
0110
0000
0010
1100
0000
1001
0000
,  // measure 212
1001
0000
1010
0000
0010
1100
0000
1000
0011
0000
1000
0000
0011
0000
0000
0000
,  // measure 213
1001
0000
0110
0000
1010
0000
1001
0000
0001
1100
0000
1000
0011
0000
1001
0000
,  // measure 214
1000
0000
0110
0000
0100
0011
0000
0001
1100
0000
1001
0000
0101
0000
0000
0000
,  // measure 215
0011
0000
0110
0000
0100
1000
0010
0000
0010
0100
0001
0000
0001
1000
0110
0000
,  // measure 216
0010
0000
1010
0000
1000
0011
0000
0001
0110
0000
1010
0000
1000
0110
0000
0010
,  // measure 217
1001
0000
1100
0000
1000
0100
0011
0000
0001
0110
0000
0010
1100
0000
1001
0000
,  // measure 218
0001
0000
0101
0000
0100
0011
0000
0001
1100
0000
1001
0000
0101
0000
0000
0000
,  // measure 219
0110
0000
1010
0000
1100
0000
0011
0000
0001
1100
0000
1000
0011
0000
0110
0000
,  // measure 220
0110
0000
1001
0000
1000
0110
0000
0010
1100
0000
1001
0000
0101
0000
0000
0000
,  // measure 221
0110
0000
1010
0000
0101
0000
0011
0000
0001
1100
0000
0100
1001
0000
0011
0000
,  // measure 222
0001
0000
1001
0000
1000
0110
0000
0001
0110
0000
1001
0000
1100
0000
0000
0000
,  // measure 223
0011
0000
1100
0000
0011
0000
1001
0000
0100
0011
0000
0010
1001
0000
1100
0000
,  // measure 224
0001
0000
0110
0000
0010
1100
0000
1000
0011
0000
1100
0000
1001
0000
0000
0000
,  // measure 225
1001
0000
1100
0000
0001
0010
0100
0000
1000
0100
0010
0000
0001
0100
0010
0000
,  // measure 226
1000
0010
0100
0000
0010
0100
0001
0000
0001
0010
0100
0000
0100
1000
0010
0000
,  // measure 227
0010
0100
1000
0000
1000
0100
0001
0000
0001
1000
0100
0000
0100
0010
0001
0000
,  // measure 228
0001
1000
0200
0000
0000
0000
0000
0000
0000
0000
0000
0000
0000
0000
0000
0000
,  // measure 229
0000
0000
0000
0000
,  // measure 230
0302
0000
0000
0000
,  // measure 231
0000
0000
0000
0000
,  // measure 232
0000
0000
0000
0000
,  // measure 233
0000
0000
0000
0000
0000
0000
0000
2000
,  // measure 234
0003
0000
0000
0000
,  // measure 235
0000
0000
0000
0000
0000
0000
0000
3020
,  // measure 236
0000
0000
0000
0000
,  // measure 237
0000
0000
0000
0000
0000
0000
0000
0230
,  // measure 238
0000
0000
0000
0000
,  // measure 239
0000
0000
0000
0000
0000
0000
0000
0300
;
