#TITLE:%10;
#SUBTITLE:;
#ARTIST:Pory;
#TITLETRANSLIT:;
#SUBTITLETRANSLIT:;
#ARTISTTRANSLIT:;
#CREDIT:;
#BANNER:%10.png;
#BACKGROUND:%10-bg.png;
#LYRICSPATH:;
#CDTITLE:!toph-cdtitle.png;
#MUSIC:Pory - %10.mp3;
#OFFSET:-0.828;
#SAMPLESTART:89.420;
#SAMPLELENGTH:14.840;
#SELECTABLE:YES;
#BPMS:0.000=130.000;
#STOPS:;
#BGCHANGES:;
// cache tags:
#FIRSTBEAT:0.000;
#LASTBEAT:258.000;
#SONGFILENAME:Songs/All Songs/Toph - %10/%10.sm;
#HASMUSIC:1;
#HASBANNER:1;
#MUSICLENGTH:127.911;
// end cache tags

//---------------dance-single - ----------------
#NOTES:
     dance-single:
     :
     Hard:
     12:
     1.000,1.000,1.000,0.149,1.000,849.000,281.000,19.000,0.000,0.000:  // measure 1
1001
0000
0100
0000
0100
0000
1000
0100
0010
0001
0100
0000
0100
0000
0010
0100
,  // measure 2
0001
0000
1000
0000
1000
0000
0010
1000
0001
0010
0001
0000
0001
0000
0010
0100
,  // measure 3
0010
0000
0100
0000
0100
0000
1000
0100
0010
0001
0100
0000
0100
0000
0001
0100
,  // measure 4
0010
0000
1000
0000
1000
0000
0100
1000
0010
0100
0010
0000
0100
0000
0001
0010
,  // measure 5
1001
0000
0100
0000
0100
0000
1000
0100
0010
0001
0100
0000
0100
0000
0010
0100
,  // measure 6
0001
0000
1000
0000
1000
0000
0010
1000
0001
0010
0001
0000
0001
0000
0010
0100
,  // measure 7
0011
0000
0100
0000
0100
0000
1000
0100
0010
0001
0100
0000
0100
0000
0001
0100
,  // measure 8
0011
0000
1000
0000
1000
0000
0100
1000
0010
0100
0001
0000
1010
0010
0100
0010
,  // measure 9
1001
0000
1000
0001
0110
0000
1001
1000
0100
1000
0010
0000
1001
0001
0100
0010
,  // measure 10
1000
0000
0001
0100
0011
0000
1100
0100
0010
0001
0100
0010
1001
0100
0010
0000
,  // measure 11
1001
0001
0100
0010
1001
0000
1100
0100
0100
0010
0001
1000
0110
1000
0000
1000
,  // measure 12
0101
0000
0100
0010
1001
0000
0100
0010
0001
1000
0001
0001
0110
0000
0110
0110
,  // measure 13
1001
0000
1000
0001
0110
0000
1001
1000
0100
1000
0010
0000
1001
0001
0100
0010
,  // measure 14
1000
0000
0001
0100
0011
0000
1100
0100
0010
0001
0100
0010
1001
0100
0010
0000
,  // measure 15
1001
0001
0100
0010
1001
0000
1100
0100
0100
0010
0001
1000
0110
1000
0000
0100
,  // measure 16
2001
0000
0000
0000
3002
0000
0000
0000
2003
0000
3010
0100
1001
1001
1001
1001
,  // measure 17
0110
0000
1000
0100
0011
0000
1100
0000
0010
0001
1100
0000
0011
1000
0100
1000
,  // measure 18
1001
1000
0001
0100
1010
0000
0101
0000
1000
0001
0010
0100
1001
0010
1000
0100
,  // measure 19
1001
0001
1000
0000
0110
0000
1001
0001
0001
0010
0100
0010
1001
0010
0000
0100
,  // measure 20
1010
0000
0100
1000
0011
0000
1100
0001
2000
3000
2000
3000
2000
3000
2100
3100
,  // measure 21
0011
0000
1000
0100
0011
0000
1100
0000
0010
0001
1100
0000
0011
1000
0100
1000
,  // measure 22
1001
1000
0001
0100
1010
0000
0101
0000
1000
0001
0010
0100
1001
0010
1000
0100
,  // measure 23
1001
0001
1000
0000
0110
0000
1001
0001
0001
0010
0100
0010
1001
0010
0000
0100
,  // measure 24
1010
0000
0001
0100
0010
0000
0100
0010
1100
0000
0100
0000
1001
1001
1001
1001
,  // measure 25
0110
0000
0011
0100
1001
0000
0110
0001
1000
0010
1001
0000
0110
1000
0100
1010
,  // measure 26
1001
0000
1100
0001
1010
0000
0101
1000
0010
0101
1000
0011
1100
0011
1000
0101
,  // measure 27
0110
0100
1000
0000
0011
0000
1100
1000
1100
0010
0100
1001
0110
1001
0100
0010
,  // measure 28
1001
0000
0010
0100
0000
0010
0100
0000
0010
0100
0010
0000
0100
0010
0100
0010
,  // measure 29
1100
0000
0101
1000
0011
0000
1100
0001
0100
0010
1001
0000
0110
1000
0001
0110
,  // measure 30
1010
0000
0011
1000
0101
0000
0110
1000
0001
1010
0100
1001
0110
1001
0100
0011
,  // measure 31
1001
0001
0100
0000
1010
0000
0101
0100
0101
0010
0001
1100
0011
1100
0001
0010
,  // measure 32
1001
0000
1100
0100
0011
0100
1000
0100
1001
0010
0001
0000
1001
1001
1001
1001
,  // measure 33
0110
0001
1000
0010
0100
0001
0010
0100
1000
0010
0100
0010
1000
0100
0010
0001
,  // measure 34
0100
0001
0010
0001
1000
0010
0100
0010
1000
0100
1000
0010
0100
0001
0010
0100
,  // measure 35
1000
0010
1000
0100
1000
0001
0010
0100
0010
0001
0100
0010
1000
0100
0010
0001
,  // measure 36
1000
0010
0100
0001
1000
0100
0010
0001
0100
0010
0100
0001
1000
0010
0100
0001
,  // measure 37
0010
0001
0100
0010
0100
0001
1000
0100
0010
0001
1000
0010
0100
0010
1000
0100
,  // measure 38
1000
0010
0100
0001
0010
0100
1000
0001
0100
0001
1000
0010
1000
0100
1000
0001
,  // measure 39
0100
0010
0100
0001
1000
0010
0100
0001
0010
0100
0010
0001
1000
0100
0010
0001
,  // measure 40
2010
0000
0000
0000
3002
0000
0000
0000
1003
0000
1000
0100
1000
0001
1000
0100
,  // measure 41
0011
0000
0100
1000
0101
0000
0010
1000
0001
1000
0110
0001
1100
0011
1000
0010
,  // measure 42
0101
0000
0010
0100
0011
0000
1000
0001
0100
0010
1001
0100
1010
0101
1000
0001
,  // measure 43
0110
0000
1000
0100
0011
0000
1000
0001
0100
0010
1001
0100
0011
1100
0001
1000
,  // measure 44
0110
0000
0001
1000
0110
0000
1000
0100
1000
0010
0101
1000
0110
1001
0100
0010
,  // measure 45
1001
0100
0010
0001
1010
0001
0100
0010
1000
0001
1100
0001
1010
0101
0010
1000
,  // measure 46
0011
0100
1000
0001
1010
0001
0100
0010
1000
0001
1100
0010
1001
0110
1000
0001
,  // measure 47
1010
0100
0001
1000
0110
0001
0100
0010
1000
0001
0110
1000
0011
1100
0010
0100
,  // measure 48
2001
0000
0000
0000
3002
0000
0000
0000
1003
0000
1000
0100
1000
0001
1000
0100
,  // measure 49
1001
0000
0011
0100
1010
0000
0101
0010
1000
0001
0110
0000
1001
0100
0010
1100
,  // measure 50
1001
0000
0101
1000
0011
0000
1100
0010
0100
0011
1000
0110
1001
0110
1000
0011
,  // measure 51
0110
0010
0001
0000
1100
0000
0011
0010
0011
0100
1000
0101
1010
0101
0010
0100
,  // measure 52
1001
0000
0110
1000
0011
0000
0100
0001
2010
3100
2010
3000
2001
3000
2100
3100
,  // measure 53
0011
0000
0110
0001
1100
0000
0011
1000
0001
0100
1010
0000
0101
1000
0001
0110
,  // measure 54
1100
0000
0110
1000
0011
0000
0110
1000
0001
1010
0100
1001
0110
1001
0010
1100
,  // measure 55
1001
1000
0010
0000
0101
0000
1010
0010
1010
0100
0001
1010
0101
1010
0001
1000
,  // measure 56
0011
0000
0100
0000
0100
0000
1000
0100
1010
0001
0010
0000
0101
0001
0001
0001
,  // measure 57
1001
0000
0110
0001
1100
0000
0011
1000
0001
0100
1010
0000
0101
1000
0001
0110
,  // measure 58
1100
0000
0110
1000
0011
0000
0110
1000
0001
1010
0100
1001
0110
1001
0010
1100
,  // measure 59
1001
1000
0100
0000
0011
0000
1100
0100
1100
0001
1000
0110
1001
0110
1000
0010
,  // measure 60
1001
0000
0100
0010
0001
0000
0000
0000
1100
0010
0010
0101
0010
0000
1100
0010
,  // measure 61
1001
0000
1010
0100
0011
0000
1100
0001
0100
0010
1001
0000
0110
1000
0001
1100
,  // measure 62
0110
0000
0011
1000
0101
0000
1010
0001
0100
1001
0100
1010
0101
1010
0100
0011
,  // measure 63
1001
0001
0100
0000
1001
0000
0110
0100
0101
1000
0001
1100
0011
1100
0001
0010
,  // measure 64
1001
0000
0101
1000
0011
0000
0110
0001
2100
3010
2100
3000
2010
3000
2001
3100
,  // measure 65
0010
0000
0000
0000
0000
0000
0001
0001
1100
0000
0000
0000
0000
0000
0000
0000
;
