#TITLE:timepiece phase II;
#SUBTITLE:;
#ARTIST:Hirofumi Sasaki;
#TITLETRANSLIT:;
#SUBTITLETRANSLIT:;
#ARTISTTRANSLIT:;
#CREDIT:;
#BANNER:timepiecephaseII.png;
#BACKGROUND:timepiecephaseII-bg.png;
#LYRICSPATH:;
#CDTITLE:!foobyTitle.png;
#MUSIC:timepiecephaseII.mp3;
#OFFSET:-0.120;
#SAMPLESTART:12.500;
#SAMPLELENGTH:12.000;
#SELECTABLE:YES;
#BPMS:0.000=72.000,15.000=143.500,215.000=140.000,217.000=135.000,219.000=127.000,219.500=102.000,220.000=92.000,220.500=82.000;
#STOPS:;
#BGCHANGES:;
// cache tags:
#FIRSTBEAT:8.000;
#LASTBEAT:221.000;
#SONGFILENAME:Songs/All Songs/FoOby - Timepiece Phase II/timepiecephaseII.sm;
#HASMUSIC:1;
#HASBANNER:1;
#MUSICLENGTH:106.378;
// end cache tags

//---------------dance-single - ----------------
#NOTES:
     dance-single:
     :
     Hard:
     12:
     1.000,1.000,0.921,0.000,1.000,715.000,98.000,0.000,0.000,0.000:  // measure 1
0000
0000
0000
0000
,  // measure 2
0000
0000
0000
0000
,  // measure 3
0010
1000
1001
0101
0010
1000
1001
0101
,  // measure 4
0100
0000
0000
0000
0000
0000
0000
0000
0000
0000
0000
0000
1010
1000
0010
1000
,  // measure 5
0010
1000
0010
1000
0010
1000
0010
1000
0100
1000
0100
1000
0001
1000
0001
1000
,  // measure 6
0001
1000
0001
1000
0010
0100
0010
0100
0010
0100
0010
0100
0010
0100
0010
0100
,  // measure 7
0001
0010
0001
0010
0100
0001
0100
0001
0100
1000
0100
1000
0010
0100
0010
0100
,  // measure 8
0010
0100
0010
0100
0010
0100
0010
0100
0010
0100
0000
0000
1001
0010
0100
0001
,  // measure 9
0100
0001
0100
0001
0100
0001
0100
0001
0100
0001
1100
0010
1001
0010
0100
0001
,  // measure 10
0100
0001
0100
0001
0100
0001
0100
0001
0100
0001
1100
0010
1001
0010
0100
0001
,  // measure 11
0100
0001
1100
0010
1001
0010
0100
0001
0100
0001
1100
0000
1001
0010
1001
0000
,  // measure 12
0101
0000
1001
0010
1001
0000
1000
0001
1000
0001
1000
0001
0110
0000
0010
1000
,  // measure 13
0001
0100
1000
0100
0001
1000
0001
0100
1000
0001
0100
0001
1010
0000
0100
0001
,  // measure 14
1000
0010
0001
0010
1000
0001
1000
0010
0001
1000
0010
1000
0101
0000
0010
0001
,  // measure 15
1000
0100
0001
0100
1000
0001
1000
0100
0001
1000
0100
1000
0011
0000
0100
1000
,  // measure 16
0001
0010
1000
0010
0001
0000
1100
0000
0101
0010
1100
0010
1001
0000
0100
0010
,  // measure 17
1000
0010
0100
0001
0010
0100
1000
0100
0010
0001
0100
0010
1100
0000
0010
0100
,  // measure 18
0001
0100
0010
1000
0100
0010
0001
0010
0100
1000
0010
0100
0011
0000
0100
0010
,  // measure 19
0001
0010
0100
1000
0011
0000
0100
0001
1010
0000
0100
0010
1001
0000
1000
0001
,  // measure 20
0110
0000
0010
0100
1001
0000
0000
0000
0001
0000
0000
0000
1100
1000
0001
1000
,  // measure 21
0001
1000
0001
1000
0001
1000
0001
1000
0100
0010
0100
0010
0001
0100
0001
0100
,  // measure 22
0001
0100
0001
0100
0010
1000
0010
1000
0010
1000
0010
1000
0001
0100
0010
1000
,  // measure 23
0101
1000
0100
1000
0001
0100
0010
1000
0101
1000
0100
1000
0001
0100
0010
1000
,  // measure 24
0101
1000
0100
1000
0001
0100
0010
1000
0001
0100
0010
1000
0101
0001
1000
0001
,  // measure 25
1000
0001
1000
0001
1000
0001
1000
0001
0100
0010
0100
0010
1000
0100
1000
0100
,  // measure 26
1000
0100
1000
0100
0010
0001
0010
0001
0010
0001
0010
0001
1100
0000
0010
1000
,  // measure 27
0101
0000
0010
0001
1001
0000
0010
1000
1001
0000
0100
0010
1001
0000
0010
0100
,  // measure 28
0001
0000
0010
0000
0100
0000
1000
0000
0001
0000
0100
0000
0001
0000
0100
0000
0001
0100
0001
0100
0001
0100
0001
0100
0101
0000
0000
0000
1000
0000
0000
0000
,  // measure 29
0001
0100
0000
0001
0100
0000
0010
0000
0101
0000
1000
0000
1001
0000
0010
0000
,  // measure 30
1000
0001
0000
0100
0010
0000
1000
0000
0101
0000
0000
0000
1010
0000
1000
0000
,  // measure 31
0100
0000
1010
1000
0100
0000
1001
1000
,  // measure 32
0100
0001
0100
0000
1001
0000
1001
0000
1001
0000
0000
0000
0110
0000
0001
0100
,  // measure 33
0000
0000
0010
0000
0101
0000
1000
0000
1001
0000
0010
0000
1010
1000
0000
0010
,  // measure 34
1000
0010
0000
0100
0001
0100
0000
0010
1010
0000
0000
0000
0110
0000
0000
0000
,  // measure 35
0001
1001
0010
0110
,  // measure 36
0001
0000
1000
0000
0010
1000
0100
0001
0100
1000
0010
0000
1001
0001
1000
0001
,  // measure 37
1000
0001
1000
0001
0100
0010
0100
0010
1000
0001
1000
0001
1000
0100
0010
0001
,  // measure 38
0010
0100
1000
0001
1000
0010
0100
0001
0010
0100
1000
0010
0001
0000
0000
0001
,  // measure 39
0010
0000
0000
0010
1000
0000
0000
1000
0100
0000
1100
0000
0010
0100
0001
1000
,  // measure 40
0001
0000
0101
0000
0010
0100
0001
1000
0001
0000
0101
0000
0011
0001
1000
0001
,  // measure 41
0010
0001
1000
0001
0010
0100
0010
0100
0010
1000
0001
1000
1100
1000
0001
1000
,  // measure 42
0100
1000
0001
1000
0100
0010
0100
0010
0100
0001
1000
0001
0110
0000
0010
1000
,  // measure 43
0001
0100
0001
0100
0001
0010
0100
1000
0100
0010
0001
0100
0110
1000
0100
0001
,  // measure 44
0100
1000
0010
1000
0110
0010
1000
0100
0010
0001
0100
1000
1010
1000
0001
1000
,  // measure 45
1100
1000
0001
1000
0011
0001
1000
0001
0101
0001
1000
0001
1010
0001
0100
0001
,  // measure 46
1010
0001
0100
0001
1001
0010
0100
0010
1001
0010
0100
0010
1001
1000
0100
1000
,  // measure 47
0011
0001
1000
0001
0110
0010
1000
0010
1100
1000
0001
1000
1001
0010
0100
0001
,  // measure 48
0101
0100
0001
1000
1001
0010
1000
0100
1100
0100
1000
0001
1001
0000
1001
0000
,  // measure 49
1001
0000
0010
0000
0100
0001
0100
0000
0101
0000
1100
0000
0010
0100
0010
0100
,  // measure 50
0001
0100
0001
0100
1000
0100
0001
0100
1000
0100
0001
1000
0010
1000
0001
0100
,  // measure 51
0001
1000
0001
1000
0010
1000
0100
0010
0001
0100
0001
0100
0010
1000
0001
0100
,  // measure 52
0001
1000
0010
0100
0010
1000
0100
0010
0001
1000
0001
1000
0001
0000
0100
0010
,  // measure 53
1000
0010
0100
0010
1000
0000
0001
0100
0010
0100
0001
0100
0010
1000
0010
1000
,  // measure 54
0001
0100
0001
0100
0001
1000
0001
1000
0010
0100
0010
0100
0010
1000
0100
1000
,  // measure 55
0101
0000
0101
0000
0010
1000
0100
1000
0101
0000
0101
0000
0010
1000
0100
0001
,  // measure 56
1001
1100
0101
0000
0000
0000
0000
0000
;
