#TITLE:Quasar;
#SUBTITLE:;
#ARTIST:Outphase;
#TITLETRANSLIT:;
#SUBTITLETRANSLIT:;
#ARTISTTRANSLIT:;
#CREDIT:;
#BANNER:quasar.png;
#BACKGROUND:quasar-bg.png;
#LYRICSPATH:;
#CDTITLE:!eggmanTitle.png;
#MUSIC:quasar.mp3;
#OFFSET:-0.500;
#SAMPLESTART:38.709;
#SAMPLELENGTH:12.000;
#SELECTABLE:YES;
#BPMS:0.000=155.000;
#STOPS:;
#BGCHANGES:;
// cache tags:
#FIRSTBEAT:3.500;
#LASTBEAT:308.000;
#SONGFILENAME:Songs/All Songs/Quasar/Quasar.sm;
#HASMUSIC:1;
#HASBANNER:1;
#MUSICLENGTH:126.281;
// end cache tags

//---------------dance-single - ----------------
#NOTES:
     dance-single:
     :
     Hard:
     10:
     0.997,1.000,0.261,0.000,1.000,848.000,33.000,0.000,0.000,0.000:
0000
0000
0000
0000
0000
0000
0000
0010
,
0010
0010
0010
0010
,
0010
1000
1000
1000
,
1000
0000
0100
0000
0100
0000
0100
1000
,
0100
0000
0000
0000
0100
0000
0001
0010
0100
0000
1000
0000
0010
0000
1001
0000
,
1001
0001
1000
0001
1100
0010
0001
1000
,
1010
0100
0001
1000
1100
0010
0001
1000
,
0010
0100
0001
1000
0100
0010
0001
1000
,
0010
0100
0001
1000
0110
0001
1000
0010
,
0101
0010
1000
0100
1100
0010
0001
1000
,
1001
1000
0010
0100
0101
0010
1000
0100
,
0010
0001
0010
0100
1000
1001
1000
0001
,
1100
0010
0001
1001
1100
0011
1100
1001
,
0001
0100
0010
1000
0100
1000
0010
0100
0001
0010
0100
0010
0001
1000
0010
0100
,
0001
1000
0100
0010
0100
1000
0010
1000
0100
0010
0001
0100
0010
0100
0001
0010
,
0100
1000
0100
1000
0100
0010
0001
0010
0001
0100
0010
0100
0010
1000
0100
0010
,
0001
0100
0010
1000
0100
0010
0001
0010
0100
0010
0001
1000
0001
1000
0010
0100
,
0001
1000
0100
0010
0100
1000
0001
0010
0100
0010
0001
1000
0010
0100
0001
1000
,
0100
0010
0001
0010
0001
1000
0100
1000
0100
0010
0100
1000
0001
0010
0001
0100
,
0010
1000
0100
0010
0100
1000
0010
0100
0001
1000
0100
0001
0100
1000
0001
0100
,
1000
0100
0001
0100
0000
0001
1000
0100
0010
0001
1000
0010
0100
0001
1000
0100
,
0010
0001
1000
0010
0100
0000
0001
1000
0010
0100
0001
0000
1000
0100
0010
0001
,
0100
0010
1000
0100
0010
0001
1000
0000
0010
0100
0001
1000
0100
0000
0011
0000
,
1000
0100
0010
0001
1000
0000
0010
0100
0001
1000
0100
0000
0010
0001
0100
0010
,
1000
0100
0010
0100
1000
0000
0010
0100
0001
1000
0100
0010
0001
0000
1001
0000
,
0001
1000
0010
0100
0001
0000
1000
0100
0010
0001
1000
0000
0010
0100
0001
1000
,
0100
0010
0001
1000
0010
0100
0001
0000
0001
1000
0100
0010
0001
0000
0011
0000
,
1000
0100
0010
0100
1000
0000
0001
0010
0100
0010
0001
0000
1000
0010
0100
0001
,
0110
0000
0000
0000
,
0100
0000
0001
0000
,
0010
0000
0100
0000
,
1000
0000
0010
0000
,
0100
0000
0001
0000
,
1000
0000
0100
0000
,
0010
0000
0001
0000
,
1000
0000
0010
0000
,
0101
0000
1000
0000
,
0001
0010
0100
1000
0010
0100
0001
1000
0100
0010
0100
1000
0010
0100
0001
1000
,
0100
1000
0100
0010
0001
0010
0001
1000
0010
0100
0001
1000
0001
1000
0100
0010
,
0100
1000
0010
0100
0001
0010
0100
0010
0001
0100
0010
1000
0100
0010
0100
1000
,
0010
0100
0010
1000
0100
1000
0010
0100
0001
0010
0100
0010
0001
0100
0010
0100
,
0001
1000
0100
1000
0010
0100
0001
1000
0100
0010
0001
0010
0100
1000
0010
0100
,
0001
0100
0010
1000
0100
0010
0100
1000
0001
0100
0001
1000
0100
1000
0010
0100
,
0001
1000
0100
0010
0001
0010
0100
0010
0001
1000
0010
0100
0001
1000
0100
1000
,
0010
0100
0001
1000
0100
0010
0001
1000
0100
0010
0001
0010
0100
1000
0010
0100
,
0001
1000
0010
0100
0001
1000
0001
0010
0001
1000
0010
1000
0001
0100
0001
1000
,
0100
1000
0001
1000
0100
0010
0001
0100
0010
1000
0010
0100
0001
1000
0100
0010
,
0100
1000
0010
0100
0001
1000
0001
1000
0100
1000
0100
0010
0001
0100
1000
0100
,
0001
1000
0100
1000
0010
0100
0001
1000
0001
0100
0010
1000
0100
1000
0010
0100
,
0001
1000
0100
0010
0100
1000
0001
0010
0100
0010
0001
1000
0010
0100
0010
1000
,
0001
0010
0100
0010
0001
0100
0010
1000
0100
0010
0001
0100
0010
1000
0100
1000
,
0010
0100
0001
1000
0100
1000
0010
0100
0001
0010
0001
0100
0010
1000
0100
0010
,
0001
0100
0010
1000
0100
0010
0001
0010
0100
1000
0010
0100
0001
1000
0001
1000
,
0100
0010
0100
0010
0001
0100
0010
1000
0100
0010
0001
0100
0010
1000
0100
0010
,
0001
0100
0010
1000
0100
0001
0100
1000
0001
0100
1000
0100
0001
1000
0100
0010
,
0001
0010
0100
1000
0010
0100
0001
0100
0010
1000
0010
0100
0010
1000
0100
0010
,
0100
1000
0010
0100
0001
1000
0100
0010
0001
0010
0100
1000
0010
0100
0001
1000
,
0001
1000
0100
1000
0010
0100
0001
0010
0001
0100
0010
1000
0100
0010
0100
1000
,
0010
0100
0001
1000
0100
1000
0010
0100
0001
0100
0001
1000
0100
1000
0010
0100
,
0001
1000
0100
0010
0001
0100
0010
1000
0100
0010
0001
0010
0100
1000
0010
0100
,
0010
0100
0010
1000
0100
0010
0100
0010
0100
0010
0001
1000
0010
0100
0001
1000
,
0100
0010
0100
1000
0010
0100
0001
1000
0100
0010
0001
0010
0100
1000
0010
0100
,
0001
1000
0100
0010
0100
0010
0001
0100
0010
0100
0010
1000
0100
1000
0010
0100
,
0001
0100
0001
0010
0100
1000
0010
0100
0001
1000
0100
0010
0001
1000
0010
0100
,
0001
1000
0100
0010
0100
1000
0001
0010
0100
0010
0001
1000
0010
0100
0001
1000
,
0001
1000
0100
0010
0100
1000
0010
0100
0010
1000
0100
0010
0001
0010
0100
0010
,
0001
1000
0010
0100
0001
1000
0100
0010
0001
0010
0100
0010
0001
1000
0001
0100
,
0010
1000
0100
0010
0001
0010
0001
1000
0100
1000
0100
0010
0001
1000
0010
0100
,
0001
1000
0100
0010
0100
1000
0010
0100
0001
1000
0100
0010
0001
1000
0010
0100
,
0000
0000
0000
0000
,
0000
0000
0000
0000
,
1001
0000
0011
0000
,
0110
0000
1100
0000
,
0101
0000
1010
0000
,
1001
0000
0110
0000
,
1100
0000
0000
0000
,
0011
0000
0000
0000
,
1001
0000
0000
0000
;

//---------------dance-single - ----------------
#NOTES:
     dance-single:
     :
     Challenge:
     13:
     1.000,1.000,1.000,0.000,1.000,848.000,297.000,0.000,0.000,0.000:
0000
0000
0000
0000
0000
0000
0000
0100
,
0100
0100
0100
0100
,
0100
0100
0100
0100
,
0100
0000
0100
0000
0100
0000
0100
1000
,
0100
0000
0000
0000
0100
0000
0010
0001
0100
0000
0010
0000
1000
0000
0101
0000
,
1010
0100
0001
0100
1010
0100
0001
1000
,
0011
0100
1000
0001
1010
0100
0001
0010
,
0001
0010
0001
0010
0001
1000
0001
1000
,
0010
0100
0001
1000
0011
0100
1000
0010
,
0101
0010
1000
0001
1100
0001
1000
0010
,
0101
0010
1000
0001
0110
0001
1000
0100
,
0010
0001
1000
0010
0100
0101
0001
1000
,
1100
0100
0010
0011
1100
1001
0101
1010
,
1001
0010
0100
0001
0110
0001
1000
0100
0011
0100
1000
0010
0101
0010
1000
0001
,
0110
1000
0100
0010
1001
0010
0100
0001
1010
0100
0001
0010
1100
0010
1001
0100
,
0011
0100
1000
0001
0110
0001
1000
0010
0101
0010
1000
0001
0110
0001
1000
0100
,
0011
0100
1000
0001
1010
0100
0010
1000
0011
0100
1001
0010
0101
0010
1001
0100
,
0011
0100
1000
0010
0101
0010
1000
0001
0110
0001
1000
0100
0011
0100
1000
0010
,
0101
0010
0100
0001
0110
0001
1000
0100
1001
0010
0001
1000
0011
0100
1000
0010
,
0101
0010
0100
0001
1000
0100
0010
0001
1000
0010
0101
0010
1000
0001
0010
0100
,
1001
0010
0100
0010
0000
1000
0101
1010
0101
0010
1001
0100
0011
0100
1001
0010
,
0101
0010
0100
0001
0110
0000
0011
0100
1001
0010
0101
0000
1010
0100
0001
0010
,
1100
0010
1001
0100
0010
0001
0110
0000
1001
0010
0101
0010
1001
0000
0110
0000
,
1001
0010
0100
0001
0110
0000
1010
0100
1010
0001
0110
0000
0011
0100
1000
0010
,
0101
0010
1001
0100
0010
0001
1000
0010
1001
0100
1010
0100
1001
0000
1001
0000
,
1100
0010
0001
0100
1010
0000
0101
0010
1001
0100
0011
0000
1100
0010
0100
1000
,
0011
0100
1000
0010
0100
0001
0110
0000
1001
0010
0101
1000
0011
0000
0110
0000
,
1100
0010
0100
1000
0011
0000
1100
0010
1001
0100
0011
0000
1001
0010
0100
0001
,
0110
0000
0000
0000
,
0100
0000
0001
0000
,
1000
0000
0100
0000
,
0010
0000
0001
0000
,
1000
0000
0001
0000
,
0100
0000
0010
0000
,
1000
0000
0001
0000
,
0010
0000
0100
0000
,
1100
0000
1000
0000
,
0001
0010
0100
1000
0010
0100
0001
1000
0001
0100
0010
1000
0100
0010
0001
1000
,
0010
1000
0001
0010
0001
0100
0010
0100
0001
1000
0100
0010
0001
0010
0100
0010
,
0001
1000
0010
0100
0001
1000
0100
1000
0010
0100
0001
0010
0001
0100
0010
1000
,
0100
0001
0100
1000
0010
0001
0010
1000
0100
0010
0001
1000
0010
0001
0010
1000
,
0100
0010
0001
1000
0001
0100
0010
1000
0010
0100
0001
1000
0100
0001
0100
1000
,
0010
0100
0001
0010
0100
0010
0001
1000
0010
0100
0001
1000
0001
0100
0010
1000
,
0100
1000
0100
1000
0100
1000
0010
0100
0001
0010
0001
0010
0001
0010
0100
1000
,
0010
0100
0001
1000
0100
0010
0001
0100
1010
0100
0001
1000
0100
0010
1001
0010
,
0101
0010
1000
0001
0110
0001
1000
0100
0011
0100
1000
0001
1010
0100
0010
1000
,
0011
0100
1000
0001
0110
0001
1000
0010
0101
0010
0100
0001
1010
0100
0001
0100
,
1010
0100
0001
1000
0011
0100
1000
0100
0011
0100
1000
0001
0110
0001
1000
0010
,
0101
1000
0001
0010
1100
0010
0100
1000
0011
1000
0010
0100
1001
0010
0100
0001
,
0110
0001
1010
0100
1010
0001
0110
0001
1100
0010
1001
0010
0101
1000
0011
0100
,
1001
0010
0101
1000
0011
0100
1010
0001
1100
0010
0101
1000
0110
0001
1100
0010
,
1001
0010
0101
1000
0011
0100
1001
0010
0101
1000
0110
0001
1100
0010
1001
0010
,
1001
0100
0011
0100
1010
0001
0110
1000
0011
0100
1001
0010
0101
1000
0011
1000
,
0101
1010
0100
1010
0101
0010
1001
0110
1001
0110
1001
0100
0011
1100
0010
1001
,
0110
1001
0110
1001
0110
1001
0110
0001
1010
0101
1010
0101
1010
0100
1001
0110
,
0001
1100
0011
0100
1001
0110
1001
0110
1001
0110
1001
0100
0011
1100
0001
1010
,
0101
1010
0101
1010
0100
1001
0110
0001
1100
0011
1100
0011
1100
0010
0101
0010
,
1001
0110
0001
1100
0011
0100
1001
0110
1001
0110
1001
0010
0101
1010
0100
1001
,
0110
1001
0110
1001
0100
0011
1100
0010
1001
0110
1001
0110
1001
0010
0101
0010
,
1001
1100
0000
0011
1100
0010
0101
1010
0101
1010
0101
0010
1001
0110
0001
1100
,
0011
1100
0011
1100
0011
1100
0011
0100
1001
0110
1001
0110
1001
0010
0101
1000
,
0011
1000
0100
0010
1001
0010
0100
0001
0110
0001
1000
0100
0011
0100
1000
0010
,
0101
0010
0100
0001
0110
0001
1000
0100
1001
0010
0100
0001
1010
0100
0001
1000
,
0011
0100
1000
0010
0101
0010
0100
0001
0110
1000
0100
1000
0011
1000
0100
1000
,
0101
1000
0010
0100
1010
0100
0001
0010
1100
0010
0001
1000
0011
0100
1001
0010
,
0101
0010
1001
0100
0011
0100
1001
0010
0101
1000
0011
0100
1001
0010
1001
0010
,
0101
1000
0110
0001
1100
0010
1100
0001
1010
0100
1001
0010
0101
1000
0011
1000
,
0110
0001
1010
0100
1010
0001
1100
0001
1100
0010
1001
0100
1001
0010
0101
1000
,
0011
0100
1001
0010
0101
1000
0110
0001
1010
0100
1001
0100
0011
0100
1010
0100
,
0000
0000
0000
0000
,
0000
0000
0000
0000
,
0100
0000
0001
0000
,
1000
0000
0100
0000
,
0010
0000
0001
0000
,
1000
0000
0010
0000
,
0100
0000
0000
0000
,
0001
0000
0000
0000
,
1001
0000
0000
0000
;
