#TITLE:Get Down With MAX;
#SUBTITLE:;
#ARTIST:DJ Bouche;
#TITLETRANSLIT:;
#SUBTITLETRANSLIT:;
#ARTISTTRANSLIT:;
#CREDIT:;
#BANNER:MAXDown.png;
#BACKGROUND:MAXDown-bg.png;
#LYRICSPATH:;
#CDTITLE:!title.png;
#MUSIC:MAXDown.mp3;
#OFFSET:-2.110;
#SAMPLESTART:54.740;
#SAMPLELENGTH:16.600;
#SELECTABLE:YES;
#BPMS:0.000=114.000,164.000=57.000,188.000=114.000;
#STOPS:;
#BGCHANGES:;
// cache tags:
#FIRSTBEAT:4.000;
#LASTBEAT:559.000;
#SONGFILENAME:Songs/All Songs/MAXDown/MAXDown.sm;
#HASMUSIC:1;
#HASBANNER:1;
#MUSICLENGTH:311.648;
// end cache tags

//---------------dance-single - SMANIAC----------------
#NOTES:
     dance-single:
     SMANIAC:
     Challenge:
     10:
     0.695,0.874,0.616,0.055,0.870,1308.000,192.000,17.000,0.000,0.000:
0000
0000
0000
0000
,
1000
0000
0000
1000
0000
0000
0000
0000
1000
0000
0000
0000
1010
0000
0000
0000
,
0100
0000
0000
0100
0000
0000
0000
0000
0100
0000
0000
0000
0101
0000
0000
0000
,
0010
0000
0000
0010
0000
0000
0000
0000
0000
0000
0100
0000
0010
0000
0100
0000
,
1000
0000
0000
1000
0000
0000
0000
0000
0100
0010
0100
0000
0110
0000
0000
0000
,
1000
0000
0000
1100
0000
0000
0000
0000
0100
0000
0000
0101
0000
0000
0000
0000
,
0001
0000
0000
0011
0000
0000
0000
0000
0010
0000
0000
1010
0000
0000
0000
0000
,
0100
0000
0000
0110
0000
0000
0000
0000
0100
0000
0000
0110
0000
0000
0100
0000
,
1000
0000
0000
1100
0000
0000
0010
0000
0001
0000
0000
2002
0000
0000
3003
0000
,
0100
0000
0100
0000
0000
0001
0010
0001
0100
0000
0100
0000
0000
0010
1000
0010
,
0100
0000
0100
0000
0000
1000
0010
1000
0100
0000
0101
0000
0100
0000
1100
0000
,
0010
0000
0010
0000
0000
1000
0100
0001
0010
0000
0010
0000
0000
0001
0100
1000
,
0010
0000
0010
0000
0000
0100
0001
1000
0010
0000
0110
0000
0100
0000
0110
0000
,
1000
0000
1010
0000
0000
0001
0000
0001
0010
0000
1010
0000
0000
0100
0000
0100
,
0010
0000
0011
0000
0000
0010
0000
0010
0100
0000
1100
0000
0010
0000
0011
0000
,
0100
0000
0100
0000
0000
0110
0000
0001
1000
0000
1000
0000
0000
1100
0000
0010
,
0001
0000
0100
0010
0000
0100
0000
0010
0100
0000
0110
0000
1000
0000
1001
0000
,
0100
0010
0100
0000
0000
0010
0001
0100
0010
0100
0010
0000
0000
0100
1000
0100
,
0010
0100
0010
0000
0000
1000
0010
0100
1000
0010
0001
0000
0010
0100
1000
0000
,
0001
0010
0100
0000
0000
1000
0001
0010
0100
1000
0010
0000
0000
0001
1000
0010
,
0100
0001
0010
0000
0000
1000
0100
0010
1000
0100
0001
0000
0010
0001
0100
0000
,
1000
0000
0100
0000
0000
0001
0000
0010
0100
1000
0010
0000
0000
0001
0000
0100
,
1000
0010
0100
0000
0000
0010
0000
1000
0100
0010
0001
0000
0010
0100
1000
0000
,
0001
0000
0010
0000
0000
0100
0000
0001
0010
1000
0100
0000
0000
0100
0000
0010
,
0001
0000
0010
0100
0000
1000
0000
0001
0010
0100
1000
0000
0001
0010
0100
0000
,
1000
0000
0000
1010
0000
0000
1000
0000
0000
1100
0000
0000
1010
0000
1100
0000
,
0100
0000
0000
1100
0000
0000
0100
0000
0000
0101
0000
0000
1100
0000
0101
0000
,
0010
0000
0000
0110
0000
0000
0010
0000
0000
0011
0000
0000
0110
0000
0011
0000
,
0001
0000
0000
0101
0000
0000
0001
0000
0000
1001
0000
0000
0101
0000
1001
0000
,
0100
0000
1000
0010
0000
0100
0001
0000
0100
1000
0000
0010
0100
0001
0010
0000
,
0001
0000
0010
0100
0000
0010
1000
0000
0001
0010
0001
0000
1000
0100
1000
0000
,
0001
0000
0010
0100
0000
0010
1000
0000
0001
0100
0000
1000
0010
0100
0001
0000
,
1000
0000
0100
0001
0000
0100
0010
0000
1000
0001
0100
0000
0010
0001
1000
0000
,
0100
0000
0110
0000
0000
0001
0000
0010
0100
0000
1100
0000
0000
0010
0000
0001
,
0010
0000
0110
0000
0000
1000
0000
0100
0011
0000
0011
0000
1100
0000
1100
0000
,
0001
0000
0011
0000
0000
1000
0000
0010
0001
0000
1001
0000
0000
0100
0000
0001
,
1000
0000
1010
0000
0000
0010
0000
0100
0101
0000
0101
0000
1010
0000
1010
0000
,
0100
0000
0011
0000
0000
0100
0000
0010
0001
0000
1100
0000
0000
0001
0000
0100
,
0010
0000
0101
0000
0000
0100
0000
1000
0101
0000
0011
0000
1010
0000
1100
0000
,
0010
0000
1001
0000
0000
0001
0000
0010
0100
0000
1001
0000
0000
0010
0000
0001
,
0010
0000
1000
0100
0000
1000
0000
0010
0001
0010
0001
0010
0001
0010
0001
0000
,
2000
0000
0000
0100
0000
0000
0010
0000
0000
0001
0000
0000
0010
0000
0100
0000
0002
0000
0000
0000
0003
0000
0020
0000
0000
0000
0030
0000
0200
0000
0300
3000
,
0002
0000
0000
0010
0000
0000
0100
0000
0000
1000
0000
0000
0100
0000
0010
0000
0200
0000
0000
0000
0300
0000
2000
0000
0000
0000
3000
0000
0020
0000
0030
0003
,
2000
0000
0000
0100
0000
0000
0010
0000
0000
0001
0000
0000
0010
0000
0001
0000
0010
0000
0000
0100
0000
0000
0001
0000
0000
0010
0000
0000
0001
0000
0010
0000
,
0001
0000
0000
0100
0000
0000
0010
0000
0000
0001
0000
0000
0010
0000
0001
0000
0020
0030
0000
0000
0200
0300
0000
0000
0020
0030
0000
0000
0002
0003
0000
3000
,
1001
0000
0010
0100
0000
0010
0100
0000
0010
0100
0000
0010
0100
0000
0010
0100
0010
0000
0001
1000
0000
0001
1000
0000
0001
1000
0000
0001
1000
0000
0001
1000
,
1001
0000
0010
1000
0000
0010
1000
0000
0010
0100
0000
0010
0100
0000
0010
0100
0010
0000
0001
1000
0000
0001
1000
0000
0001
0010
0000
0001
0010
0000
0001
0010
,
1000
0000
1100
0000
0000
1010
0000
0000
1001
0000
0000
1010
0000
0000
1100
0000
,
0000
0000
0101
0000
0000
1100
0000
0000
0101
0000
0000
0110
0000
0000
1100
0000
,
0000
0000
0011
0000
0000
0110
0000
0000
1100
0000
0000
0110
0000
0000
0011
0000
,
0000
0000
1100
0000
0000
0110
0000
0000
0011
0000
0000
0110
0000
0000
1100
0000
,
0001
0100
1000
0010
0000
0000
1000
0000
0010
1000
0001
0000
0100
0001
0010
0000
,
0100
1000
0001
0010
0000
0000
0100
0000
1000
0100
0001
0000
0001
0010
1000
0000
,
0100
0010
0001
1000
0000
0000
0100
0000
0001
0100
0010
0000
0100
1000
0010
0000
,
0001
0000
0000
1001
0000
0000
0000
0000
0100
0010
1000
0001
0100
0000
0000
0001
,
0010
0100
0010
0000
1000
0100
0000
1000
0010
0100
0010
0100
0001
0010
0100
0001
,
1000
0001
0010
0100
0000
0001
0010
0000
1000
0100
0010
0001
0010
1000
0001
0010
,
0100
0001
1000
0001
0000
1000
0010
0000
0001
0100
1000
0001
1000
0001
0010
0000
,
0100
0000
0000
1100
0000
0000
0000
0000
1000
0010
0100
0010
0001
0000
0000
0000
,
0100
0000
0100
0000
0000
0001
0000
0001
0100
0000
0100
0000
0000
1000
0000
1000
,
0001
0000
0001
0000
0000
1000
0000
1000
0001
0000
0010
0000
0100
0000
1000
0000
,
0010
0000
0010
0000
0000
0100
0000
0100
1000
0000
1000
0000
0000
0001
0000
0001
,
0100
0000
0100
0000
0000
0001
0000
0001
1000
0000
0100
0000
0010
0000
0001
0000
,
0100
0000
0100
0000
0000
0001
0010
0001
1000
0000
1000
0000
0000
0010
1000
0010
,
0001
0000
0001
0000
0000
1000
0010
1000
0001
0000
0011
0000
0100
0000
1100
0000
,
0001
0000
0001
0000
0000
1000
0100
1000
0010
0000
0010
0000
0000
0001
1000
0001
,
0100
0000
0010
0100
0000
0010
0000
1000
0100
1000
0100
1000
0100
1000
0100
0000
,
0010
0000
0100
0000
0000
1000
0000
0100
0010
0000
0100
0000
0000
0100
0000
0010
,
0001
0000
0010
0000
0000
1000
0000
0100
0001
0000
0001
0000
1000
0000
1000
0000
,
0010
0000
0100
0000
0000
0100
0000
0010
1000
0000
0100
0000
0000
0001
0000
0010
,
0100
0000
1000
0000
0000
0010
0000
0001
1000
0000
1000
0000
0001
0000
0001
0000
,
0100
0000
0001
0000
0000
0100
0010
0001
0010
0000
1000
0000
0000
0010
0100
1000
,
0001
0000
0010
0000
0000
1000
0100
0010
0001
0000
0101
0000
0100
0000
1010
0000
,
0100
0000
0001
0000
0000
0010
0001
0100
1000
0000
0010
0000
0000
0100
0010
1000
,
0001
0000
0100
0010
0000
0001
0000
0010
0100
0010
0100
1000
0001
1000
0001
0000
,
0100
1000
0100
1000
0010
0001
0010
0001
0100
1000
0100
1000
0010
0001
0010
0001
,
0100
1000
0100
1000
0010
0001
0010
0001
0100
1000
0100
1000
0010
0001
0010
0001
,
0100
0010
0100
0010
1000
0001
1000
0001
0100
0010
0100
0010
1000
0001
1000
0001
,
0100
0010
0100
0010
1000
0001
1000
0001
0100
0010
0100
0010
1000
0001
1000
0001
,
0100
1000
0100
0000
0001
0010
0001
0000
0100
0010
0100
0000
1000
0001
1000
0000
,
0010
0001
0010
0001
0100
1000
0100
1000
0010
0100
0010
0100
1000
0001
1000
0001
,
0010
0100
1000
0000
0001
0010
0100
0000
1000
0100
0010
0000
0100
0010
0001
0000
,
0001
0010
0100
1000
0001
0010
0100
1000
0100
0010
0001
1000
0100
0010
0001
1000
,
0001
0000
0000
0000
0000
0000
0000
0000
0000
0000
0001
0000
0000
0001
0000
0000
,
1000
0100
1000
0000
0010
0100
0010
0000
0001
0010
0001
0000
0100
0010
0100
0000
,
1001
0000
0000
0000
0000
0000
0000
0000
0000
0000
1000
0000
0000
1000
0000
0000
,
0001
0010
0100
0000
0010
0100
1000
0000
0001
0010
0100
0000
0010
0100
1000
0000
,
1001
0000
0000
0000
0000
0000
0000
0000
0000
0000
0100
0000
0000
0100
0000
0000
,
0010
0000
0100
1000
0100
0000
0010
0001
0010
0000
0010
0001
0100
1000
0010
1000
,
1010
0000
0000
0000
0000
0000
0000
0000
0000
0000
0010
0000
0000
0010
0000
0000
,
0001
0000
0010
1000
0100
0000
0010
0100
0001
0000
0010
1000
0001
0010
0100
0001
,
0101
0000
0000
1001
0000
1010
1100
0000
,
1010
0000
1001
0000
0000
0000
0000
0000
1000
0100
0010
0001
0100
0010
1000
0010
,
0100
0000
0000
1001
0000
0101
0011
0000
,
0101
0000
1001
0000
0000
0000
0000
0000
0001
0100
0010
1000
0001
0100
0010
1000
,
0001
0000
0000
1010
0000
0101
0110
0000
,
1010
0000
0110
0000
0000
0000
1000
0100
1000
0000
0010
0001
0010
0000
0100
1000
,
0100
0000
0000
0011
0000
1100
0110
0000
,
0011
0000
0110
0000
0000
0000
1000
0100
1000
0000
0010
0001
0010
0000
0000
0000
,
1100
0000
1001
0110
0011
1100
0101
0000
,
1010
0011
1100
1010
0101
0000
0101
1010
,
0100
0001
0100
0000
1100
0000
0101
0000
1100
0000
0101
0000
1100
0000
0000
0000
,
0101
1100
0101
1100
0101
0110
1100
0101
,
0000
0000
0000
0000
1001
0000
0011
0000
1000
0100
1000
0000
1010
0000
0000
0000
,
0001
0010
0001
0000
0110
0000
1010
0000
0101
0000
0000
0000
0010
0100
0010
0000
,
0000
0000
0000
0000
0101
0000
1001
0000
0010
0100
1000
0000
0101
0000
0000
0000
,
0100
0010
0001
0000
1010
0000
0011
0000
1100
0000
0011
0000
0000
0000
0011
0000
,
1100
0000
1100
0000
0000
0100
0000
0100
0011
0000
0011
0000
0000
0010
0000
0010
,
1001
0000
1001
0000
0000
0100
0000
0100
1001
0000
1001
0000
0110
0000
0110
0000
,
1010
0000
0101
0000
0000
0010
0000
0010
0101
0000
1010
0000
0000
0100
0000
0100
,
1001
0000
0110
0000
0000
0010
0000
0010
0110
0000
0110
0000
1001
0000
1001
0000
,
0100
1000
0100
0000
0000
0001
0100
0010
1000
0100
0010
0000
0000
1000
0100
0001
,
1000
0010
0100
0000
0000
0001
0010
0001
1000
0100
1000
0000
0010
0001
0010
0000
,
1000
0100
0010
0000
0000
1000
0100
0010
0001
1000
0100
0000
0000
0001
0010
0100
,
1000
0000
0100
0010
0000
0100
0000
0001
0010
0100
0010
0000
1000
0001
1000
0000
,
0001
0100
0010
1000
0010
0100
0001
1000
0010
0100
0001
0010
0100
0001
1000
0010
,
0100
0010
1000
0010
0100
0001
0010
0001
0100
0010
1000
0010
0100
1000
0010
0100
,
0001
0010
0100
0001
0010
0001
0100
0010
1000
0010
0100
0001
1000
0010
0001
0100
,
0010
1000
0001
0100
0010
1000
0001
0100
0010
0001
0100
0000
1100
0000
0000
0000
,
0001
0100
0010
1000
0001
0100
0010
0100
0001
1000
0010
0100
0001
0010
0100
0001
,
0010
0100
0001
0010
0001
1000
0010
0100
1000
0010
0100
1000
0100
1000
0010
0100
,
0001
0100
0010
0100
0001
0010
0001
0010
0100
1000
0010
0001
0100
0010
1000
0010
,
0100
0001
0010
1000
0010
0100
0001
0100
1010
0000
0101
0000
1010
0000
0101
0000
,
1000
0010
0100
1000
0000
0000
0010
0001
0010
0100
1000
0010
0000
0000
0100
1000
,
0100
0010
0001
0100
0000
0000
0100
0001
1000
0010
1000
0000
0100
0001
0100
0000
,
0001
0100
0010
0001
0000
0000
0100
0001
0100
1000
0010
0100
0000
0000
0010
0100
,
1000
0010
0001
0100
0000
0000
0010
0001
1000
0010
0100
0000
0100
0001
1000
0000
,
0010
0100
0010
0001
0000
0000
1000
0100
0001
0010
1000
0100
0000
0000
0100
1000
,
0100
0010
0001
0100
1000
0010
0100
0001
0010
0100
0001
0000
0100
0010
1000
0000
,
0100
0010
1000
0100
0000
0000
0010
1000
0100
0001
0010
0100
0000
0000
0010
0001
,
1000
0100
0010
0001
0010
0100
1000
0001
0010
0100
1000
0000
0010
0100
0001
0000
,
1000
0000
0000
1100
0000
0000
0000
0000
0100
0010
0100
0000
0100
0010
0100
0000
,
1000
0000
0000
1100
0000
0000
0000
0000
0010
0001
0010
0000
0010
0001
0010
0000
,
0001
0000
0000
0011
0000
0000
0000
0000
0100
0010
0001
1000
0100
0000
0011
0000
,
1100
0000
0000
0101
0000
0000
0110
0000
1100
0000
0000
0011
0000
0000
0110
0000
,
1001
0000
0000
1000
0001
0000
0000
1000
0001
0100
1000
0010
0100
0001
1000
0010
,
2002
0000
0000
0000
,
0000
0000
0000
0000
,
0000
0000
0000
0000
,
0000
0000
0000
3003
;
