#TITLE:Arrabbiata;
#SUBTITLE:;
#ARTIST:RevenG;
#TITLETRANSLIT:;
#SUBTITLETRANSLIT:;
#ARTISTTRANSLIT:;
#CREDIT:;
#BANNER:arrabbiata.png;
#BACKGROUND:arrabbiata-bg.png;
#LYRICSPATH:;
#CDTITLE:!radicaljTitle.png;
#MUSIC:RevenG - Arrabbiata.mp3;
#OFFSET:0.800;
#SAMPLESTART:26.222;
#SAMPLELENGTH:12.000;
#SELECTABLE:YES;
#BPMS:0.000=225.100;
#STOPS:;
#BGCHANGES:;
// cache tags:
#FIRSTBEAT:8.000;
#LASTBEAT:365.000;
#SONGFILENAME:Songs/All Songs/arrabbiata/arrabbiata.sm;
#HASMUSIC:1;
#HASBANNER:1;
#MUSICLENGTH:101.119;
// end cache tags

//---------------dance-single - ----------------
#NOTES:
     dance-single:
     :
     Hard:
     11:
     1.000,1.000,1.000,0.099,0.292,672.000,177.000,10.000,0.000,0.000:  // measure 1
0000
0000
0000
0000
,  // measure 2
0000
0000
0000
0000
,  // measure 3
1001
0010
0100
0101
0100
0010
1001
0100
,  // measure 4
0010
1010
0010
0100
1010
0001
0010
0110
,  // measure 5
0010
0001
1010
0001
0010
0110
0010
1001
,  // measure 6
1001
1001
0100
0101
0100
0010
1001
0100
,  // measure 7
0010
0000
1010
0000
0010
0000
0100
0000
1000
0100
0010
0002
0000
0000
0000
0000
,  // measure 8
0000
1003
0100
0010
0001
1000
0101
1001
,  // measure 9
0010
1001
0100
0100
0100
0010
1001
0010
,  // measure 10
0100
1001
0100
0010
1001
0010
1001
0100
,  // measure 11
0100
0010
1001
0010
0100
1001
0100
0010
,  // measure 12
1001
0010
1001
0100
0100
0010
1001
0010
,  // measure 13
0100
1001
0100
0010
1000
1000
1000
1000
,  // measure 14
1000
0000
1000
0000
1000
0000
1000
0100
0010
1000
0100
0010
0001
0000
0000
0000
,  // measure 15
0001
0000
0000
0100
0100
0000
0001
1000
,  // measure 16
1000
0100
1000
0001
0010
0000
0000
0000
0100
0000
0000
0000
1000
0000
0000
0000
,  // measure 17
0001
0000
0000
0000
1000
0000
0000
0000
0100
0000
0010
0001
1000
0000
0100
0000
,  // measure 18
0001
0000
0000
0000
0001
0100
0010
1000
,  // measure 19
0010
0000
0100
0010
0100
0010
0001
0000
0100
0000
0000
0000
1000
0000
1000
0000
,  // measure 20
1000
0000
1000
0000
0100
0000
0000
0000
0000
0000
0001
1000
0010
0000
0000
0000
,  // measure 21
0100
0001
1000
0010
,  // measure 22
0100
0000
1000
0010
0001
1000
0000
0000
0000
0000
0010
0000
0100
0000
0000
0000
,  // measure 23
0000
0000
0000
0000
1000
0100
0010
0000
0001
0000
0010
0100
0010
0000
0010
0001
,  // measure 24
1000
0000
0010
0000
0100
0000
1001
0100
,  // measure 25
1000
0000
0010
0000
0100
0000
0001
0000
0100
1000
0100
0000
0100
0010
0100
0000
,  // measure 26
0001
1000
0010
0001
0100
1000
0020
0000
,  // measure 27
0030
0000
0010
0100
1000
0000
0010
0000
0100
0001
0100
0000
1000
0000
0100
0000
,  // measure 28
0001
0000
0010
0000
0001
0000
0100
0000
1000
0000
0100
0000
0001
0010
0100
1000
,  // measure 29
0002
0000
0003
0000
0010
0000
1000
0100
,  // measure 30
1000
0000
0001
0000
1000
0100
0000
0000
1000
0000
0010
0000
0100
0000
1000
0000
,  // measure 31
0001
1000
0100
0001
1000
0100
0010
1000
,  // measure 32
0001
0010
0000
0000
0001
0100
1000
0000
0001
0000
0100
0000
1000
0000
0100
0000
,  // measure 33
0001
0010
0001
0010
0100
0000
0100
1000
0010
0000
0010
0100
0010
0000
2000
0000
,  // measure 34
0000
3000
0010
1000
0100
0011
0011
1000
,  // measure 35
0011
1000
0100
0011
0022
0000
0033
0000
,  // measure 36
1001
0000
0010
0000
0100
1000
0010
0100
0010
0000
0001
0000
0100
0000
0010
0000
,  // measure 37
1000
0000
0001
0010
1000
0100
0010
0000
0001
0000
0100
0000
1000
0000
0010
0100
,  // measure 38
0010
0000
0001
0000
1000
0000
0100
0001
0010
0001
0010
0100
1000
0000
0001
0000
,  // measure 39
1000
0000
0010
0000
0010
0000
0001
0000
0010
0100
2000
0000
0000
0000
3000
0000
,  // measure 40
0001
0000
0010
0000
1000
0100
0010
0001
1000
0000
0100
0000
1000
0000
0010
0001
,  // measure 41
0010
0000
0100
0000
0001
0000
0100
0000
1000
0000
0001
0000
1000
0100
0010
0100
,  // measure 42
0001
0010
0000
0000
0100
0000
1000
0001
1000
0100
0010
0000
0001
0000
1000
0000
,  // measure 43
0100
0000
0001
0000
0100
0010
0001
1000
0010
0000
0100
0000
1000
0000
0001
0000
,  // measure 44
0100
0010
1000
0100
0001
0000
0100
0000
0010
0000
1000
0100
1000
0100
0001
0000
,  // measure 45
0100
0000
0001
0000
0100
0000
1000
0100
0010
0000
1001
0000
0000
0000
0000
0000
,  // measure 46
1100
0000
1100
1010
0110
0101
0011
0000
,  // measure 47
0011
0000
0011
0101
0110
1010
1100
0000
,  // measure 48
1100
0000
0000
0000
1100
0000
1010
0000
0110
0000
0101
0000
0011
0000
0001
0010
,  // measure 49
0100
0000
1010
0000
0110
0000
1000
0100
0010
0000
1001
0000
1100
0000
0000
0000
,  // measure 50
1100
0000
1100
1010
0110
0101
0011
0000
,  // measure 51
0011
0000
0011
0101
0110
1010
1100
0000
,  // measure 52
1100
0000
0000
0000
1100
0000
1010
0000
0110
0000
0101
0000
0011
0000
0001
0010
,  // measure 53
0100
0000
1010
0000
0110
0000
1000
0100
0010
0000
1001
0000
1100
0000
0000
0000
,  // measure 54
1100
0000
1100
1010
0110
0101
0011
0000
,  // measure 55
0011
0000
0011
0101
0110
1100
0011
1100
,  // measure 56
0011
1100
0011
1100
0011
1100
0011
2200
,  // measure 57
0000
0000
0000
0000
0000
0000
0000
3300
,  // measure 58
0000
0000
0000
0000
,  // measure 59
0000
0000
0001
0100
0010
1000
1001
0100
,  // measure 60
0001
0100
1000
0001
1001
0100
1000
0100
,  // measure 61
0010
1000
1001
0100
0001
0100
1000
0010
,  // measure 62
1001
0010
1000
0100
0010
1000
1001
0010
,  // measure 63
1000
0100
1000
0001
1001
0010
1000
0100
,  // measure 64
0001
1000
1001
0010
1000
0100
1000
0001
,  // measure 65
1001
1000
0100
0001
0010
0001
1001
0100
,  // measure 66
1000
0010
0100
1000
1001
0001
0010
0100
,  // measure 67
0001
1000
1001
0010
0100
1000
0100
0001
,  // measure 68
1001
0100
0001
0100
1000
0010
1001
0100
,  // measure 69
0000
0010
1001
0100
0010
1001
0010
0100
,  // measure 70
1001
0100
0010
1001
0010
0100
1001
0000
,  // measure 71
1001
0100
0000
0100
1001
0010
0100
1001
,  // measure 72
0100
0010
1001
0010
0100
1001
0100
0010
,  // measure 73
1001
0000
1001
0000
1001
0100
0000
0100
,  // measure 74
1001
0010
0100
1001
0100
0010
1001
0010
,  // measure 75
0100
1001
0100
0010
1001
0000
1001
0100
,  // measure 76
0000
0100
1001
0010
0100
1001
0100
0010
,  // measure 77
1001
0010
0100
1001
0100
0010
1001
0000
,  // measure 78
1001
0000
1001
0100
0000
0100
1001
0100
,  // measure 79
0010
0001
1001
0001
0010
1000
1001
1000
,  // measure 80
0100
0010
1001
0010
0100
0001
1001
0001
,  // measure 81
0010
1000
1001
1000
0010
0100
1001
0100
,  // measure 82
1000
0010
1001
0010
0100
0001
1001
0001
,  // measure 83
1000
0100
1001
0010
1001
0100
1000
0010
,  // measure 84
1001
0010
1000
0001
1001
0001
0100
1000
,  // measure 85
1001
1000
0010
0001
1001
0001
0100
0010
,  // measure 86
1001
0010
1000
0001
1001
0001
1000
0100
,  // measure 87
1001
0010
1001
0100
1001
0010
1001
0100
,  // measure 88
1001
0010
0000
0100
1001
0010
1001
0100
,  // measure 89
1001
0010
1001
0100
1001
0110
1001
0110
,  // measure 90
0011
0000
0101
0000
0110
0000
1010
0000
1100
0000
1010
0000
0110
0000
1000
0100
,  // measure 91
0010
0001
1100
0000
0200
0000
0000
0000
0000
0000
0000
0000
0000
0000
0000
0000
,  // measure 92
0000
0300
0000
0000
;
