#TITLE:SLAM;
#SUBTITLE:;
#ARTIST:Novasonic;
#TITLETRANSLIT:;
#SUBTITLETRANSLIT:;
#ARTISTTRANSLIT:;
#CREDIT:;
#BANNER:slam.png;
#BACKGROUND:slam-bg.png;
#LYRICSPATH:;
#CDTITLE:!kilgaTitle.png;
#MUSIC:Slam.mp3;
#OFFSET:-1.538;
#SAMPLESTART:41.322;
#SAMPLELENGTH:18.410;
#SELECTABLE:YES;
#BPMS:0.000=131.990;
#STOPS:;
#BGCHANGES:;
// cache tags:
#FIRSTBEAT:0.000;
#LASTBEAT:208.000;
#SONGFILENAME:Songs/All Songs/Slam/Slam.sm;
#HASMUSIC:1;
#HASBANNER:1;
#MUSICLENGTH:98.299;
// end cache tags

//---------------dance-single - ----------------
#NOTES:
     dance-single:
     :
     Hard:
     12:
     1.000,1.000,1.000,0.234,0.788,524.000,207.000,23.000,0.000,0.000:  // measure 1
1002
0013
0000
0100
,  // measure 2
2001
3100
0000
0010
,  // measure 3
0120
0000
1030
0000
0000
0000
1000
0001
,  // measure 4
0110
0001
1000
0001
0110
0001
1000
0001
2100
0000
0000
3000
0012
0000
0000
0003
,  // measure 5
1000
0000
0110
0000
0001
0000
0110
0000
0001
0010
0100
1000
0101
0000
0100
1000
,  // measure 6
0101
0000
0011
0000
1000
0000
0011
0000
1000
0100
0010
0001
1010
0000
0010
0001
,  // measure 7
1010
0000
1100
0000
0010
0000
1100
0000
0010
1000
0001
0100
1010
0000
1000
0010
,  // measure 8
0101
0000
0001
0010
1001
0100
0010
0100
0011
1000
0001
1000
0110
0000
0000
0000
,  // measure 9
0010
0000
1001
0000
0100
0000
1001
0000
0010
0100
0010
0100
0011
0000
1000
0001
,  // measure 10
1100
0000
1001
0000
0010
0000
1001
0000
0100
0010
0001
0010
0101
0000
1000
0100
,  // measure 11
1010
0000
0110
0000
1000
0000
0110
0000
0001
1000
0100
0010
1001
0000
0100
0010
,  // measure 12
1001
0000
1000
0100
1001
0010
0100
0001
1100
0001
0010
0100
1001
0000
0000
0000
,  // measure 13
1000
0001
0100
0001
1100
0000
0001
1000
0110
1000
0001
0000
1001
0110
1001
0110
,  // measure 14
1000
0100
1000
0100
0001
0010
0001
0010
1001
1000
0100
0100
0010
0010
0001
0001
,  // measure 15
1000
0100
1000
0100
1000
0010
0100
0010
1000
0001
1100
0000
0110
0001
1100
0010
,  // measure 16
0101
0000
0001
0010
0101
1000
0100
0010
0001
0001
1000
1000
0220
0000
0330
0000
,  // measure 17
1001
0000
0000
1001
0110
0000
1100
0000
0101
0000
1001
0000
0011
0100
2010
0000
,  // measure 18
0001
0000
0001
3000
0011
0000
0100
0100
1100
0000
0100
0000
0011
0100
1000
0000
,  // measure 19
0001
0010
0001
0010
0001
0010
0001
0010
1000
0100
1000
0100
1000
0100
1000
0100
,  // measure 20
0001
0010
1000
0100
0001
0010
1000
0100
0001
0010
0100
1000
0110
0001
0010
0100
,  // measure 21
1001
0100
0001
0100
0001
0100
1000
0010
1001
0010
1000
0010
0100
0000
0000
0000
,  // measure 22
0110
0010
1010
0010
0110
0010
1010
0010
1001
1001
0110
0110
1001
0000
0010
0010
,  // measure 23
0110
0000
1010
0100
0011
0100
1010
0010
,  // measure 24
0200
0000
0010
0000
0010
0300
2002
0000
0000
3003
0110
0000
0010
0000
1100
0000
,  // measure 25
0011
0001
0011
0000
1100
0001
1100
2000
,  // measure 26
0001
3000
0110
0000
1001
0000
0000
0000
1001
0000
0010
0000
1000
0001
1000
0001
,  // measure 27
0110
0100
1001
0011
1010
0110
0101
1100
,  // measure 28
0011
0000
1010
0000
1001
0000
0110
0000
0110
0000
0110
1000
0011
0001
2100
0000
,  // measure 29
0001
3000
0101
0000
0001
0000
0000
0000
0101
0000
1000
0100
0011
0000
1010
0000
,  // measure 30
0011
0000
1100
0000
0101
0000
0000
0000
0110
0000
0001
0000
0101
0010
1010
0100
,  // measure 31
1001
0010
1001
0010
1001
0010
1001
0010
,  // measure 32
1001
0000
0100
0000
1001
0000
0100
0000
0010
0001
0100
1000
0010
0001
0100
1000
,  // measure 33
0011
0000
0100
0000
1001
0000
0010
0010
0110
0000
0000
0000
1000
0000
0120
0000
,  // measure 34
0000
0000
1030
0000
0011
0000
0000
0100
1100
0001
0010
0000
0100
0001
0010
0000
,  // measure 35
1100
0000
0010
0000
1001
0000
0001
0010
1100
0000
0000
0000
0001
0000
0210
0000
,  // measure 36
0000
0300
0011
0000
1100
0000
1000
0001
0011
1000
0100
0000
0010
1000
0100
0001
,  // measure 37
1010
0000
0001
0000
0110
0000
1000
1000
1001
0000
0000
0000
0010
0000
2001
0000
,  // measure 38
0000
0000
3010
0000
0101
0000
0010
0010
1010
0100
0001
0000
1000
0100
0001
0000
,  // measure 39
0101
0000
1000
0000
0110
0000
0001
0010
1001
0000
0000
0000
0100
0000
1002
0000
,  // measure 40
0000
0000
0103
0000
1010
0000
0100
0100
0101
0010
1000
0010
0001
0010
1000
0100
,  // measure 41
0011
0110
0011
0000
1100
0000
0101
1002
,  // measure 42
0100
0003
1010
0000
1001
0000
0001
0001
1001
0010
0100
0000
1001
0010
0100
1000
,  // measure 43
0011
0110
0011
0000
1100
0000
1010
2001
,  // measure 44
0010
3000
0101
0000
1001
0000
1010
1000
1001
0100
0010
0000
1001
0100
0010
0001
,  // measure 45
1010
1001
1010
0000
0101
0010
1100
0120
,  // measure 46
0100
0030
0011
0000
1010
0000
0100
0100
0110
0001
1000
0000
0110
0001
1000
0010
,  // measure 47
0101
1001
0101
0000
1010
0000
0011
0120
,  // measure 48
0001
0030
1100
0001
0110
0000
0000
0010
0110
1000
0001
1000
0110
1000
0011
0000
,  // measure 49
1001
0100
0010
0100
1001
0000
0001
0010
0101
0010
0001
0000
0110
0000
0010
0000
,  // measure 50
1001
0100
0010
0100
1001
0000
0100
0010
1001
0010
0100
1000
0110
0000
0110
0000
,  // measure 51
1001
0100
0010
0100
1001
0000
0100
0010
1001
0010
0100
0000
0110
0000
1000
0000
,  // measure 52
0011
0101
1100
1010
0011
0101
1100
1010
0022
0000
0000
0000
0000
0000
0000
0000
,  // measure 53
0033
0000
0000
0000
;
