#TITLE:X-TREME;
#SUBTITLE:;
#ARTIST:BANYA;
#TITLETRANSLIT:;
#SUBTITLETRANSLIT:;
#ARTISTTRANSLIT:;
#CREDIT:;
#BANNER:xtreme-bn.png;
#BACKGROUND:xtreme-bg.png;
#LYRICSPATH:;
#CDTITLE:!b00mbaTitle.png;
#MUSIC:xtreme - banya.mp3;
#OFFSET:-0.002;
#SAMPLESTART:11.850;
#SAMPLELENGTH:12.000;
#SELECTABLE:YES;
#BPMS:0.000=162.000;
#STOPS:;
#BGCHANGES:;
// cache tags:
#FIRSTBEAT:4.000;
#LASTBEAT:264.000;
#SONGFILENAME:Songs/All Songs/Boomba - X-TREME/xtreme.sm;
#HASMUSIC:1;
#HASBANNER:1;
#MUSICLENGTH:102.478;
// end cache tags

//---------------dance-single - ----------------
#NOTES:
     dance-single:
     :
     Hard:
     11:
     1.000,1.000,1.000,0.020,1.000,721.000,160.000,2.000,0.000,0.000:  // measure 1
0000
0000
0000
0000
,  // measure 2
1001
0000
1000
0100
0011
0000
1000
0100
1000
0001
0010
0000
1001
0000
1001
0100
,  // measure 3
0010
0000
0001
0000
1010
0000
1000
0001
0100
0010
1000
0000
0101
0000
0101
1000
,  // measure 4
0010
0000
0100
1000
0110
0000
1000
0001
1000
0100
0010
0000
1001
0000
1000
0100
,  // measure 5
0011
0000
1000
0000
1100
0000
0001
1000
0100
0010
0001
0100
1001
0000
1001
0100
,  // measure 6
0010
0000
0001
0100
1010
0000
0001
0100
0010
1000
0001
0000
0110
0000
1000
0100
,  // measure 7
0011
0000
0001
0000
1100
0000
0100
1000
0100
0010
0001
0000
1001
0000
1001
0100
,  // measure 8
0010
0000
0001
0100
1001
0000
0010
0100
1001
0010
0100
0000
0101
0000
0100
0010
,  // measure 9
0101
0000
0000
0000
0000
0000
0000
0000
1000
0100
0000
0100
1000
0100
0010
0100
,  // measure 10
1001
0000
1001
0000
0011
0000
0011
0000
1001
0000
0010
1100
0010
0100
1000
0100
,  // measure 11
0010
0001
1000
0001
1000
0001
0010
0100
1000
0100
0010
0001
1000
0100
1000
0010
,  // measure 12
1001
0000
1001
0000
1010
0000
0110
0000
0101
0000
0100
0011
0100
0001
0100
0010
,  // measure 13
0101
0000
0000
1000
,  // measure 14
1001
0100
0011
0000
0000
0000
1010
0100
1001
0000
0000
0000
1001
0010
0101
0000
,  // measure 15
0110
0001
1100
0000
0000
0000
1010
0001
1010
0000
0000
0000
0110
1000
0011
0000
,  // measure 16
0110
0001
0110
0000
0000
0000
1001
0010
0101
0000
0000
0000
1001
0100
1010
0000
,  // measure 17
1001
0100
0011
0000
0000
0000
1100
0001
0110
0000
0000
0000
2002
0000
3003
0000
,  // measure 18
0011
0100
1010
0000
0000
0000
0110
1000
0110
0000
0000
0000
0011
0100
1001
0000
,  // measure 19
1100
0001
1010
0000
0000
0000
1010
0100
0011
0000
0000
0000
0011
0100
1001
0000
,  // measure 20
1010
0100
0011
0000
0000
0000
0101
0010
1001
0000
0000
0000
0110
1000
0101
0000
,  // measure 21
0001
1000
0100
0010
1000
0001
1000
0100
0010
0001
1000
0100
1000
0100
1000
0100
,  // measure 22
0011
0000
1000
0100
0011
0000
1000
0001
0010
0100
1000
0000
1001
0000
0010
0100
,  // measure 23
0001
0000
1000
0000
1010
0000
0100
0001
0100
0010
1000
0000
1001
0000
1001
0100
,  // measure 24
0010
0000
0001
0100
1001
0000
0010
0100
1000
0001
1000
0000
1100
0000
0010
0100
,  // measure 25
0001
0000
0100
0000
0011
0000
0100
0001
0010
0001
0100
0010
0101
0000
1001
0000
,  // measure 26
1100
0000
0010
0100
1001
0000
1000
0001
0010
0100
1000
0000
1001
0000
0100
0010
,  // measure 27
0100
0000
0001
0000
0011
0000
0100
0001
0100
0010
1000
0001
1100
0000
1100
0000
,  // measure 28
0011
0000
1000
0100
0011
0000
1000
0100
1000
0001
0010
0100
1001
0000
1000
0010
,  // measure 29
0101
0000
0000
0000
0000
0000
0000
0000
1000
0100
0000
0100
1000
0100
1000
0100
,  // measure 30
1001
0000
0100
0010
1001
0000
0010
0001
0100
0010
1000
0001
0110
0000
0100
0001
,  // measure 31
0100
0010
1000
0001
1100
0000
1000
0100
0000
0010
0001
0000
1001
0100
0010
0001
,  // measure 32
1000
0000
0100
0010
1001
0000
1000
0010
0100
0001
0010
0000
1100
0000
0100
1000
,  // measure 33
0001
0000
0010
0000
1100
0000
1000
0100
0010
0001
1000
0100
1001
0000
1001
0100
,  // measure 34
0010
0000
0001
0010
1100
0000
0010
0100
0001
0010
0100
0000
1010
0000
0100
0001
,  // measure 35
0010
0000
0100
0000
0011
0000
1000
0100
0010
0001
1000
0000
1100
0000
1100
0001
,  // measure 36
0010
0000
0001
1000
0110
0000
0001
0010
0100
1000
0001
0000
0110
0000
1000
0010
,  // measure 37
0101
0000
0000
0000
0000
0000
0000
0000
1000
0100
0000
0100
1000
0100
1000
0100
,  // measure 38
1001
0000
1100
0000
0110
0000
0110
0000
0011
0000
1000
0011
0100
1000
0001
1000
,  // measure 39
0100
0010
0001
1000
0100
1000
0010
1000
0001
0100
0010
1000
0001
0100
0010
1000
,  // measure 40
0011
0000
0011
0000
1100
0000
1100
0000
1010
0000
1000
0011
0100
0010
0100
1000
,  // measure 41
0101
0000
0000
0000
,  // measure 42
0000
0000
0000
0000
0000
0000
0000
0000
1000
0010
0100
0000
0000
0000
1000
0010
,  // measure 43
1000
0000
0000
0000
0001
0100
0001
0100
0010
0001
0010
0000
0000
0000
0100
1000
,  // measure 44
0100
0000
0000
0000
1000
0100
0010
0001
1000
0001
1000
0000
0000
0000
0100
1000
,  // measure 45
0100
0000
0000
0000
0010
1000
0001
0010
1000
0001
1000
0000
0000
0000
0001
0100
,  // measure 46
0001
0000
0000
0000
0100
0010
0001
0010
1000
0001
1000
0000
0010
0000
0001
0010
,  // measure 47
0001
0000
1000
0000
0100
0000
0010
0000
0001
1000
0001
0000
1000
0000
0100
1000
,  // measure 48
0010
0000
0100
0000
0001
0100
0010
0000
0001
0100
0001
0000
0010
0000
0001
0010
,  // measure 49
0100
0000
1000
0000
0100
0000
1000
0000
0010
0100
0001
0000
1000
0000
0010
1000
,  // measure 50
0001
0000
0000
0000
,  // measure 51
1001
0100
0010
0000
0100
0000
0011
0100
0001
0000
0010
0000
1001
0100
0001
0000
,  // measure 52
0011
0100
1000
0000
0010
0000
0101
1000
0100
0000
0010
0000
1001
0100
0010
0000
,  // measure 53
1001
0100
1000
0000
0001
0000
1001
0100
0010
0000
0001
0000
1100
0001
1000
0000
,  // measure 54
1100
0001
1000
0000
0010
0000
1010
0001
0110
0000
0110
0000
0110
0000
0101
0000
,  // measure 55
0110
0001
1000
0000
0100
0000
1001
0100
0010
0000
0001
0000
1100
0001
0010
0000
,  // measure 56
1001
0010
0100
0000
0001
0000
0110
0001
1000
0000
0100
0000
0011
0100
1000
0000
,  // measure 57
1100
0001
0010
0000
0100
0000
1010
0001
0100
0000
0010
0000
1001
0100
0010
0000
,  // measure 58
1001
0100
1000
0001
0010
0100
1000
0000
1000
0100
0000
0100
1000
0100
1000
0100
,  // measure 59
1001
0100
0010
0001
1000
0100
1000
0010
0100
0001
0010
0100
1000
0010
0100
0001
,  // measure 60
0010
0001
0100
0010
1000
0100
0010
0001
1000
0100
0010
0001
1000
0001
0010
0100
,  // measure 61
1000
0010
0100
0001
0010
0001
0100
0010
1000
0001
0100
0010
1000
0100
0010
0001
,  // measure 62
1000
0100
0010
0001
1000
0001
1000
0010
1000
0100
1000
0001
0010
0100
1000
0010
,  // measure 63
0100
0001
0010
0001
0100
0010
1000
0001
0100
0010
1000
0001
0100
0010
1000
0100
,  // measure 64
0010
0001
1000
0100
1000
0001
0010
0100
1000
0001
1000
0100
0010
0001
1000
0001
,  // measure 65
0100
0001
0010
0001
1000
0001
0100
0001
0010
0001
1000
0010
1000
0001
0100
0010
,  // measure 66
1001
0000
0100
0000
1001
0000
1010
0000
1010
0100
0000
0100
0010
1000
0001
0100
,  // measure 67
1010
0000
0000
0000
;
