#TITLE:DANCING ALL ALONE;
#SUBTITLE:(Kimono Grandale Mix);
#ARTIST:SMILE.dk;
#TITLETRANSLIT:;
#SUBTITLETRANSLIT:;
#ARTISTTRANSLIT:;
#CREDIT:;
#BANNER:kimono-bn.png;
#BACKGROUND:Kimono-bg.png;
#LYRICSPATH:;
#CDTITLE:!reachTitle.png;
#MUSIC:dancing all alone (kimono grandale mix).mp3;
#OFFSET:0.035;
#SAMPLESTART:57.340;
#SAMPLELENGTH:12.000;
#SELECTABLE:YES;
#DISPLAYBPM:170.000;
#BPMS:0.000=170.000;
#STOPS:368.000=1.040
;
#BGCHANGES:;
// cache tags:
#FIRSTBEAT:3.000;
#LASTBEAT:324.000;
#SONGFILENAME:Songs/All Songs/Reach - Dancing All Alone/dancing all alone (kimono grandale mix).sm;
#HASMUSIC:1;
#HASBANNER:1;
#MUSICLENGTH:124.786;
// end cache tags

//---------------dance-single - ----------------
#NOTES:
     dance-single:
     :
     Hard:
     11:
     1.000,1.000,1.000,0.545,0.801,772.000,205.000,68.000,0.000,0.000:  // measure 1
0000
0000
0000
2001
,  // measure 2
0000
0000
0000
0000
,  // measure 3
0000
0000
0000
0000
,  // measure 4
0000
0000
0000
0000
0000
0000
0000
0000
0000
0000
0000
0000
3100
0010
0001
0010
,  // measure 5
0100
0000
0000
0000
1200
0300
0000
0000
0000
0000
0000
0000
0010
0000
1100
0000
,  // measure 6
0010
1001
0010
1001
0010
1100
0010
1100
,  // measure 7
1001
0110
1001
0100
1000
0100
1000
0101
,  // measure 8
1000
0110
1000
0011
1000
0011
1000
0110
,  // measure 9
1000
0000
0110
0000
1000
0000
0022
0033
0022
0033
0000
0000
1000
0000
0100
0000
,  // measure 10
1000
0010
1100
0010
0100
0010
1001
0010
,  // measure 11
0001
0010
1100
0010
0100
0010
1001
0100
,  // measure 12
0010
0000
0100
0000
1010
0000
0100
0000
0010
0000
0001
0000
1001
0010
0100
0000
,  // measure 13
1100
0010
0001
0000
0101
0010
1000
0000
1010
0100
0001
0000
1100
0000
0010
0000
,  // measure 14
0001
0010
0100
0000
1001
0000
0100
1001
0000
0010
1001
0000
0100
0000
0010
0000
,  // measure 15
1000
0001
1000
0000
1100
0000
0010
0101
0000
0010
1100
0000
0001
0000
0100
0000
,  // measure 16
0010
0100
0010
0000
1100
0000
0001
1100
0000
0001
1010
0000
0100
0010
1000
0010
,  // measure 17
0100
0001
0010
0000
1100
0000
0001
0110
0000
1000
0110
0000
1002
0000
0103
0000
,  // measure 18
1000
0001
1000
0000
0011
0000
0100
0011
0000
0010
1100
0000
0100
0000
0010
0000
,  // measure 19
1000
0100
0010
0000
1001
0000
1000
0100
0010
0100
1000
0000
1100
0000
0110
0000
,  // measure 20
0011
0000
0110
0000
1001
0000
0110
0000
1100
0000
0110
0000
0100
1000
0100
0001
,  // measure 21
0010
0001
1000
0010
1000
0001
0100
0001
0010
0100
1000
0010
0101
0000
1000
0000
,  // measure 22
0200
0010
1000
0310
1000
0010
2001
0000
,  // measure 23
3001
0000
0020
0000
0030
0000
1000
0100
0010
0001
0010
0000
0100
0000
1010
0000
,  // measure 24
0100
0000
0011
0000
0100
0000
1001
0000
0100
0000
0000
0000
0010
0100
1001
0000
,  // measure 25
0100
0010
1001
0000
1000
0100
0011
0000
0100
0010
0101
0000
1001
0000
0200
0300
,  // measure 26
2000
3000
0200
0300
0020
0030
0002
0003
0200
0300
0020
0030
2002
0000
3003
0000
,  // measure 27
0010
0000
1001
0000
0000
0000
0010
1000
0010
0100
0001
0000
2000
0000
0010
0000
,  // measure 28
0100
0000
0001
0000
0010
0000
0001
0000
0100
0000
0010
3000
1000
0000
2200
3300
,  // measure 29
0010
0000
0202
0303
0010
0000
2200
3300
0001
0000
2002
3003
0100
0000
1100
0000
,  // measure 30
0110
0011
0110
1001
0110
0011
0210
0000
,  // measure 31
0310
0000
0001
0000
0000
0000
1000
0010
1000
0001
0010
0000
2100
0000
0000
0000
,  // measure 32
0000
0200
0000
0000
,  // measure 33
3300
0000
0000
0000
0000
0000
1100
0000
1100
0000
1100
0000
1001
0000
0010
0100
,  // measure 34
0010
0000
0100
0000
1010
0000
0100
0010
0100
0000
0001
0000
1100
0000
0001
1000
,  // measure 35
0001
0000
1000
0000
0220
0330
0022
0033
0220
0330
2200
3300
2002
3003
0000
0000
,  // measure 36
1000
0100
0010
1000
0020
0000
0130
1000
0100
0000
0010
0000
0001
0100
0010
1000
,  // measure 37
0010
0100
0010
0000
0100
0010
1000
0000
0001
1000
0001
0000
0200
0300
2000
3000
,  // measure 38
0200
0300
0020
0030
0002
0003
0020
0030
0200
0300
2000
3000
0020
0030
0100
0000
,  // measure 39
1010
0100
0101
1100
1100
1100
0010
1100
,  // measure 40
0010
0000
0101
0000
0010
0000
1001
0000
0010
0000
0010
0000
0100
1000
0010
0100
,  // measure 41
1000
0100
0010
0000
0000
0000
2002
3003
2002
3003
0000
0000
1001
0000
0100
0010
,  // measure 42
0100
0000
1100
0000
1100
0000
0010
0001
0010
0000
0101
0000
0101
0000
0010
1000
,  // measure 43
0010
0000
1001
0000
1001
0000
1000
0010
0001
0100
1000
0100
1001
0000
1001
0000
,  // measure 44
0011
0000
0011
0000
0110
0000
1001
0000
1010
0000
0110
0000
0001
0010
0001
0100
,  // measure 45
0010
0100
0001
0100
0001
0000
0001
1000
0010
0100
1000
0100
0011
0000
0100
0000
,  // measure 46
1010
1000
1001
1000
1010
1000
1200
0000
,  // measure 47
1300
0000
1001
0000
0000
0000
0100
1000
0100
0010
0001
0010
1001
0000
1001
0000
,  // measure 48
0110
0000
0110
0000
1010
0000
1010
0000
0110
0000
0110
0000
1001
0010
0100
0000
,  // measure 49
0001
0010
0000
0001
0100
0000
1000
0100
0000
0001
0100
0010
1001
0000
0100
0010
,  // measure 50
0100
0000
1000
0001
1000
0000
0010
0100
0010
0000
1001
0000
0110
0000
0000
0000
,  // measure 51
0110
0000
1001
0000
0000
0000
0100
0010
1000
0010
0100
0010
0001
0000
0100
0000
,  // measure 52
1010
0000
0100
0000
0011
0000
0100
0000
1010
0000
0100
0000
0001
0010
0100
1000
,  // measure 53
0100
0010
0001
1000
0100
0000
0010
0100
0010
0100
0010
0100
0010
0000
0001
1000
,  // measure 54
0001
0000
0001
0100
0001
0000
0001
0010
0001
0000
0110
0000
1001
0000
0000
0000
,  // measure 55
2002
3003
0220
0330
0000
0000
0100
1000
0100
1000
0100
0010
0001
0000
1100
0000
,  // measure 56
0010
0100
0010
0000
1001
0000
0100
0010
0100
0000
0011
0000
1000
0100
1000
0000
,  // measure 57
0110
0000
0001
0010
0001
0000
2200
3300
2200
3300
0000
0000
0001
0100
1000
0100
,  // measure 58
1000
0100
1000
0001
0100
0010
1000
0001
0100
0010
0100
1000
0001
0100
0010
0100
,  // measure 59
0010
1000
0010
0100
0010
0001
1100
0000
1100
0000
1100
0000
1100
0000
0001
0100
,  // measure 60
0001
0010
0001
1000
0001
0100
0001
0010
0100
1000
0010
0100
0001
0010
0100
1000
,  // measure 61
0100
0010
1000
0000
0100
0000
1010
0000
0100
0000
1001
0000
0100
0010
0100
0001
,  // measure 62
0100
0010
1000
0010
0100
0010
0100
0001
0100
0010
1000
0010
0100
0001
0100
0010
,  // measure 63
0100
0010
0001
0000
1100
0000
1100
0000
1100
0000
1001
0000
1200
0000
0310
0000
,  // measure 64
0101
0020
0130
1100
0010
0101
0101
0101
,  // measure 65
1001
0000
0000
0000
0000
0000
1100
0000
0000
0000
0000
0000
0000
0000
0000
0000
0000
0000
1000
0000
0100
0000
0000
0000
0001
0000
0010
0000
0000
0000
0000
0000
0000
0000
0000
0000
1100
0000
0000
0000
0000
0000
0010
0000
0000
0100
0000
0000
,  // measure 66
0010
0000
0001
0000
1100
0000
0010
0100
0010
0000
0001
0000
1100
0000
0001
1000
,  // measure 67
0001
0000
0100
0000
1001
0000
0010
1000
0010
0100
0001
0000
1100
0000
0010
0100
,  // measure 68
0010
0000
1001
0000
0100
0010
0100
0000
0011
0000
0100
1000
0100
0000
0110
0000
,  // measure 69
1000
0001
1000
0000
1001
0000
0001
0010
0100
1000
0010
0100
0001
0000
1000
0100
,  // measure 70
1000
0000
0110
0000
0110
0000
0001
1000
0001
0000
0011
0000
0101
0000
0010
1000
,  // measure 71
0010
0000
1001
0000
0110
0000
0001
0010
0001
1000
0100
1000
0110
0000
1010
0000
,  // measure 72
1001
0000
0101
0000
1100
0000
1001
0000
0011
0000
1100
0000
0110
1000
0100
0010
,  // measure 73
1000
0010
0001
0010
1000
0010
0100
1000
0001
0100
0010
0001
1000
0100
1000
0000
,  // measure 74
1000
0010
1000
0000
1000
0001
1000
0000
1000
0100
0010
0100
1001
0000
0000
0000
,  // measure 75
1000
0000
0100
0000
0000
0000
0100
0000
0010
0000
0000
0000
0000
0000
0000
0000
0000
0000
0001
0000
0000
0100
0000
0000
0010
0000
0000
0001
0000
0000
0100
0000
0000
1000
0000
0000
0010
0000
0000
0000
0000
0000
1100
0000
0000
0000
0000
0000
,  // measure 76
0010
0100
0010
0000
0011
0000
0001
1000
0001
0000
1100
0000
1000
0001
1000
0000
,  // measure 77
0110
0000
0010
0100
0010
0000
0110
0000
0110
0000
0110
0000
1100
0000
0001
0010
,  // measure 78
0001
0000
0001
0100
0001
0000
0001
1000
0001
0000
0001
0010
0100
0010
1001
0000
,  // measure 79
0110
0000
1001
0000
0000
0000
0100
1000
0010
0001
0100
1000
0100
0000
1000
0010
,  // measure 80
1000
0100
1000
0001
0010
0100
1000
0010
0100
0001
0100
0010
1100
0010
0100
0010
,  // measure 81
0001
0010
0100
0010
0001
1100
0001
0010
1001
0000
0000
0000
2002
0000
0000
0000
,  // measure 82
3003
0000
0000
0000
;
