#TITLE:M;
#SUBTITLE:;
#ARTIST:Unknown;
#TITLETRANSLIT:;
#SUBTITLETRANSLIT:;
#ARTISTTRANSLIT:;
#CREDIT:;
#BANNER:M.png;
#BACKGROUND:M-bg.png;
#LYRICSPATH:;
#CDTITLE:!ensytherTitle.png;
#MUSIC:M.mp3;
#OFFSET:-0.055;
#SAMPLESTART:77.500;
#SAMPLELENGTH:12.000;
#SELECTABLE:YES;
#BPMS:0.000=180.000,184.500=178.000,200.500=178.400,216.500=180.000;
#STOPS:57.000=2.000
,111.000=0.715
;
#BGCHANGES:;
// cache tags:
#FIRSTBEAT:4.000;
#LASTBEAT:313.000;
#SONGFILENAME:Songs/All Songs/M/m.sm;
#HASMUSIC:1;
#HASBANNER:1;
#MUSICLENGTH:108.759;
// end cache tags

//---------------dance-single - ----------------
#NOTES:
     dance-single:
     :
     Hard:
     10:
     1.000,1.000,1.000,0.009,1.000,752.000,242.000,1.000,0.000,0.000:  // measure 1
0000
0000
0000
0000
,  // measure 2
1000
0100
1000
0100
1000
0100
1000
0100
1000
0001
1000
0001
1000
0001
1000
0001
,  // measure 3
1000
0010
1000
0010
1000
0010
1000
0010
1000
0001
1000
0000
1001
0000
1001
0000
,  // measure 4
0001
0100
0001
0100
0001
0100
0001
0100
0001
1000
0001
1000
0001
1000
0001
1000
,  // measure 5
0001
0010
0001
0010
0001
0010
0001
0010
0001
1000
0001
0000
1001
0000
1001
0000
,  // measure 6
1000
0001
1000
0001
1000
0001
1000
0001
1000
0010
1000
0010
1000
0010
1000
0010
,  // measure 7
0100
0001
0100
0001
0100
0001
0100
0001
1000
0001
1000
0000
1001
0000
1001
0000
,  // measure 8
1000
0100
0010
0001
1000
0100
0010
0001
1000
0100
0010
0000
0011
0000
0011
0000
,  // measure 9
0001
0100
0010
1000
0001
0100
0010
1000
0001
0100
0010
0000
1010
0000
1010
0000
,  // measure 10
1001
1001
0101
0101
1010
1010
1001
1001
,  // measure 11
1100
1100
0110
0110
1100
1100
1001
1001
,  // measure 12
0101
0101
1010
1010
1100
1100
0011
0011
,  // measure 13
1001
1001
1010
1010
0110
0110
0101
0101
,  // measure 14
0101
1010
0101
1010
0101
1010
0101
1010
,  // measure 15
0110
0000
0000
0000
1001
0000
0000
0000
1000
0100
0010
0001
0010
0100
1000
0100
,  // measure 16
0010
0001
0010
0100
1000
0100
0010
0001
0010
0100
1000
0100
0010
0001
0010
0100
,  // measure 17
1000
0100
0010
0000
0011
0000
0011
0000
0001
0100
0010
1000
0010
0100
0001
0100
,  // measure 18
0010
1000
0010
0100
0001
0100
0010
1000
0010
0100
0001
0100
0010
1000
0010
0100
,  // measure 19
0001
0100
0010
0000
1010
0000
1010
0000
0001
1000
0001
1000
0001
1000
0001
1000
,  // measure 20
0010
0100
0010
0100
0010
0100
0010
0100
0001
1000
0001
1000
0001
1000
0001
1000
,  // measure 21
0001
1000
0001
0000
1001
0000
1001
0000
1000
0100
0010
0001
1000
0100
0010
0001
,  // measure 22
1000
0100
0010
0000
0011
0000
0011
0000
0001
0100
0010
1000
0001
0100
0010
1000
,  // measure 23
0001
0100
0010
0000
1010
0000
1010
0000
1100
0000
1100
0000
0101
0000
0101
0000
,  // measure 24
1001
1001
0110
0110
1010
1010
0011
0011
,  // measure 25
0101
0101
1100
1100
1001
1001
0101
0101
,  // measure 26
0011
0011
1001
1001
0110
0110
1010
1010
,  // measure 27
0101
0101
1100
1100
1001
0011
1001
0011
,  // measure 28
1001
0011
1001
0011
1001
0000
0110
0000
,  // measure 29
1000
0010
0100
0001
0010
0100
1000
0010
0100
0001
0010
0100
1000
0010
0100
0001
,  // measure 30
0010
0100
1000
0010
0100
0001
0010
0100
1000
0010
0100
0000
0110
0000
0110
0000
,  // measure 31
1000
0010
1000
0010
1000
0010
1000
0010
1000
0001
1000
0001
1000
0001
1000
0001
,  // measure 32
0010
0001
0010
0001
0010
0001
0010
0001
1000
0001
1000
0000
1001
0000
1001
0000
,  // measure 33
1000
0100
1000
0100
1000
0100
1000
0100
1000
0010
1000
0010
1000
0010
1000
0010
,  // measure 34
1000
0001
1000
0001
1000
0001
1000
0001
0010
0001
0010
0001
0010
0001
0010
0001
,  // measure 35
0101
1010
0000
1001
,  // measure 36
1000
0010
1000
0010
1000
0000
0000
0000
0000
0000
1100
0000
1001
0000
0101
0000
,  // measure 37
1001
0000
0110
0000
0000
1010
0110
0101
,  // measure 38
1001
0000
1100
0000
0000
1001
0011
1001
,  // measure 39
1100
0010
0001
0010
0001
0010
0001
0100
,  // measure 40
0101
1000
0010
1000
0010
1000
0010
0100
,  // measure 41
0110
0010
1000
0001
0010
0100
1000
0001
,  // measure 42
1001
0001
1000
0001
1000
0001
0100
0010
,  // measure 43
1010
0000
0101
0000
,  // measure 44
1000
0001
1000
0001
1000
0000
0000
0000
0000
0000
0000
0000
0000
0000
0000
0000
,  // measure 45
0011
0000
1100
0000
,  // measure 46
0001
1000
0001
1000
0001
0000
0000
0000
0000
0000
0000
0000
0000
0000
0000
0000
,  // measure 47
1100
0000
0000
0000
0000
0000
0000
0000
0100
1000
0001
0010
0100
1000
0001
0010
,  // measure 48
0100
1000
0001
0010
0100
1000
0001
0010
0001
1000
0010
0100
0001
1000
0010
0100
,  // measure 49
0001
1000
0010
0100
0001
1000
0010
0100
0001
0100
0001
0100
0001
0100
0001
0100
,  // measure 50
0001
0100
0010
0100
0010
0100
0010
0100
1000
0100
1000
0100
1000
0100
1000
0100
,  // measure 51
1000
0000
0000
0000
1001
0000
0000
0000
0000
0000
0010
0100
1000
0100
0010
0001
,  // measure 52
1000
0100
0010
0001
1000
0100
0010
0001
0001
0100
0010
1000
0001
0100
0010
1000
,  // measure 53
0001
0100
0010
1000
0001
0100
0010
1000
0010
0100
0001
1000
0010
0100
0001
1000
,  // measure 54
0010
0100
0001
1000
0010
0100
0001
1000
0010
0100
0001
1000
0010
0100
0001
0000
,  // measure 55
1001
0000
0101
0000
,  // measure 56
1001
0000
1100
0000
,  // measure 57
1001
0011
0011
0011
0011
0011
1001
1001
,  // measure 58
0101
1010
1010
1010
1010
1010
0110
0110
,  // measure 59
0101
1001
1001
1001
1001
1001
1010
1010
,  // measure 60
1100
0011
0011
0011
0011
0011
1001
1001
,  // measure 61
1001
1001
1001
1001
0000
0011
0011
0011
,  // measure 62
0000
1010
1010
1010
0000
0101
0101
0101
,  // measure 63
0110
1010
1010
1010
1010
1010
1001
1001
,  // measure 64
0101
0011
0011
0011
0011
0011
1001
1001
,  // measure 65
0110
0101
0101
0101
0101
0101
1100
1100
,  // measure 66
1001
0011
0011
0011
0011
0011
1001
1001
,  // measure 67
1001
1100
0101
1100
0000
1010
0011
1010
,  // measure 68
0000
1100
1010
1100
0000
0011
0101
0011
,  // measure 69
0110
0000
0000
0000
0000
0000
0000
0000
0000
0000
0000
0000
0110
0000
0000
0010
,  // measure 70
1000
1010
1010
1010
,  // measure 71
1001
0000
0000
0000
0000
0000
0000
0000
0000
0000
0000
0000
1001
0000
0000
0001
,  // measure 72
0100
0101
0101
0101
,  // measure 73
1000
0010
1000
0000
0101
0000
0000
0000
0010
0001
0010
0000
1100
0000
0000
0000
,  // measure 74
1000
0100
1000
0000
0101
0000
0000
0000
0001
0100
0001
0000
1100
0000
0000
0000
,  // measure 75
1000
0100
0010
0001
1000
0100
0010
0001
1000
0100
0010
0001
1000
0100
0010
0001
,  // measure 76
0010
0100
1000
0001
0010
0100
1000
0001
0010
0100
1000
0001
0010
0100
1000
0001
,  // measure 77
0010
0100
1000
0010
0100
0001
0010
0100
1000
0010
0100
0001
0010
0100
1000
0010
,  // measure 78
0200
0000
0000
0000
,  // measure 79
0000
0300
0000
0000
;
