#TITLE:HEALING VISION;
#SUBTITLE:(ANGELIC MIX);
#ARTIST:2MB;
#TITLETRANSLIT:;
#SUBTITLETRANSLIT:;
#ARTISTTRANSLIT:;
#CREDIT:;
#BANNER:healingvisionangelicmix.png;
#BACKGROUND:healingvisionangelicmix-bg.png;
#LYRICSPATH:;
#CDTITLE:;
#MUSIC:healingvisionangelicmix.mp3;
#OFFSET:-1.259;
#SAMPLESTART:74.720;
#SAMPLELENGTH:12.000;
#SELECTABLE:YES;
#BPMS:0.000=49.000,4.000=196.000,291.000=49.000;
#STOPS:226.000=0.306
;
#BGCHANGES:;
// cache tags:
#FIRSTBEAT:4.000;
#LASTBEAT:291.250;
#SONGFILENAME:Songs/All Songs/Healing Vision Am/healingvisionangelicmix.sm;
#HASMUSIC:1;
#HASBANNER:1;
#MUSICLENGTH:100.427;
// end cache tags

//---------------dance-single - ----------------
#NOTES:
     dance-single:
     :
     Easy:
     5:
     0.403,0.363,0.100,0.000,0.005,273.000,10.000,0.000,0.000,0.000:  // measure 1
0000
0000
0000
0000
,  // measure 2
0011
1000
1000
1000
,  // measure 3
1000
0100
0001
0010
,  // measure 4
0010
1000
0001
1000
,  // measure 5
0010
0001
1000
0001
,  // measure 6
1010
0001
0001
0001
,  // measure 7
0001
0100
1000
0010
,  // measure 8
0010
0001
1000
0001
,  // measure 9
0010
1000
0001
1000
,  // measure 10
0001
0100
1000
0100
,  // measure 11
0001
0100
1000
0010
,  // measure 12
0001
0100
1000
0100
,  // measure 13
0001
0100
1000
0010
,  // measure 14
0010
0001
0010
1000
,  // measure 15
0010
0001
0010
1000
,  // measure 16
0010
0001
0100
0100
,  // measure 17
0010
1000
0100
0100
,  // measure 18
1000
0001
0001
1000
,  // measure 19
0010
1000
0001
1000
,  // measure 20
0001
1000
1000
0001
,  // measure 21
0010
0001
1000
0001
,  // measure 22
0010
0000
0000
0010
0000
0000
0000
0000
,  // measure 23
0010
0000
0000
1001
0000
0000
0000
0000
,  // measure 24
1001
0000
0000
0110
0000
0000
0000
0000
,  // measure 25
0010
0001
0100
1000
,  // measure 26
0010
0010
0010
0010
,  // measure 27
0001
0001
1000
0001
,  // measure 28
0001
0010
0001
0100
,  // measure 29
0010
0001
0001
0100
,  // measure 30
0100
0100
0100
0100
,  // measure 31
1000
1000
0001
1000
,  // measure 32
1000
0100
1000
0010
,  // measure 33
0100
1000
1000
0000
,  // measure 34
0010
0010
0010
0010
,  // measure 35
1000
1000
0001
1000
,  // measure 36
1000
0010
1000
0100
,  // measure 37
0010
1000
1000
0100
,  // measure 38
0100
0100
0100
0100
,  // measure 39
0001
0001
1000
0001
,  // measure 40
0001
0100
0001
0010
,  // measure 41
0100
0001
0001
0010
,  // measure 42
0010
1001
0100
0001
,  // measure 43
0010
1000
0100
0001
,  // measure 44
0001
1000
0100
0001
,  // measure 45
0010
1000
0100
0001
,  // measure 46
0010
1001
0100
1000
,  // measure 47
0010
0001
0100
1000
,  // measure 48
1000
0001
0100
1000
,  // measure 49
1001
0000
1001
0000
1000
0001
1000
0001
,  // measure 50
1000
0000
0000
0000
,  // measure 51
0000
0000
0000
0000
,  // measure 52
0000
0000
0000
0000
,  // measure 53
0000
0000
0000
0000
,  // measure 54
0001
0001
0100
0001
,  // measure 55
0010
0001
0100
1000
,  // measure 56
1000
1000
0100
1000
,  // measure 57
1000
0000
0100
0000
0001
0000
0001
0100
,  // measure 58
1000
0100
0001
0100
,  // measure 59
1000
0000
0100
0000
0001
0000
0001
0100
,  // measure 60
1000
0100
0001
0010
,  // measure 61
1000
0000
0100
0000
0001
0000
1000
0100
,  // measure 62
0001
0100
1000
0100
,  // measure 63
0001
0000
0100
0000
1000
0000
1000
0100
,  // measure 64
0001
0100
1000
0100
,  // measure 65
0001
0100
1000
1001
,  // measure 66
0001
0010
1000
0010
,  // measure 67
0001
0100
0100
0010
,  // measure 68
1000
0010
0001
0010
,  // measure 69
1000
0100
0100
1000
,  // measure 70
0100
0001
0100
1000
,  // measure 71
0100
0001
0001
1000
,  // measure 72
0001
0010
1000
0100
,  // measure 73
1000
0000
0000
0000
0100
0000
0000
0000
0100
0000
0000
0000
0001
0001
0000
0000
;

//---------------dance-single - ----------------
#NOTES:
     dance-single:
     :
     Medium:
     8:
     0.595,0.544,0.408,0.000,0.005,377.000,41.000,0.000,0.000,0.000:  // measure 1
0000
0000
0000
0000
,  // measure 2
0011
0000
1000
0001
1000
0000
1000
0000
,  // measure 3
1000
0101
0001
0010
,  // measure 4
0010
0000
1000
0001
0100
0000
1000
0000
,  // measure 5
0010
0101
1000
0001
,  // measure 6
1010
0000
0001
1000
0001
0000
0001
0000
,  // measure 7
0001
1100
1000
0010
,  // measure 8
0010
0000
0001
1000
0100
0000
0001
0000
,  // measure 9
0010
1100
0001
1000
,  // measure 10
1000
0001
0100
0010
1000
0000
0100
0010
,  // measure 11
0001
0000
0100
0001
1000
0000
0010
0001
,  // measure 12
1000
0000
0100
1000
0001
0000
0100
0001
,  // measure 13
0010
0001
1100
0101
,  // measure 14
1000
0001
0100
0010
1000
0000
0100
1000
,  // measure 15
0001
0000
0100
0010
1000
0000
0100
1000
,  // measure 16
0001
0000
0100
0001
1000
0000
0100
0001
,  // measure 17
0010
0000
0100
1000
0010
0000
0100
0000
,  // measure 18
0001
0100
0001
1000
0010
0000
0100
0010
,  // measure 19
0001
0000
0100
0010
0100
0000
0010
1000
,  // measure 20
0001
0000
0100
0010
1000
0000
0100
0010
,  // measure 21
0001
0100
1100
0101
,  // measure 22
1000
0100
0001
0100
0000
0000
0000
0000
,  // measure 23
0001
0100
1000
0100
0000
0000
0000
0000
,  // measure 24
0001
1000
0001
0100
0000
0000
0000
0000
,  // measure 25
1000
0001
1000
0100
1000
0010
0100
0000
,  // measure 26
0010
0010
1010
0010
,  // measure 27
0001
1000
0001
0000
0010
1000
0001
0000
,  // measure 28
0001
0110
1001
0100
,  // measure 29
0010
0000
0001
0000
0001
1000
0100
0000
,  // measure 30
0010
0010
0011
0010
,  // measure 31
1000
0001
1000
0000
0010
0001
1000
0000
,  // measure 32
1000
0110
1001
0100
,  // measure 33
0010
0000
1000
0000
1000
0001
0100
0000
,  // measure 34
0010
0010
0011
0010
,  // measure 35
1000
0001
1000
0000
0010
0001
1000
0000
,  // measure 36
1000
0110
1001
0100
,  // measure 37
0010
0000
1000
0000
1000
0001
0100
0000
,  // measure 38
0010
0010
1010
0010
,  // measure 39
0001
1000
0001
0000
0010
1000
0001
0000
,  // measure 40
0001
0110
1001
0110
,  // measure 41
0011
0101
1100
1010
,  // measure 42
0010
0000
1000
0100
0010
0000
0001
0100
,  // measure 43
0010
0000
1000
0001
0100
0000
0001
0000
,  // measure 44
1000
0000
1100
0000
0100
0000
0001
1000
,  // measure 45
0010
0000
1000
0001
0100
0010
0001
0000
,  // measure 46
0010
0000
0101
0000
0010
0000
1000
0100
,  // measure 47
0010
0000
0001
1000
0100
0000
1000
0001
,  // measure 48
1000
0000
0001
1000
0100
0000
1000
0001
,  // measure 49
0010
0001
1000
0000
1000
0001
1000
0001
,  // measure 50
1000
0000
0001
1100
0000
0000
0000
0000
,  // measure 51
0011
0000
1000
0100
0000
0000
0000
0000
,  // measure 52
1010
0000
0001
0100
0000
0000
0000
0000
,  // measure 53
0110
0000
1000
0001
0000
0000
0000
0000
,  // measure 54
0011
0000
0001
1000
0100
0000
0001
0000
,  // measure 55
1010
0000
1000
0001
0100
0000
1000
0000
,  // measure 56
1001
0000
1000
0001
0100
0000
1000
0000
,  // measure 57
0110
0000
1000
0001
0100
0000
0001
1000
,  // measure 58
0001
0000
0010
0100
1000
0001
0100
0010
,  // measure 59
1000
0000
0100
0000
0001
0000
0001
0100
,  // measure 60
0010
0000
0100
0001
1000
0100
0010
0001
,  // measure 61
1000
0000
0100
0000
0001
0000
1000
0001
,  // measure 62
1000
0000
0010
0100
0001
1000
0100
0010
,  // measure 63
0001
0000
0101
0000
1100
0000
1000
0100
,  // measure 64
0010
0000
0100
1000
0001
0100
0010
1000
,  // measure 65
0001
1100
0101
0010
,  // measure 66
0100
0010
0100
0000
0010
0100
0001
0000
,  // measure 67
0001
1000
0100
0000
0100
0010
0100
0000
,  // measure 68
1000
0001
0010
0000
1000
0001
0010
0000
,  // measure 69
1000
0001
0100
0001
0100
0001
1000
0000
,  // measure 70
0100
1000
0001
0000
0100
0001
1000
0000
,  // measure 71
0100
1000
0001
0000
0001
1000
0001
0000
,  // measure 72
0001
1000
0010
0000
1000
0001
0100
0000
,  // measure 73
1000
0000
0001
0000
0100
0000
1000
0000
0010
0000
1000
0000
0001
0001
0000
0000
;

//---------------dance-single - ----------------
#NOTES:
     dance-single:
     :
     Hard:
     9:
     0.716,0.616,0.239,0.000,0.005,479.000,24.000,0.000,0.000,0.000:  // measure 1
0000
0000
0000
0000
,  // measure 2
0011
0000
1000
0001
0100
0010
1000
0100
,  // measure 3
0010
0000
0001
1000
0100
0010
0001
0100
,  // measure 4
0010
0000
1000
0100
0001
0010
1000
0100
,  // measure 5
0010
0000
0001
0100
1000
0010
0001
0100
,  // measure 6
0001
0000
1000
0100
0001
0010
1000
0100
,  // measure 7
0010
0000
0001
0100
1000
0010
0001
0100
,  // measure 8
0010
0000
1000
0001
0100
0010
1000
0100
,  // measure 9
0010
0000
0001
0100
1000
0010
0001
0100
,  // measure 10
0010
0000
0001
1000
0010
0000
1000
0100
,  // measure 11
0010
0000
0001
0100
0001
0010
1000
0100
,  // measure 12
0010
0000
1000
0100
0001
0000
1000
0100
,  // measure 13
0010
0000
0001
0100
1000
0010
0001
0100
,  // measure 14
0010
0000
0001
0100
1000
0000
0001
0100
,  // measure 15
0010
0000
1000
0100
0001
0010
1000
0100
,  // measure 16
0010
0000
0001
0100
1000
0000
0001
0100
,  // measure 17
0010
0000
0001
1000
0010
0001
1000
0001
,  // measure 18
1100
0000
0001
0100
0001
0000
1000
0100
,  // measure 19
0010
0000
1000
0001
0100
0010
1000
0100
,  // measure 20
0010
0000
0001
1000
0100
0000
0001
0100
,  // measure 21
0010
0000
0001
1000
0100
0010
1000
0001
,  // measure 22
1000
0000
0010
0101
0000
0000
0000
0000
,  // measure 23
0001
0000
0010
1100
0000
0000
0000
0000
,  // measure 24
1010
0000
0010
0101
0000
0000
0000
0000
,  // measure 25
0001
1000
0010
0100
0001
0010
0100
0000
,  // measure 26
1010
0000
0010
0000
0010
0100
0010
0100
,  // measure 27
0001
1000
0001
0010
1000
0010
0001
1000
,  // measure 28
0001
0000
0010
1000
0001
1000
0100
0000
,  // measure 29
0010
1000
0001
1000
0001
1000
0100
0000
,  // measure 30
0101
0000
0100
0000
0100
0010
0100
0010
,  // measure 31
1000
0001
1000
0100
0001
0100
1000
0001
,  // measure 32
1000
0000
0100
0001
1000
0001
0010
0000
,  // measure 33
0100
0001
1000
0001
1000
0001
0010
0000
,  // measure 34
0011
0000
0010
0000
0010
0100
0010
0100
,  // measure 35
1000
0001
1000
0010
0001
0010
1000
0001
,  // measure 36
1000
0000
0010
0001
1000
0001
0100
0000
,  // measure 37
0010
0001
1000
0001
1000
0001
0100
0000
,  // measure 38
1100
0000
0100
0000
0100
0010
0100
0010
,  // measure 39
0001
1000
0001
0100
1000
0100
0001
1000
,  // measure 40
0001
0000
0100
1000
0001
1000
0010
0000
,  // measure 41
0100
1000
0001
0100
0001
1000
0010
0100
,  // measure 42
0010
0000
1100
0000
0010
0100
0001
0100
,  // measure 43
0010
0000
1000
0001
0100
0000
0001
0000
,  // measure 44
1000
0000
1100
0000
0100
1000
0001
0100
,  // measure 45
0001
0000
0010
0100
0001
1000
0100
0100
,  // measure 46
0010
0000
0101
0000
0010
0100
1000
0100
,  // measure 47
0010
0000
0001
1000
0100
0000
1000
0000
,  // measure 48
0001
0000
0101
0000
0100
0001
1000
0100
,  // measure 49
1000
0000
0010
0100
0001
1000
0001
0100
,  // measure 50
1000
0000
0100
0101
0000
0000
1010
0000
,  // measure 51
0001
0000
0100
1100
0000
0000
0011
0000
,  // measure 52
1100
0000
0010
0110
0000
0000
0011
0000
,  // measure 53
0101
0000
0010
0110
0000
0000
1001
0000
,  // measure 54
0010
0000
0100
1000
0010
0100
0001
0100
,  // measure 55
0001
0000
0001
0100
0001
1000
0010
0100
,  // measure 56
0001
0000
0010
1000
0010
0100
0010
1000
,  // measure 57
0100
0000
0001
1000
0010
0001
0010
0100
,  // measure 58
1000
0010
0100
0001
1000
0100
0010
0001
,  // measure 59
0100
0001
1000
0100
1000
0001
0010
0001
,  // measure 60
1000
0010
0100
0001
1000
0100
0010
0001
,  // measure 61
0100
0010
1000
0001
1000
0001
0010
1000
,  // measure 62
0100
0010
0001
1000
0001
1000
0100
0010
,  // measure 63
0001
0100
0010
1000
0001
1000
0010
0001
,  // measure 64
0100
0001
1000
0100
0010
0001
0100
0010
,  // measure 65
1000
0001
0100
0001
1000
0100
0001
0100
,  // measure 66
0010
1000
0001
1000
0010
0100
0001
1000
,  // measure 67
0100
0010
0001
0100
0001
0100
1000
0100
,  // measure 68
0010
0001
0010
0001
0100
0001
0010
0100
,  // measure 69
1000
0001
0100
0010
1000
0001
0010
1000
,  // measure 70
0001
0010
0001
0100
0001
1000
0100
0010
,  // measure 71
0001
1000
0100
1000
0001
0100
0010
0001
,  // measure 72
1000
0100
0010
0001
0100
0010
1000
0001
,  // measure 73
0010
0000
0100
0000
1000
0000
0010
0000
0100
0000
0100
0000
0001
0001
0000
0000
;

//---------------dance-double - ----------------
#NOTES:
     dance-double:
     :
     Easy:
     5:
     0.415,0.435,0.199,0.000,0.005,272.000,20.000,0.000,0.000,0.000:  // measure 1
00000000
00000000
00000000
00000000
,  // measure 2
00110000
10000000
10000000
10000000
,  // measure 3
10000000
01000000
00010000
00001000
,  // measure 4
00001000
00000100
00000001
00000100
,  // measure 5
00000001
00000010
00000100
00001000
,  // measure 6
00001100
00000001
00000001
00000001
,  // measure 7
00000001
00000100
00001000
00010000
,  // measure 8
00010000
01000000
10000000
01000000
,  // measure 9
10000000
00100000
01000000
00010000
,  // measure 10
00010000
01000000
10000000
01000000
,  // measure 11
00010000
01000000
10000000
00100000
,  // measure 12
00010000
01000000
10000000
01000000
,  // measure 13
00010000
00001000
00000100
00000001
,  // measure 14
00001000
00000100
00000001
00000100
,  // measure 15
00001000
00000100
00000001
00000010
,  // measure 16
00001000
00000100
00000001
00000100
,  // measure 17
00001000
00010000
01000000
10000000
,  // measure 18
00010000
10000000
10000000
01000000
,  // measure 19
00010000
00001000
00010000
00001000
,  // measure 20
00000100
00000001
00000001
00000100
,  // measure 21
00001000
00010000
00001000
00010000
,  // measure 22
00011000
00000000
00000000
01000000
00000000
00000000
00000000
00000000
,  // measure 23
00011000
00000000
00000000
00000100
00000000
00000000
00000000
00000000
,  // measure 24
00011000
00000000
00000000
00100000
00000000
00000000
00000000
00000000
,  // measure 25
01000000
10000000
00010000
01000000
,  // measure 26
10100000
01000000
00010000
00011000
,  // measure 27
00000010
00000011
00000100
00000001
,  // measure 28
00001000
00001100
00000011
00001000
,  // measure 29
00010000
01000000
01000000
10000000
,  // measure 30
01000000
01000000
01000000
01000000
,  // measure 31
00010000
00010000
10000000
01000000
,  // measure 32
00010000
00001000
00000100
00000001
,  // measure 33
00000100
00001000
00001000
00000000
,  // measure 34
00000011
00000100
00001000
00011000
,  // measure 35
00100000
10100000
01000000
10000000
,  // measure 36
00010000
01010000
10100000
00010000
,  // measure 37
01000000
00010000
00010000
00001000
,  // measure 38
00000100
00000100
00000100
00000100
,  // measure 39
00000001
00000001
00001000
00000001
,  // measure 40
00000001
00000100
00001000
00010000
,  // measure 41
01000000
10000000
10000000
00100000
,  // measure 42
00100000
00000000
00000000
00000000
,  // measure 43
00000000
00000000
00000000
00000010
,  // measure 44
00000010
00000001
00001000
00000100
,  // measure 45
00000010
00000001
00000100
00001000
,  // measure 46
00010000
00011000
01000000
00100000
,  // measure 47
10000000
00100000
00010000
01000000
,  // measure 48
10000000
01000000
00010000
00001000
,  // measure 49
00011000
00000000
00011000
00000000
00010000
00001000
00010000
00001000
,  // measure 50
00010000
00000000
00000000
00000000
,  // measure 51
00011000
00000000
00000000
00000100
00000000
00000000
00000000
00000000
,  // measure 52
00000010
00000000
00000000
00001000
00000000
00000000
00000000
00000000
,  // measure 53
00010000
00000000
00000000
10000000
00000000
00000000
00000000
00000000
,  // measure 54
10000000
10000000
01000000
10000000
,  // measure 55
00100000
10000000
01000000
00010000
,  // measure 56
00001000
00001000
00010000
00001000
,  // measure 57
00001000
00000000
00000100
00000000
00000001
00000000
00000001
00000100
,  // measure 58
00001000
00000100
00001000
00010000
,  // measure 59
10000000
01000000
10000000
00100000
,  // measure 60
10000000
01000000
00010000
00001000
,  // measure 61
00000100
00000000
00000001
00000000
00001000
00000000
00001000
00000100
,  // measure 62
00000001
00000100
00001000
00010000
,  // measure 63
01000000
00000000
10000000
00000000
00010000
00000000
00010000
01000000
,  // measure 64
10000000
01000000
10000000
00100000
,  // measure 65
10000000
01000000
00010000
00011000
,  // measure 66
00001000
00000100
00000001
00000010
,  // measure 67
00000100
00001000
00001000
00000001
,  // measure 68
00000001
00001000
00000100
00001000
,  // measure 69
00000001
00000010
00000100
00001000
,  // measure 70
00010000
00100000
01000000
10000000
,  // measure 71
00100000
10000000
10000000
01000000
,  // measure 72
00100000
10000000
01000000
00010000
,  // measure 73
00001000
00000000
00000000
00000000
00000100
00000000
00000000
00000000
00000100
00000000
00000000
00000000
00000001
00000001
00000000
00000000
;

//---------------dance-double - ----------------
#NOTES:
     dance-double:
     :
     Medium:
     8:
     0.595,0.544,0.398,0.000,0.005,378.000,40.000,0.000,0.000,0.000:  // measure 1
00000000
00000000
00000000
00000000
,  // measure 2
00110000
00000000
10000000
00010000
10000000
00000000
10000000
00000000
,  // measure 3
10000000
01010000
10000000
01000000
,  // measure 4
00010000
00000000
00001000
00000100
00000001
00000000
00001000
00000000
,  // measure 5
00000010
00000101
00001000
00000001
,  // measure 6
00001010
00000000
00000001
00001000
00000001
00000000
00000001
00000000
,  // measure 7
00000001
00001100
00000001
00000100
,  // measure 8
00001000
00000000
00010000
01000000
10000000
00000000
00010000
00000000
,  // measure 9
00100000
11000000
00010000
10000000
,  // measure 10
00010000
10000000
01000000
00010000
00001000
00000000
00010000
00001000
,  // measure 11
00000100
00000000
00000001
00001000
00000100
00000000
00000001
00001000
,  // measure 12
00000100
00000000
00000001
00001000
00000100
00000000
00000010
00000001
,  // measure 13
00000100
00000010
00001010
00000101
,  // measure 14
00001000
00000001
00000100
00001000
00010000
00000000
00001000
00010000
,  // measure 15
01000000
00000000
10000000
00010000
01000000
00000000
10000000
00010000
,  // measure 16
01000000
00000000
10000000
00010000
01000000
00000000
00100000
10000000
,  // measure 17
01000000
00000000
10000000
00010000
10000000
00000000
01000000
00000000
,  // measure 18
00100000
10000000
00100000
01000000
00100000
00000000
10000000
01000000
,  // measure 19
00100000
00000000
00010000
01000000
01000000
00010000
00001000
00000100
,  // measure 20
00000001
00000000
00000010
00000100
00001000
00000000
00000010
00000100
,  // measure 21
00000001
00000100
00000101
00001100
,  // measure 22
00000010
00001000
00000010
00000100
00000000
00000000
00000000
00000000
,  // measure 23
00001000
00010000
00001000
01000000
00000000
00000000
00000000
00000000
,  // measure 24
00010000
00100000
00010000
01000000
00000000
00000000
00000000
00000000
,  // measure 25
00100000
10000000
01000000
00010000
00001000
00010000
00001000
00000000
,  // measure 26
00100000
00100000
00110000
00100000
,  // measure 27
10000000
00010000
10000000
00000000
00100000
10000000
00010000
00000000
,  // measure 28
01000000
01010000
00011000
00000100
,  // measure 29
00000010
00000000
00000001
00000000
00001000
00000001
00000100
00000000
,  // measure 30
00000010
00000010
00001010
00000010
,  // measure 31
00000001
00001000
00000001
00000000
00000100
00001000
00010000
00000000
,  // measure 32
00001000
00011000
01010000
00100000
,  // measure 33
01000000
00000000
00010000
00000000
00001000
00000100
00000001
00000000
,  // measure 34
00000010
00000010
00000011
00000010
,  // measure 35
00000001
00001000
00000001
00000000
00000010
00000001
00001000
00000000
,  // measure 36
00000100
00001100
00011000
01000000
,  // measure 37
00100000
00000000
10000000
00000000
00010000
10000000
01000000
00000000
,  // measure 38
00100000
00100000
00110000
00100000
,  // measure 39
10000000
00010000
10000000
00000000
01000000
00010000
00001000
00000000
,  // measure 40
00010000
00011000
00001100
00000010
,  // measure 41
00000011
00000101
00001100
00011000
,  // measure 42
00100000
00000000
00010000
01000000
00100000
00000000
10000000
01000000
,  // measure 43
00100000
00000000
10000000
00010000
10000000
00000000
01000000
00000000
,  // measure 44
00010000
00000000
00011000
00000000
00001000
00000000
00000100
00000001
,  // measure 45
00001000
00000000
00000100
00001000
00000100
00000010
00000001
00000000
,  // measure 46
00000100
00000000
00001010
00000000
00000100
00000000
00000001
00001000
,  // measure 47
00000100
00000000
00000010
00000001
00000100
00000000
00001000
00010000
,  // measure 48
00001000
00000000
00010000
01000000
10000000
00000000
00010000
10000000
,  // measure 49
00100000
10000000
01000000
00000000
10000000
00010000
10000000
00010000
,  // measure 50
10000000
00000000
00100000
01010000
00000000
00000000
00000000
00000000
,  // measure 51
00110000
00000000
00001000
01000000
00000000
00000000
00000000
00000000
,  // measure 52
00011000
00000000
00000010
00000100
00000000
00000000
00000000
00000000
,  // measure 53
00000101
00000000
00001000
00000001
00000000
00000000
00000000
00000000
,  // measure 54
00001010
00000000
00000100
00001000
00000100
00000000
00000010
00000000
,  // measure 55
00000101
00000000
00000001
00001000
00000100
00000000
00010000
00000000
,  // measure 56
00011000
00000000
00010000
01000000
10000000
00000000
00010000
00000000
,  // measure 57
01100000
00000000
10000000
00010000
01000000
00000000
00010000
10000000
,  // measure 58
00010000
00000000
00100000
01000000
10000000
00010000
01000000
00010000
,  // measure 59
00100000
00000000
01000000
00000000
00010000
00000000
00001000
00010000
,  // measure 60
00001000
00000000
00000100
00000001
00001000
00000100
00000010
00000001
,  // measure 61
00001000
00000000
00000100
00000000
00000010
00000000
00000001
00001000
,  // measure 62
00000001
00000000
00000010
00000100
00001000
00000001
00000100
00000001
,  // measure 63
00001000
00000000
00001100
00000000
00011000
00000000
00010000
00001000
,  // measure 64
00010000
00000000
01000000
10000000
00100000
01000000
00010000
10000000
,  // measure 65
01000000
11000000
01010000
10000000
,  // measure 66
00010000
01000000
00010000
00000000
00100000
00001000
00010000
00000000
,  // measure 67
00001000
00000100
00000001
00000000
00000010
00000100
00000010
00000000
,  // measure 68
00000001
00001000
00000010
00000000
00000001
00001000
00000010
00000000
,  // measure 69
00000100
00001000
00010000
00001000
00010000
00001000
00010000
00000000
,  // measure 70
01000000
10000000
00010000
00000000
01000000
00100000
01000000
00000000
,  // measure 71
00010000
00100000
01000000
00000000
10000000
00010000
10000000
00000000
,  // measure 72
01000000
00010000
00001000
00000000
00001000
00000100
00000001
00000000
,  // measure 73
00001000
00000000
00000001
00000000
00000100
00000000
00000001
00000000
00000010
00000000
00000001
00000000
00001000
00001000
00000000
00000000
;

//---------------dance-double - ----------------
#NOTES:
     dance-double:
     :
     Hard:
     9:
     0.708,0.616,0.279,0.000,0.005,470.000,28.000,0.000,0.000,0.000:  // measure 1
00000000
00000000
00000000
00000000
,  // measure 2
00110000
00000000
10000000
00010000
01000000
00100000
10000000
01000000
,  // measure 3
00100000
00000000
00010000
10000000
01000000
00010000
00001000
00000100
,  // measure 4
00000001
00000000
00001000
00000100
00001000
00000010
00000100
00000001
,  // measure 5
00000100
00000000
00000001
00000010
00000100
00001000
00010000
01000000
,  // measure 6
00010000
00000000
10000000
01000000
00100000
00010000
10000000
01000000
,  // measure 7
00100000
00000000
00010000
00100000
01000000
10000000
01000000
00010000
,  // measure 8
00001000
00000000
00000100
00000001
00001000
00000010
00001000
00000100
,  // measure 9
00000010
00000000
00000001
00000100
00001000
00000010
00000001
00000100
,  // measure 10
00000010
00000000
00000001
00000100
00001000
00000000
00010000
01000000
,  // measure 11
10000000
00000000
00010000
01000000
00010000
00100000
10000000
01000000
,  // measure 12
00100000
00000000
10000000
01000000
00010000
00000000
00001000
00000100
,  // measure 13
00000001
00000000
00001000
00000100
00000001
00000010
00001000
00000100
,  // measure 14
00000010
00000000
00000001
00000100
00001000
00000000
00010000
01000000
,  // measure 15
00100000
00000000
00010000
10000000
01000000
00100000
00010000
01000000
,  // measure 16
00100000
00000000
10000000
01000000
00010000
00000000
00001000
00000100
,  // measure 17
00000001
00000000
00001000
00000001
00000010
00000001
00001000
00000001
,  // measure 18
00001100
00000000
00001000
00000100
00001000
00000000
00000010
00001000
,  // measure 19
00000100
00000000
00000010
00000100
00001000
00010000
01000000
10000000
,  // measure 20
00100000
00000000
00010000
10000000
01000000
00000000
00010000
00001000
,  // measure 21
00000100
00000000
00000001
00000100
00001000
00000000
00000001
00001000
,  // measure 22
00000001
00000000
00000010
00000101
00000000
00000000
00000000
00000000
,  // measure 23
00001000
00000000
00000100
00001100
00000000
00000000
00000000
00000000
,  // measure 24
00011000
00000000
01000000
01010000
00000000
00000000
00000000
00000000
,  // measure 25
10000000
00010000
00100000
01000000
00010000
10000000
00010000
10000000
,  // measure 26
10100000
00000000
01000000
00000000
00001000
00010000
00001000
00010000
,  // measure 27
00000010
00000000
00000011
00000000
00000100
00001000
00000001
00000010
,  // measure 28
00001000
00000000
00001100
00000000
00000010
00000100
00001000
00000100
,  // measure 29
00001000
00010000
00001000
00010000
00001000
00010000
00000100
00000000
,  // measure 30
00011000
00000000
01000000
00000000
01000000
00100000
01000000
00100000
,  // measure 31
00010000
10000000
00010000
01000000
00001000
01000000
00010000
01000000
,  // measure 32
10000000
00000000
01000000
00010000
10000000
00010000
00100000
00000000
,  // measure 33
01000000
00010000
00001000
00010000
00001000
00000000
00001100
00000000
,  // measure 34
00000011
00000000
00000100
00000000
00010000
00001000
00010000
00001000
,  // measure 35
00100000
00000000
10100000
00000000
01000000
00010000
10000000
00100000
,  // measure 36
00010000
00000000
01010000
00000000
00100000
01000000
00010000
01000000
,  // measure 37
00010000
00001000
00010000
00001000
00010000
00001000
01000000
00000000
,  // measure 38
00011000
00000000
00000100
00000000
00000100
00000010
00000100
00000010
,  // measure 39
00001000
00000001
00001000
00000100
00010000
00000100
00001000
00100000
,  // measure 40
00010000
00000000
00100000
10000000
00010000
10000000
00000000
10000000
,  // measure 41
01000000
00000000
00010000
00001000
00000100
00000000
00000010
00000100
,  // measure 42
00000010
00000000
00000101
00000000
00000010
00000100
00000001
00000100
,  // measure 43
00000010
00000000
00000001
00000100
00001000
00000000
00010000
00000000
,  // measure 44
01000000
00000000
11000000
00000000
01000000
10000000
00010000
01000000
,  // measure 45
00010000
00000000
00100000
01000000
00010000
10000000
01000000
00000000
,  // measure 46
00010000
00000000
00011000
00000000
00000010
00001000
00000100
00001000
,  // measure 47
00000100
00000000
00010000
00001000
00000100
00000000
00000001
00000000
,  // measure 48
00001000
00000000
00001100
00000000
00000100
00000001
00001000
00000100
,  // measure 49
00010000
00000000
00001000
00000000
00001000
00010000
00001000
00010000
,  // measure 50
00000100
00000000
00001000
00001100
00000000
00000000
00011000
00000000
,  // measure 51
01000000
00000000
00010000
01010000
00000000
00000000
00110000
00000000
,  // measure 52
11000000
00000000
00100000
01100000
00000000
00000000
00001000
00000000
,  // measure 53
00011000
00000000
00000010
00000110
00000000
00000000
00001001
00000000
,  // measure 54
00000010
00000000
00000100
00000001
00000010
00000100
00001000
00000100
,  // measure 55
00001000
00000000
00000010
00000100
00010000
00001000
00010000
01000000
,  // measure 56
10000000
00000000
00100000
10000000
00100000
01000000
00100000
10000000
,  // measure 57
01000000
00000000
00100000
00001000
00000100
00000001
00000010
00000100
,  // measure 58
00001000
00000010
00000100
00000001
00001000
00000010
00000100
00001000
,  // measure 59
00010000
01000000
10000000
01000000
10000000
00010000
00100000
00010000
,  // measure 60
10000000
01000000
00100000
00010000
10000000
01000000
00010000
00001000
,  // measure 61
00000100
00000001
00001000
00000001
00001000
00000001
00000010
00001000
,  // measure 62
00000100
00000010
00000100
00001000
00000001
00001000
00000001
00001000
,  // measure 63
00000010
00000100
00001000
00010000
01000000
10000000
00100000
00010000
,  // measure 64
01000000
00010000
10000000
01000000
00100000
00010000
01000000
00100000
,  // measure 65
10000000
01000000
10000000
01000000
00010000
00001000
00000010
00001000
,  // measure 66
00000001
00000100
00000001
00000010
00000100
00001000
00000001
00000100
,  // measure 67
00000010
00001000
00000100
00000001
00000100
00001000
00000010
00000001
,  // measure 68
00000100
00001000
00010000
00001000
00010000
01000000
10000000
01000000
,  // measure 69
10000000
00010000
01000000
00100000
10000000
00010000
00100000
10000000
,  // measure 70
00010000
00100000
00010000
01000000
00010000
10000000
01000000
00100000
,  // measure 71
00010000
10000000
01000000
00010000
00001000
00000100
00000001
00000100
,  // measure 72
00001000
00000100
00000010
00000001
00000100
00000010
00001000
00000001
,  // measure 73
00000010
00000000
00000100
00000000
00001000
00000000
00010000
00000000
01000000
00000000
01000000
00000000
00010000
00010000
00000000
00000000
;
