#TITLE:Ready!;
#SUBTITLE:--from Jango's Dance Carnival--;
#ARTIST:Folder5;
#TITLETRANSLIT:;
#SUBTITLETRANSLIT:;
#ARTISTTRANSLIT:;
#CREDIT:;
#BANNER:Ready! - Banner.png;
#BACKGROUND:Ready! - Background.png;
#LYRICSPATH:Ready!.lrc;
#CDTITLE:;
#MUSIC:Folder5 - Ready!.mp3;
#OFFSET:-0.420;
#SAMPLESTART:62.192;
#SAMPLELENGTH:13.500;
#SELECTABLE:YES;
#BPMS:0.000=154.800;
#STOPS:11.750=1.540
;
#BGCHANGES:;
// cache tags:
#FIRSTBEAT:12.000;
#LASTBEAT:258.000;
#SONGFILENAME:Songs/All Songs/15674ready/Ready!.sm;
#HASMUSIC:1;
#HASBANNER:1;
#MUSICLENGTH:103.575;
// end cache tags

//---------------dance-single - ----------------
#NOTES:
     dance-single:
     :
     Hard:
     9:
     0.670,0.903,0.232,0.531,0.444,407.000,24.000,55.000,0.000,0.000:
0000
0000
0000
0000
,
0000
0000
0000
0000
,
0000
0000
0000
0000
,
0200
0000
0000
0302
0000
0000
2003
0000
,
0000
0000
0000
3010
,
0002
0000
0000
0000
0000
0000
0000
0003
,
0220
0000
0330
1001
0000
0000
0000
0000
,
1000
0001
0000
0010
0000
0000
0001
0000
0100
1000
0000
0010
0000
0000
0100
0000
,
1000
0100
0000
0001
0000
0000
0001
0000
0001
0010
0000
1000
0000
0100
0100
0000
,
1000
0010
0000
0100
0000
0000
0001
0000
0100
1000
0000
0010
0000
0100
0001
0000
,
0000
0000
0100
0000
0110
0000
0000
0000
1010
0000
0000
0101
0000
0000
1001
0000
,
0100
1000
0000
0010
0000
0000
0001
0000
1000
0100
0000
0010
0000
0000
0001
0000
,
0010
0100
0000
1000
0000
0000
0100
0000
0001
0010
0000
1000
0000
0010
0010
0000
,
0001
1000
0000
0100
0000
1000
1000
0000
0010
0001
0000
0100
0000
0001
0001
0000
,
2002
0000
0000
0000
0000
0000
0000
0000
3003
0000
1000
0001
0000
0010
0100
0001
,
1000
0001
1000
0000
0100
0000
0000
0000
0100
0010
0100
0010
0100
0000
0000
0000
,
1000
0100
1000
0100
2000
0000
3020
0000
0230
0000
0302
0000
2003
0000
3000
0000
,
1000
0001
1000
0001
1000
0000
0001
1000
0001
1000
0001
0000
0100
0010
0100
0010
,
1000
0100
0010
0001
1000
0100
0010
0001
0100
0000
0000
0000
0000
0000
0000
0000
,
1000
0010
1000
0000
1000
0000
0000
0000
0100
0001
0100
0001
0100
0000
0000
0000
,
0010
1000
0010
1000
0200
0000
0320
0000
0032
0000
0203
0000
0320
0000
0030
0000
,
0010
0100
0010
0100
0010
0000
0001
1000
0001
1000
0001
0000
1000
0100
0010
0001
,
0010
0100
0010
1000
0002
0000
0013
0100
2000
0000
0000
0000
0000
0000
3000
0000
,
1000
0100
1000
0100
1000
0100
1000
0100
,
1000
0100
0010
0100
0010
0100
0010
0100
,
0001
1000
0010
0100
0001
1000
0100
0001
,
0010
0100
0010
1000
0001
0020
0000
2000
,
0000
0000
3030
0000
0100
0001
0010
1000
,
0010
0001
0100
1000
0001
0010
0100
2000
,
0000
0200
3000
0002
0300
0020
0003
2000
,
0000
0000
3030
0000
1000
0010
0100
0001
,
0000
0011
0000
1100
0000
0011
0000
0000
,
0000
0101
0000
1010
0000
1100
0000
0000
,
2000
0000
3001
0200
0000
0302
0000
2003
,
0000
3000
0100
0020
0000
1030
0000
0000
,
0100
0010
0100
0002
0000
0000
1003
0200
,
0000
0320
0000
2030
0000
3000
0100
0000
,
0020
0000
0000
0002
0030
0000
0003
2000
,
0000
0100
0001
0100
3001
0000
1000
0100
,
1100
0000
0001
0010
0011
0000
1000
0010
,
0100
0010
0001
1100
0000
0000
0000
0000
,
0100
0010
1000
0002
0000
1003
0100
0010
,
1000
0100
0001
0010
0000
0000
0100
0010
,
0110
0000
0001
1000
1001
0000
0100
0010
,
0001
1000
0100
0002
0000
1003
0000
0000
,
0100
1000
0100
0020
0000
0032
0000
0003
,
0010
0100
0010
0002
0000
0003
1000
0010
,
0101
0000
0010
0100
1001
0000
0100
0001
,
0010
1000
0100
0020
0000
0030
0000
0000
,
1010
0000
0100
0020
0000
0031
0000
0001
,
0100
1000
0100
0020
0000
0030
0100
1000
,
0011
0000
0010
1000
0101
0000
1000
0010
,
0001
0100
0010
2000
0000
3020
0000
0030
,
1000
0100
0010
0200
0000
2300
0000
3100
,
0010
0100
0010
0002
0000
0000
0003
0000
,
1000
0010
1000
0000
1000
0000
0000
0000
0001
0010
0001
0010
0001
0000
0000
0000
,
1000
0100
0010
0001
0010
0000
0001
0000
0010
0000
0100
0000
1000
0000
0000
0000
,
0001
0010
0100
1000
0100
0000
1000
0100
0010
0001
0010
0000
1000
0010
0100
0001
,
1000
0001
0010
0100
1000
0001
0010
0100
2000
0000
0000
0000
3000
0000
0000
0000
,
0100
0010
0100
0000
0100
0000
0000
0000
0010
0100
0010
0100
0010
0000
0000
0000
,
0010
1000
0100
0001
0010
0000
0100
0000
0010
0000
1000
0000
0001
0000
0000
0000
,
0100
1000
0010
0001
0100
0000
0010
1000
0100
0001
0010
0000
0100
0001
0010
0100
,
0001
0010
0100
1000
0001
0000
0100
1000
0001
0000
0000
0000
0100
0000
0100
0100
,
2002
0000
0000
0000
,
0000
0000
3003
0000
;
