#TITLE:Outward Voyage;
#SUBTITLE:;
#ARTIST:Svenson & Gielen;
#TITLETRANSLIT:;
#SUBTITLETRANSLIT:;
#ARTISTTRANSLIT:;
#CREDIT:;
#BANNER:outward voyage-bn.png;
#BACKGROUND:Outward Voyage-bg.png;
#LYRICSPATH:;
#CDTITLE:!polyTitle.png;
#MUSIC:Svenson & Gielen - 05 - Outward Voyage.mp3;
#OFFSET:-9.180;
#SAMPLESTART:42.155;
#SAMPLELENGTH:12.000;
#SELECTABLE:YES;
#BPMS:0.000=138.010,236.000=69.010,284.000=138.010,388.000=276.030,396.000=552.027,412.000=138.011;
#STOPS:;
#BGCHANGES:;
// cache tags:
#FIRSTBEAT:0.000;
#LASTBEAT:640.000;
#SONGFILENAME:Songs/All Songs/Polykarbonsan - Outward Voyage/Outward Voyage.sm;
#HASMUSIC:1;
#HASBANNER:1;
#MUSICLENGTH:308.328;
// end cache tags

//---------------dance-single - ----------------
#NOTES:
     dance-single:
     :
     Hard:
     10:
     0.654,0.675,0.026,0.165,0.749,1352.000,8.000,51.000,0.000,0.000:  // measure 1
2000
0000
0000
0000
0000
0000
0000
0000
0000
0000
0000
0000
0000
0000
0000
3000
,  // measure 2
0002
0000
0000
0000
0000
0000
0000
0000
0000
0003
0000
0000
0000
0000
0000
0000
,  // measure 3
0020
0000
0000
0000
0000
0000
0000
0030
0200
0000
0000
0000
0000
0000
0300
0000
,  // measure 4
0001
0000
0000
1000
0000
0100
0000
1000
0100
0000
1000
0001
0000
0100
0000
0001
,  // measure 5
1000
0000
0000
0010
0000
1000
0000
0100
1000
0000
0001
0100
0000
0001
1000
0100
,  // measure 6
1000
0000
0000
0001
0000
1000
0000
0010
0100
0000
0010
1000
0000
0100
0000
1000
,  // measure 7
0001
0000
0000
0001
0000
0010
0000
0100
1000
0000
0001
0100
0000
0001
1000
0100
,  // measure 8
1000
0000
0000
0001
0000
1000
0000
0010
0100
0000
0010
1000
0000
0001
0000
1000
,  // measure 9
0001
0000
0000
0010
0000
0100
0000
1000
0001
0000
0001
0100
0000
0001
1000
0100
,  // measure 10
1000
0000
0000
0010
0000
1000
0000
0010
0100
0000
0010
0001
0000
0010
0000
1000
,  // measure 11
0100
0000
0000
1000
0000
0001
0000
0100
0001
0000
1000
0100
0000
1000
0001
0100
,  // measure 12
0001
0000
1000
0000
0000
0100
0000
1000
0001
0000
0100
0000
0001
1000
0000
0100
,  // measure 13
1000
0000
0000
0001
0000
0000
0100
0000
0010
0000
1000
0000
0100
1000
0000
0001
,  // measure 14
0100
0000
0000
0100
0000
0000
1000
0000
0010
0000
0100
0000
0001
1000
0000
0100
,  // measure 15
1000
0000
0000
0001
0000
0000
1000
0000
0100
0000
1000
0000
0010
0100
0000
0010
,  // measure 16
1000
0000
0000
0001
0000
0000
1000
0000
0100
0000
1000
0000
0001
0100
0000
0001
,  // measure 17
1000
0000
0000
0010
0000
0000
1000
0000
0100
0000
1000
0000
0001
0100
0000
0001
,  // measure 18
1000
0000
0000
0100
0000
0000
1000
0000
0010
0000
0100
0000
0010
0001
0000
0010
,  // measure 19
0100
0000
0000
0010
0000
0000
1000
0000
0100
0000
0010
0000
0001
1000
0000
0001
,  // measure 20
1000
0000
0000
0100
0010
0000
0001
0000
1000
0000
0010
0000
0100
0010
0000
0010
,  // measure 21
1000
0000
0000
0001
1000
0000
0001
0000
0010
0000
0001
0000
1000
0001
1000
0001
,  // measure 22
1000
0000
0000
0100
1000
0000
0010
0000
0100
0000
0001
0000
1000
0001
0000
0001
,  // measure 23
1000
0000
0000
0100
1000
0000
0010
0000
0100
0000
0010
0000
1000
0100
1000
0100
,  // measure 24
1000
0000
0000
0001
1000
0000
0010
0000
0100
0000
0010
0000
1000
0001
0000
0001
,  // measure 25
1000
0000
0000
0100
0010
0000
0100
0000
0010
0000
0100
0000
0010
0100
0010
0001
,  // measure 26
0100
0000
0000
0010
1000
0000
0010
0000
1000
0000
0001
0000
1000
0001
0000
0001
,  // measure 27
1000
0000
0000
0001
1000
0000
0001
0000
0100
0000
0010
0000
0100
0010
0100
0010
,  // measure 28
1000
0000
0000
0001
0100
0000
0001
0000
1000
0000
0100
0000
1000
0000
0001
0000
,  // measure 29
0100
0000
0000
0001
1000
0000
0100
0000
1000
0000
0010
0000
0100
0000
0001
0000
,  // measure 30
1000
0000
0000
1000
0100
0000
0010
0000
0001
0000
1000
0000
0010
0000
0100
0000
,  // measure 31
0010
0000
0000
0010
0100
0000
0010
0000
1000
0000
0001
0000
1000
0000
0000
0000
,  // measure 32
1000
0001
0000
0000
1000
0100
0000
0000
1000
0001
0000
0000
1000
0100
0000
0000
,  // measure 33
1000
0010
0000
0000
1000
0100
0000
0000
1000
0010
0000
0000
1000
0100
0000
0000
,  // measure 34
0001
0000
0100
0001
1000
0000
1000
0100
,  // measure 35
1000
0000
0000
0010
0000
0000
1000
0000
0000
0000
0010
0000
0000
1000
0000
0000
,  // measure 36
0001
0000
0100
0000
0001
0000
1000
0100
0000
0000
1000
0000
0001
0100
0000
0001
,  // measure 37
1000
0000
0000
0010
0000
0000
1000
0000
0000
0000
0100
0000
0010
0000
0001
0000
,  // measure 38
1000
0000
0010
0000
1000
0000
0100
0010
0000
0000
0001
0000
1000
0010
0000
0000
,  // measure 39
0100
0000
0000
0010
0000
0000
1000
0000
0100
0000
1000
0000
0001
0100
0001
1000
,  // measure 40
0001
0000
0000
1000
0100
0000
1000
0000
0010
0000
0100
0000
0001
1000
0000
0100
,  // measure 41
1000
0000
0000
0001
1000
0000
0010
0000
0100
0000
0001
0000
1000
0100
1000
0100
,  // measure 42
1000
0000
0000
0001
0100
0000
0001
0000
1000
0100
0000
0100
1000
0000
0001
0000
,  // measure 43
0100
0001
0000
0001
1000
0000
0100
0000
1000
0001
1000
0001
1000
0001
1000
0000
,  // measure 44
1000
0000
0010
0000
0100
0000
0001
0000
1000
0000
0100
0000
1000
0001
1000
0001
,  // measure 45
1000
0000
0100
0000
0010
0000
0001
0000
1000
0001
1000
0001
1000
0001
1000
0001
,  // measure 46
1000
0000
0010
0000
0100
0000
0010
0000
0001
0000
0010
0000
0100
0000
0010
1000
,  // measure 47
0010
0000
1000
0000
0100
0000
0010
0000
0001
0010
0000
0001
0010
0000
0001
0000
,  // measure 48
0100
0000
0010
0000
1000
0000
0100
0000
1000
0000
0001
0000
0100
0000
0001
1000
,  // measure 49
0001
0000
1000
0000
0100
0000
0010
0000
0001
0000
0100
0000
0100
0010
0100
0010
,  // measure 50
0100
0000
0000
1000
0001
0000
1000
0001
0000
1000
0001
0000
1000
0000
0001
0000
,  // measure 51
0100
0001
0000
0001
1000
0000
1000
0100
0000
0100
1000
0000
1000
0100
1000
0100
,  // measure 52
1000
0000
0100
1000
0000
0000
0100
1000
0000
0000
0100
1000
0000
0000
0100
1000
,  // measure 53
0000
0000
0001
1000
0000
0000
0010
0100
0000
0000
0010
1000
0000
0000
0100
1000
,  // measure 54
0000
0000
0001
0100
0000
0000
0001
0010
0000
0000
0100
1000
0000
0000
0010
0100
,  // measure 55
0000
0000
0001
1000
0000
0000
0100
0010
0000
0000
0001
1000
0000
0000
0001
1000
,  // measure 56
0000
0000
1000
0001
0000
0000
0001
0010
0000
0000
0010
0100
0000
0000
0100
0010
,  // measure 57
0000
0000
0010
0001
0000
0000
0001
0100
0000
0000
0100
0010
0000
0000
0010
1000
,  // measure 58
0000
0000
1000
0001
0000
0000
0001
0100
0000
0000
0100
0010
0000
0000
0010
1000
,  // measure 59
0000
0000
1000
0001
0000
0000
0001
0010
0000
0000
0100
0010
0000
0000
0001
1000
,  // measure 60
0002
0000
0000
0000
0000
0000
0000
0000
2000
0000
0000
0000
0000
0000
0000
0003
,  // measure 61
0200
0000
0000
0000
0000
0000
3000
0000
0020
0000
0000
0300
0032
0000
0000
0000
,  // measure 62
0200
0003
0000
0000
0000
0000
0000
0000
0020
0300
0000
0000
0000
0000
0000
0000
,  // measure 63
2030
0000
0000
0000
0000
0000
0000
0000
0002
0000
0000
3000
0200
0000
0000
0003
,  // measure 64
0020
0000
0300
0000
0000
0000
0000
0000
2000
0030
0000
0000
0000
0000
0000
0000
,  // measure 65
3020
0000
0000
0000
0000
0000
0000
0000
0230
0000
0000
0000
0002
0300
0000
0000
,  // measure 66
0020
0000
0000
0033
0200
0000
0000
0000
,  // measure 67
2300
0000
0000
0000
0002
3000
0000
0003
2000
0000
0000
0000
3020
0000
0000
0000
,  // measure 68
0230
0000
0000
0302
2003
0000
0000
3200
,  // measure 69
0320
0000
0000
0000
0000
0000
0032
0000
0203
0000
0320
0000
2030
0000
0200
3000
,  // measure 70
0320
0000
0000
0000
0032
0000
2003
0000
3200
0000
0020
0300
0032
0000
2000
0003
,  // measure 71
0020
3000
0200
0030
0002
0300
2000
0003
0200
3000
0020
0300
0032
0000
1003
0000
,  // measure 72
0001
0000
1000
0001
0000
1000
0001
0000
1000
0000
0001
0000
1000
0010
0000
1000
,  // measure 73
0001
0000
1000
0001
0000
1000
0001
0000
0100
0000
0001
1000
0000
1000
0100
0000
,  // measure 74
1000
0000
0001
0100
0000
0001
1000
0000
0100
0000
1000
0000
0010
1000
0000
0100
,  // measure 75
1000
0000
0001
0100
0000
0001
1000
0000
0100
0000
1000
0001
0000
0001
1000
0000
,  // measure 76
0010
0000
0100
0010
0000
0010
1000
0000
0100
0000
0010
0000
0001
1000
0000
1000
,  // measure 77
0001
0000
0001
0100
0000
0100
0010
0000
0010
0000
0010
1000
0000
1000
0001
0000
,  // measure 78
0010
0000
0100
1000
0000
0001
0100
0000
0001
0000
1000
0000
0010
0100
0000
0100
,  // measure 79
0010
0000
1000
0001
0000
0010
0100
0000
1000
0000
0001
0100
0000
0001
1000
0000
,  // measure 80
0100
0000
1000
0001
0000
0001
0100
0000
0010
0000
1000
0000
0100
1000
0000
0001
,  // measure 81
0100
0000
0001
1000
0000
0100
1000
0000
0010
0000
0100
0010
0000
0010
0001
0000
,  // measure 82
0010
0000
1000
0100
0000
0100
1000
0000
0100
0000
1000
0000
0001
0100
0000
0100
,  // measure 83
0001
0000
0001
0100
0000
0100
0001
0000
0010
0000
0100
0010
0000
0010
0100
0000
,  // measure 84
1000
0000
0001
1000
0000
1000
0001
0000
1000
0000
0010
0000
1000
0010
0000
0010
,  // measure 85
1000
0000
1000
0010
0000
0010
1000
0000
0010
0000
0100
0010
0000
0010
0100
0000
,  // measure 86
0010
0000
0001
0010
0000
0010
0001
0000
0010
0000
0001
0000
0010
0100
0000
0100
,  // measure 87
0010
0000
0010
1000
0000
1000
0100
0000
0100
0000
1000
0100
0000
0100
1000
0000
,  // measure 88
0001
0000
0100
0001
0000
0001
1000
0000
0100
0000
1000
0000
0010
1000
0000
1000
,  // measure 89
0001
0000
0001
0100
0000
0100
0001
0000
0001
0000
1000
0100
0000
0100
1000
0000
,  // measure 90
0001
0000
0100
0010
0000
0010
1000
0000
0001
0000
1000
0000
0001
0100
0000
0100
,  // measure 91
0001
0000
0001
1000
0000
1000
0100
0000
1000
0000
0010
0000
0100
0010
0000
1000
,  // measure 92
0000
0001
1000
0001
0000
0001
1000
0000
0100
0000
1000
0000
0010
0100
0000
0100
,  // measure 93
0010
0000
0010
1000
0000
1000
0001
0000
0010
0000
0100
1000
0000
1000
0001
0000
,  // measure 94
0100
0000
0001
1000
0000
0100
1000
0000
0010
0000
1000
0000
0100
0000
1000
0001
,  // measure 95
1000
0000
0001
0100
0000
0001
1000
0000
0100
0000
1000
0001
0000
1000
0001
0000
,  // measure 96
1000
0001
1000
0001
1000
0001
1000
0001
,  // measure 97
1000
0010
1000
0100
1000
0001
1000
0001
,  // measure 98
1000
0001
1000
0001
1000
0001
1000
0001
,  // measure 99
1000
0001
1000
0001
1000
0001
1000
0001
,  // measure 100
0010
0100
1000
0001
,  // measure 101
0100
0010
1000
0100
,  // measure 102
0010
0001
1000
0010
,  // measure 103
0100
0001
1000
0100
,  // measure 104
0010
1000
0000
0000
0000
0000
0001
0000
1000
0000
0001
0000
0100
0000
0010
0100
,  // measure 105
0010
0000
1000
0000
0100
0000
1000
0000
0001
0000
0100
0000
0001
0000
0001
1000
,  // measure 106
0001
0000
1000
0000
0010
0000
0100
0010
0100
0000
0010
0000
1000
0000
0100
1000
,  // measure 107
0100
0000
1000
0000
0001
0000
0100
0001
0100
0000
0001
0000
1000
0001
1000
0001
,  // measure 108
1000
0000
0100
1000
0000
0010
0100
0000
0010
0000
1000
0000
0100
1000
0000
0001
,  // measure 109
0100
0000
0001
0010
0000
0100
1000
0000
0010
0000
0100
0010
0000
0010
0100
0000
,  // measure 110
0001
0000
1000
0001
0000
0001
0100
0000
0001
0000
0010
0000
0100
1000
0000
1000
,  // measure 111
0010
0000
0010
0100
0000
0100
0001
0000
0001
0000
1000
0100
0000
0100
1000
0000
,  // measure 112
1000
0001
0000
0000
0001
0100
0000
0000
0001
1000
0000
0000
0100
1000
0000
0000
,  // measure 113
0010
1000
0000
0000
0100
1000
0000
0000
0001
0100
0000
0000
0001
1000
0000
0000
,  // measure 114
1000
0100
0000
0000
0100
0010
0000
0000
0010
0001
0000
0000
0001
0100
0000
0000
,  // measure 115
0100
0010
0000
0000
0010
0001
0000
0000
0001
0010
0000
0000
0010
1000
0000
0000
,  // measure 116
1000
0000
0100
1000
0100
0000
0010
0000
0001
0100
0001
0000
1000
0000
0100
0000
,  // measure 117
0010
0001
0100
0000
0001
1000
0100
0000
1000
0001
0100
0000
1001
0000
0001
0000
,  // measure 118
1000
0100
1000
0010
1000
0000
0001
0000
0100
0001
0100
0001
0100
0000
0001
0000
,  // measure 119
1000
0001
1000
0001
1000
0001
1000
0001
1000
0001
1000
0000
0010
0000
1000
0000
,  // measure 120
0100
0000
1000
0001
1000
0000
0001
0000
0100
0001
1000
0000
1100
0000
0001
0000
,  // measure 121
0100
0000
0010
1000
0100
0000
1000
0000
0001
1000
0001
0100
0001
0000
1001
0000
,  // measure 122
0001
0000
1000
0010
1000
0000
0100
0000
1000
0001
1000
0000
0001
0000
0001
0000
,  // measure 123
1000
0000
0010
0100
0010
0000
0010
0000
0010
1000
0100
1000
0001
0000
1001
0000
,  // measure 124
0001
0000
0100
0010
1000
0000
0100
0000
1000
0001
1000
0001
0100
0000
0101
0000
,  // measure 125
0001
0000
1000
0100
1000
0000
0010
0000
1000
0100
1000
0100
1000
0000
0001
0000
,  // measure 126
0100
0000
0001
1000
0001
0000
1000
0000
0001
1000
0001
0000
0100
0000
0001
1000
,  // measure 127
0100
0000
1000
0010
0100
0010
1000
0000
0100
1000
0100
1000
0001
1000
0001
0000
,  // measure 128
1000
0000
0100
1000
0000
0000
0100
1000
0000
0000
0100
1000
0000
0000
0100
1000
,  // measure 129
0000
0000
0100
1000
0000
0000
0010
1000
0000
0000
0001
0100
0000
0000
0001
1000
,  // measure 130
0000
0000
0100
1000
0000
0000
0001
0100
0000
0000
0001
1000
0000
0000
0001
0100
,  // measure 131
0000
0000
0001
1000
0000
0000
0001
0100
0000
0000
0001
0100
0000
0000
0001
0000
,  // measure 132
1000
0000
0000
0100
0000
0000
1000
0000
0000
0000
0010
0000
0000
0100
0000
0000
,  // measure 133
0010
0000
0000
1000
0000
0000
0001
0000
0000
0000
1000
0000
0000
0100
0000
0000
,  // measure 134
1000
0000
0000
0001
0000
0000
0100
0000
0000
0000
0010
0000
0000
1000
0000
0000
,  // measure 135
0100
0000
0000
0010
0000
0000
0001
0000
0000
0000
1000
0000
0000
0010
0100
0000
,  // measure 136
0100
0000
1000
0100
0000
0100
1000
0000
0001
0000
0100
0000
0001
1000
0000
1000
,  // measure 137
0001
0000
0001
0100
0000
0100
0010
0000
1000
0000
0100
0000
1000
0001
1000
0001
,  // measure 138
1000
0000
0001
1000
0000
1000
0010
0000
0100
0000
0010
0000
0100
0010
0000
0010
,  // measure 139
1000
0000
1000
0001
0000
0001
0010
0000
0100
0000
1000
0000
0001
1000
0001
0100
,  // measure 140
0001
0000
1000
0100
0000
0100
1000
0000
0010
0000
0100
0000
0001
1000
0000
1000
,  // measure 141
0001
0000
0001
0010
0000
0010
0100
0000
1000
0000
0001
0000
1000
0001
1000
0001
,  // measure 142
0100
0000
0001
1000
0000
1000
0100
0000
1000
0000
0010
0000
0100
0010
0000
0010
,  // measure 143
1000
0000
0001
1000
0000
0001
0100
0000
0001
0000
1000
0000
0100
1000
0001
1000
,  // measure 144
0001
0000
1000
0100
0000
0100
1000
0000
0000
0000
1000
0000
0001
0100
0000
1000
,  // measure 145
0001
0000
1000
0010
0000
0010
0100
0000
0000
0000
0010
0000
1000
0100
1000
0001
,  // measure 146
1000
0000
0001
0100
0000
0010
1000
0000
0000
0000
0010
0000
0100
0001
0000
0001
,  // measure 147
1000
0000
0100
1000
0000
0001
0100
0000
0000
0000
0100
0000
1000
0100
1000
0001
,  // measure 148
1000
0000
0010
0100
0000
0010
1000
0000
0000
0000
0001
0000
0010
0100
0000
1000
,  // measure 149
0001
0000
0100
0001
0000
1000
0100
0000
0000
0000
1000
0000
0100
0001
0000
0100
,  // measure 150
1000
0000
0010
0001
0000
0010
1000
0000
0000
0000
0001
0000
0010
0100
0000
1000
,  // measure 151
0001
0000
0100
0010
0000
1000
0100
0000
0000
0000
1000
0000
0001
1000
0000
0001
,  // measure 152
0100
0001
1000
0100
1000
0001
0100
0001
,  // measure 153
1000
0000
0100
1000
0001
0000
1000
0000
0000
0000
0001
0000
1000
0001
1000
0010
,  // measure 154
1000
0100
1000
0001
0100
0001
1000
0100
,  // measure 155
1000
0000
0010
0001
0100
0000
0010
0000
0000
0000
0010
1000
0100
0000
1000
0000
,  // measure 156
0001
0000
0000
0001
0100
0000
0010
0000
0000
0010
1000
0000
0100
0000
1000
0000
,  // measure 157
0001
0000
0000
0001
1000
0000
0100
0000
0000
0010
0000
1000
0100
0000
1000
0000
,  // measure 158
1001
0000
0000
0001
1000
0000
0100
0000
0000
0000
1100
0000
0010
0000
0100
0000
,  // measure 159
0001
0000
0000
0001
1000
0000
0100
0000
0000
0010
0000
0001
1000
0000
0010
0000
,  // measure 160
0022
0000
0000
0000
,  // measure 161
0033
0000
0000
0000
;
