#TITLE:STILL IN MY HEART;
#SUBTITLE:(Momo Mix) [zk edit];
#ARTIST:NAOKI;
#TITLETRANSLIT:;
#SUBTITLETRANSLIT:;
#ARTISTTRANSLIT:;
#CREDIT:;
#BANNER:STILL IN MY HEART (Momo Mix) [zk edit].png;
#BACKGROUND:STILL IN MY HEART (Momo Mix) [zk edit]-bg.png;
#LYRICSPATH:;
#CDTITLE:NVLM-cdtitle.png;
#MUSIC:STILL IN MY HEART (Momo Mix) [zk edit].mp3;
#OFFSET:-1.632;
#SAMPLESTART:45.155;
#SAMPLELENGTH:12.000;
#SELECTABLE:YES;
#BPMS:0.000=172.000,160.000=86.000,194.000=172.000;
#STOPS:;
#BGCHANGES:;
// cache tags:
#FIRSTBEAT:0.000;
#LASTBEAT:258.000;
#SONGFILENAME:Songs/All Songs/STILL IN MY HEART (Momo Mix) [zk edit]/STILL IN MY HEART (Momo Mix) [zk edit].sm;
#HASMUSIC:1;
#HASBANNER:1;
#MUSICLENGTH:103.392;
// end cache tags

//---------------dance-single - ----------------
#NOTES:
     dance-single:
     :
     Hard:
     8:
     0.549,0.593,0.251,0.213,0.053,349.000,26.000,22.000,0.000,0.000:  // measure 1
0020
0000
1030
0000
,  // measure 2
0200
0000
0310
0000
,  // measure 3
0002
0000
0013
0000
,  // measure 4
0200
0000
1300
0000
,  // measure 5
2000
0000
3010
0000
,  // measure 6
0200
0000
0301
0000
,  // measure 7
0002
0000
0013
0000
,  // measure 8
0200
0000
1300
0000
,  // measure 9
0110
0000
0000
0000
0000
0000
1000
1000
,  // measure 10
1000
0000
0000
0000
0000
0000
0010
0010
,  // measure 11
1010
0000
0110
0000
,  // measure 12
0101
0000
0000
0000
1100
0000
1000
1000
,  // measure 13
2000
0000
0000
0000
3000
0000
0001
0001
,  // measure 14
0002
0000
0003
0000
,  // measure 15
0110
0000
1010
0000
,  // measure 16
1100
0000
0000
0000
0000
0000
0000
0000
0010
0000
0000
0001
0010
0000
0001
0000
,  // measure 17
1000
0010
0100
0000
0001
0010
0100
0000
,  // measure 18
1000
0100
0001
0100
1000
0100
0001
0000
,  // measure 19
0010
0100
1000
0000
0010
0100
0001
0000
,  // measure 20
1000
0001
0010
0001
1000
0001
0010
0000
,  // measure 21
0100
1000
1000
0000
0010
0100
0001
0000
,  // measure 22
0001
0100
1000
0000
1000
0100
0010
0000
,  // measure 23
0001
1000
0100
1000
0000
0100
0010
0000
,  // measure 24
0001
0000
0110
0000
1000
0000
0110
0100
,  // measure 25
0001
1000
0001
0000
1000
0000
0110
0000
,  // measure 26
0010
0001
1000
0000
1000
0001
0100
0000
,  // measure 27
0010
1000
0001
0000
0100
0000
1100
0000
,  // measure 28
0001
0010
0100
1000
0010
0100
0001
0000
,  // measure 29
1000
1000
1000
0000
0001
0000
0110
0000
,  // measure 30
1000
0100
0001
0000
0001
0000
0110
0000
,  // measure 31
0001
0100
0010
1000
0100
0010
0001
0100
,  // measure 32
2002
0000
0000
0000
0000
0000
0000
0000
3003
0000
0000
0100
0010
0000
0100
0000
,  // measure 33
0001
0010
0100
1000
0010
1000
0010
0000
,  // measure 34
0100
0001
1000
0100
0010
0001
0010
0000
,  // measure 35
1000
1000
1000
0000
0001
0001
0001
0000
,  // measure 36
0010
0100
1000
0010
0100
0001
1000
0000
,  // measure 37
0100
0010
0001
1000
0010
0100
0001
0000
,  // measure 38
0010
0100
1000
0010
0100
0001
1000
0000
,  // measure 39
0100
0010
0010
0001
0100
0010
1000
0000
,  // measure 40
0001
0000
0010
0000
0100
0000
1000
0000
0001
0000
0000
0001
0100
0000
0010
0000
,  // measure 41
1000
0000
1000
0000
0100
0000
0000
0000
0001
0000
0001
0000
0100
0000
0000
0100
,  // measure 42
0010
0000
0010
0000
2000
0000
0000
0000
3100
0000
0100
0000
0010
0000
0000
0010
,  // measure 43
0001
0000
0000
0000
2001
0000
0000
0000
3100
0000
0100
0000
0110
0000
0000
0010
,  // measure 44
0001
0000
0000
0000
0101
0000
0000
0000
1100
0000
1000
0000
1000
0000
0000
1000
,  // measure 45
0100
0000
0010
0000
0001
0000
1000
0000
1020
0000
0000
0000
0130
0000
0000
0100
,  // measure 46
0001
0000
0010
0000
0100
0000
1000
0000
1002
0000
0000
0000
0103
0000
0000
0100
,  // measure 47
0010
0000
1000
0000
0001
0000
0100
0000
2100
0000
0000
0000
3010
0000
0000
0010
,  // measure 48
0100
0000
0001
0000
1000
0000
0010
0000
0220
0000
0000
0000
0330
0000
0000
1000
,  // measure 49
2000
0000
3000
0001
0011
0100
1000
0010
,  // measure 50
0100
0001
1000
0000
0100
0010
0001
0100
,  // measure 51
1000
0100
1000
0000
0010
0010
0010
0000
,  // measure 52
0100
0100
0100
0000
0001
1000
0100
1000
,  // measure 53
0010
0100
0001
0000
1000
0100
0001
0100
,  // measure 54
1000
0010
0100
0000
0001
0010
0100
1000
,  // measure 55
0010
0100
0100
0000
0001
0100
1000
0000
,  // measure 56
1000
0100
0001
0000
0010
0000
0100
0000
,  // measure 57
1000
0000
0010
0000
0101
0001
1000
0100
,  // measure 58
0010
0001
0100
0000
0010
1000
0001
0010
,  // measure 59
0100
1000
0010
0000
0100
0001
1000
0000
,  // measure 60
0100
0010
0001
0000
0100
1000
0010
0100
,  // measure 61
0001
0010
0100
0000
1000
0010
0010
0100
,  // measure 62
0001
0010
0100
0000
1000
0001
0100
1000
,  // measure 63
0100
0010
1000
0000
0001
0001
0001
0000
,  // measure 64
0010
0010
0010
0000
0100
1000
0001
0100
,  // measure 65
0001
1000
2200
0000
3300
0000
0000
0000
;

//---------------dance-single - ----------------
#NOTES:
     dance-single:
     :
     Easy:
     4:
     0.337,0.405,0.193,0.261,0.000,197.000,20.000,27.000,0.000,0.000:  // measure 1
0020
0000
0000
0000
,  // measure 2
2030
0000
0000
0000
,  // measure 3
3002
0000
0000
0000
,  // measure 4
0203
0000
0000
0000
,  // measure 5
2300
0000
0000
0000
,  // measure 6
3200
0000
0000
0000
,  // measure 7
0302
0000
0023
0000
,  // measure 8
0230
0000
0000
0300
,  // measure 9
1001
0000
0000
0000
,  // measure 10
1000
0000
0000
0000
,  // measure 11
0110
0000
1001
0000
,  // measure 12
0101
0000
0000
1000
,  // measure 13
2000
0000
3000
0000
,  // measure 14
0002
0000
0003
0000
,  // measure 15
0110
0000
1010
0000
,  // measure 16
1100
0000
0011
0000
,  // measure 17
0001
0010
0100
1000
,  // measure 18
0001
1000
0001
1000
,  // measure 19
0010
0100
0010
1000
,  // measure 20
0100
0100
0010
0001
,  // measure 21
1000
0010
1000
0001
,  // measure 22
0010
0001
0100
0100
,  // measure 23
0010
1000
0001
0010
,  // measure 24
0001
0100
0010
1000
,  // measure 25
0001
0001
0010
0100
,  // measure 26
0000
1000
0000
0100
,  // measure 27
0010
0001
0001
0100
,  // measure 28
0000
0010
0000
0010
,  // measure 29
1000
0100
0010
0001
,  // measure 30
0000
0100
0000
0100
,  // measure 31
0001
0010
0100
1000
,  // measure 32
2002
0000
0000
3003
,  // measure 33
0010
0100
1000
0001
,  // measure 34
1000
0100
0010
0001
,  // measure 35
0100
0001
1000
1000
,  // measure 36
0100
0100
0010
0010
,  // measure 37
1000
0001
0010
1000
,  // measure 38
0010
0100
0001
1000
,  // measure 39
0100
0001
0100
1000
,  // measure 40
0010
0100
0001
1000
,  // measure 41
2100
0000
3002
0000
,  // measure 42
0203
0320
2030
3000
,  // measure 43
2001
0000
3200
0000
,  // measure 44
0302
0023
0230
0300
,  // measure 45
0010
1001
0100
1001
,  // measure 46
1000
0110
0001
0110
,  // measure 47
1000
0011
1000
0011
,  // measure 48
0001
1001
0220
0000
,  // measure 49
0000
0330
1000
0001
,  // measure 50
1000
0100
0010
0001
,  // measure 51
0100
0010
1000
0001
,  // measure 52
0010
1000
0010
0100
,  // measure 53
1000
0010
0100
0001
,  // measure 54
1000
0100
0010
0001
,  // measure 55
0001
0100
0100
0010
,  // measure 56
1000
0001
0010
1000
,  // measure 57
0010
0100
1000
0001
,  // measure 58
0100
0010
1000
0100
,  // measure 59
0001
0100
1000
0010
,  // measure 60
0100
0001
0010
0100
,  // measure 61
1000
0010
1000
1000
,  // measure 62
0100
0010
0001
0100
,  // measure 63
0010
1000
0001
0010
,  // measure 64
1000
0010
0100
1000
,  // measure 65
0001
2002
3003
0000
;

//---------------dance-single - ----------------
#NOTES:
     dance-single:
     :
     Challenge:
     10:
     0.750,1.000,0.696,0.348,0.251,435.000,72.000,36.000,0.000,0.000:  // measure 1
0220
0330
1001
0000
,  // measure 2
2200
0000
3300
0000
0110
0000
0000
0011
,  // measure 3
0022
0033
0110
0000
,  // measure 4
2200
0000
3300
0000
1001
0000
0000
1001
,  // measure 5
2002
3003
0110
0000
,  // measure 6
2020
0000
3030
0000
0101
0000
0000
0101
,  // measure 7
0202
0303
1001
0000
,  // measure 8
0220
0000
0330
0000
1001
0000
0000
0110
,  // measure 9
0110
0000
0000
0000
0001
0000
1001
1001
,  // measure 10
1001
0000
0100
0000
,  // measure 11
1010
0000
0110
0000
,  // measure 12
0101
0000
0000
0000
1100
0000
1001
1001
,  // measure 13
2002
0000
0000
0000
3003
0000
0101
0101
,  // measure 14
0202
0000
0303
0000
,  // measure 15
0110
0000
1010
0000
,  // measure 16
1100
0000
0000
0000
0000
0000
0000
0000
0011
0000
0000
0001
0010
0000
0100
1000
,  // measure 17
0100
1000
0010
0100
0001
0010
0100
0000
,  // measure 18
1000
0100
0010
0001
0100
0010
1000
0000
,  // measure 19
0010
0100
1000
0001
0010
0100
0001
0000
,  // measure 20
1000
0001
0010
0100
1000
0001
0010
0000
,  // measure 21
0100
0001
1000
0100
0010
0100
0001
0000
,  // measure 22
0001
0100
1000
0010
1000
0100
0010
0000
,  // measure 23
0001
1000
0100
0010
1000
0100
0010
0000
,  // measure 24
0001
0010
0100
1000
0010
0100
0001
0010
,  // measure 25
0110
1000
0001
0100
1000
0001
0101
0000
,  // measure 26
0010
0001
1000
0100
1000
0001
1100
0000
,  // measure 27
0010
1000
0001
0010
0100
1000
1100
0000
,  // measure 28
0001
0010
0100
1000
0010
0100
0101
0000
,  // measure 29
1000
0100
0010
0001
0100
1000
1010
0000
,  // measure 30
1000
0100
0001
0010
0100
1000
0010
1000
,  // measure 31
0001
0100
0010
1000
0100
0010
0001
0100
,  // measure 32
2002
0000
0000
0000
0000
0000
0000
0000
3003
0000
0000
0100
0010
0000
0100
0010
,  // measure 33
0001
0010
0100
1000
0010
1000
0010
0000
,  // measure 34
0100
0001
1000
0100
0010
0001
0010
0000
,  // measure 35
1000
0010
1000
0100
0001
0100
0001
0000
,  // measure 36
0010
0100
1000
0010
0100
0001
1001
0000
,  // measure 37
0100
0010
0001
1000
0010
0100
0001
0000
,  // measure 38
0010
0100
1000
0010
0100
0001
1000
0000
,  // measure 39
0100
0010
0010
0001
0100
0010
1000
0000
,  // measure 40
0001
0000
0010
0000
0100
0000
1000
0000
0001
0000
0000
0001
0100
0000
0010
0000
,  // measure 41
1000
0001
1000
0001
0202
0000
0303
0000
0001
1000
0001
1000
1100
0000
0000
0110
,  // measure 42
0010
0001
0010
0001
2002
0000
3003
0000
0100
0001
0100
0001
0011
0000
0000
0110
,  // measure 43
0110
1000
0001
0100
0202
0000
0303
0000
1000
0001
0100
0001
0101
0000
0000
0011
,  // measure 44
0011
0100
0010
0100
2200
0000
3300
0000
1000
0001
1000
0001
0101
0000
0000
1100
,  // measure 45
1100
0000
0100
0010
0001
0010
0100
1000
1010
0000
0010
0100
0001
0010
0100
1000
,  // measure 46
1001
0000
0001
0100
0010
1000
0100
0010
0011
0000
0001
0100
0010
1000
0100
0010
,  // measure 47
1001
0000
1000
0010
0100
1000
0100
0001
1001
0000
0010
0100
1000
0010
0100
0001
,  // measure 48
1001
0000
0100
0010
0001
0100
0010
1000
2020
0000
0000
0000
3030
0000
0000
1001
,  // measure 49
2002
0000
0000
0000
0000
0000
0000
0000
3003
0000
0000
0000
0001
0010
0001
0010
0001
0000
0000
0000
0010
0000
0000
0000
0100
0000
0000
0000
1000
0000
0000
0000
,  // measure 50
0010
0100
0001
0000
1000
0010
0001
0010
,  // measure 51
1000
0100
1000
0000
0010
0100
0001
0010
,  // measure 52
0100
1000
0010
0000
0001
1000
0100
1000
,  // measure 53
0010
0000
0000
0010
0100
0000
0001
0000
1000
0000
0100
0000
0001
0000
0100
0000
,  // measure 54
1000
0010
0100
0000
0001
0010
0100
1000
,  // measure 55
0010
0100
0001
0000
0001
0100
1000
0010
,  // measure 56
1000
0100
0001
0000
0010
0001
0100
0001
,  // measure 57
1000
0000
0000
1000
0001
0000
0100
0000
0101
0000
0001
0000
0010
0000
0100
0000
,  // measure 58
1000
0010
0100
0001
1000
0100
0010
1000
,  // measure 59
0001
0010
0100
0001
1000
0100
0001
0010
,  // measure 60
0100
1000
0010
0100
0001
1000
0100
0001
,  // measure 61
0010
1000
0100
0010
0001
0100
1000
0010
,  // measure 62
0100
0001
0010
0100
0010
1000
0100
0010
,  // measure 63
0100
0001
0010
1000
0100
0001
0010
0100
,  // measure 64
1000
0010
0100
0001
0100
1000
0001
0100
,  // measure 65
0001
1000
2200
0000
3300
0000
0000
0000
;

//---------------dance-single - ----------------
#NOTES:
     dance-single:
     :
     Medium:
     6:
     0.473,0.561,0.251,0.455,0.000,269.000,26.000,47.000,0.000,0.000:  // measure 1
0020
0000
2030
0000
,  // measure 2
3200
0000
0320
0000
,  // measure 3
0032
0000
0023
0000
,  // measure 4
0230
0000
2300
0000
,  // measure 5
3020
0000
0230
0000
,  // measure 6
0302
0000
0023
0000
,  // measure 7
0230
0000
2300
0000
,  // measure 8
3200
0000
0310
0001
,  // measure 9
1001
0000
0000
0000
0000
0000
1000
1000
,  // measure 10
1000
0000
0000
0000
0000
0000
0010
0010
,  // measure 11
0010
0000
0110
0000
,  // measure 12
0101
0000
0000
0000
0000
0000
1000
1000
,  // measure 13
2000
0000
0000
0000
3000
0000
0001
0001
,  // measure 14
0002
0000
0003
0000
,  // measure 15
0110
0000
1010
0000
,  // measure 16
1100
0000
0011
0000
,  // measure 17
1000
0100
0010
0001
,  // measure 18
1000
0100
0000
0001
0000
0100
0010
0000
,  // measure 19
0001
0100
0010
0001
,  // measure 20
1000
0001
0000
0100
0000
0010
1000
0000
,  // measure 21
0101
0001
0010
0100
,  // measure 22
0001
0010
0100
1000
,  // measure 23
0001
1000
0001
1000
0000
0000
1100
0000
,  // measure 24
0001
0010
0100
0000
1000
0100
0010
0000
,  // measure 25
0001
1001
1000
0110
,  // measure 26
0010
0001
0000
1000
0000
0001
0100
0000
,  // measure 27
0010
1001
0100
1100
,  // measure 28
0001
0010
0000
0100
0000
1000
0100
0000
,  // measure 29
1000
0110
0001
0110
,  // measure 30
2000
3100
0002
0103
,  // measure 31
0001
1000
0001
1000
0010
0100
0010
0100
,  // measure 32
2002
0000
3003
0100
,  // measure 33
0001
0010
0100
0000
1000
0000
0010
0000
,  // measure 34
0100
0001
1000
0000
0010
0000
0010
0000
,  // measure 35
2000
3000
0002
0003
,  // measure 36
0010
1000
0100
0001
,  // measure 37
1000
0100
0010
0000
0001
0000
0001
0000
,  // measure 38
0010
0100
1000
0000
0100
0000
1000
0000
,  // measure 39
0200
0310
0002
1003
,  // measure 40
0010
0010
0010
0000
0100
0000
0010
0000
,  // measure 41
1001
1000
0200
0000
0310
0010
0002
0000
,  // measure 42
0103
0100
0020
0000
1030
1000
0200
0000
,  // measure 43
0310
0010
0002
0000
1003
1000
0020
0000
,  // measure 44
0130
1001
0202
0303
,  // measure 45
0100
0001
0100
0001
1002
0000
0103
0000
,  // measure 46
0001
0010
0001
0010
0210
0000
1300
0000
,  // measure 47
0010
1000
0001
1000
0002
0000
0013
0000
,  // measure 48
0100
0010
0100
0010
2020
0000
3030
0000
,  // measure 49
2002
0000
3003
0000
0010
0100
1000
0000
,  // measure 50
0100
0000
0010
0000
0001
0100
0001
0000
,  // measure 51
0010
0100
0020
0030
,  // measure 52
0200
0000
0300
0000
0001
1000
0100
0000
,  // measure 53
0010
0000
0001
0000
1000
0100
0001
0000
,  // measure 54
0010
0000
0100
0000
1000
0001
0001
0000
,  // measure 55
0010
0100
0002
1003
,  // measure 56
2000
3001
0010
0100
,  // measure 57
1000
0010
0102
1003
,  // measure 58
0010
0100
0100
0000
0010
1000
0001
0000
,  // measure 59
0100
0000
0010
0000
0100
0001
0001
0000
,  // measure 60
0100
0010
1000
0000
0100
1000
0001
1000
,  // measure 61
0001
0000
0010
0000
1000
0010
0010
0000
,  // measure 62
0001
0000
0101
0000
1000
0100
0001
0000
,  // measure 63
0001
0100
1000
0000
0001
1000
0001
0000
,  // measure 64
0010
0100
0010
0000
0100
1000
0100
1000
,  // measure 65
0001
2002
3003
0000
;

//---------------dance-double - ----------------
#NOTES:
     dance-double:
     :
     Hard:
     9:
     0.571,0.655,0.416,0.126,0.053,357.000,43.000,13.000,0.000,0.000:  // measure 1
00100000
00000000
00011000
00000000
,  // measure 2
00000010
00000000
00000101
00000000
,  // measure 3
00001000
00000000
00110000
00000000
,  // measure 4
01000000
00000000
10010000
00000000
,  // measure 5
01000000
00000000
00110000
00000000
,  // measure 6
00001000
00000000
00000110
00000000
,  // measure 7
00000001
00000000
00001100
00000000
,  // measure 8
00010000
00000000
10100000
00000000
,  // measure 9
01100000
00000000
00000000
00000000
00000000
00000000
10000000
10000000
,  // measure 10
10000000
00000000
00000000
00010000
,  // measure 11
00011000
00000000
00001100
00000000
,  // measure 12
00000011
00000000
00000000
00000000
00000110
00000000
00001000
00010000
,  // measure 13
00022000
00000000
00000000
00000000
00033000
00000000
00100000
00100000
,  // measure 14
00200000
00000000
00000000
00300000
,  // measure 15
00011000
00000000
00001100
00000000
,  // measure 16
00000011
00000000
00000000
00000000
00000000
00000000
00000000
00000000
00000001
00000000
00000000
00000100
00001000
00000000
00010000
00000000
,  // measure 17
00100000
01000000
10000000
00000000
00100000
01000000
00001000
00000000
,  // measure 18
00010000
01000000
00100000
10000000
01000000
00100000
00010000
00000000
,  // measure 19
00001000
00000100
00000010
00000000
00000001
00000100
00001000
00000000
,  // measure 20
00010000
00100000
00001000
00100000
00010000
00100000
00001000
00000000
,  // measure 21
01000000
00100000
00010000
00000000
00001000
00010000
00100000
00000000
,  // measure 22
01000000
10000000
00100000
00000000
01000000
00100000
00001000
00000000
,  // measure 23
00000100
00000010
00000001
00000100
00001000
00010000
00100000
00000000
,  // measure 24
01000000
00000000
00110000
00000000
00001000
00000000
00001100
00000100
,  // measure 25
00000010
00000001
00000100
00001000
00010000
00000000
01100000
00000000
,  // measure 26
01000000
00010000
00001000
00000000
00100000
00010000
00001000
00000000
,  // measure 27
00000010
00000100
00010000
00000000
00100000
00000000
11000000
00000000
,  // measure 28
00010000
00100000
00001000
00010000
00000100
00000010
00000001
00000000
,  // measure 29
00000100
00000100
00000100
00000000
00001000
00000000
00110000
00000000
,  // measure 30
01000000
10000000
00010000
00000000
00100000
00000000
00001100
00000100
,  // measure 31
00010000
00001000
00100000
01000000
10000000
00100000
00010000
00001000
,  // measure 32
00002200
00000000
00000000
00000000
00000000
00000000
00000000
00000000
00003300
00000000
00000000
00000010
00000001
00000000
00000010
00000000
,  // measure 33
00000100
00001000
00010000
00100000
01000000
10000000
00100000
00000000
,  // measure 34
01000000
00010000
10000000
01000000
00100000
00010000
00001000
00000000
,  // measure 35
00000100
00000010
00000001
00000000
00000100
00001000
00010000
00000000
,  // measure 36
00100000
01000000
10000000
00100000
01000000
00010000
00001000
00000000
,  // measure 37
00010000
00001000
00000100
00001000
00010000
00100000
01000000
00000000
,  // measure 38
00100000
01000000
10000000
00100000
00010000
00001000
00000100
00000000
,  // measure 39
00000010
00000001
00000100
00001000
00010000
00100000
10000000
00000000
,  // measure 40
00010000
00000000
00100000
00000000
01000000
00000000
00001000
00000000
00010000
00000000
00000000
00010000
00000100
00000000
00001000
00000000
,  // measure 41
00001001
00000000
00000001
00000000
00000101
00000000
00000000
00000000
00011000
00000000
00010000
00000000
01010000
00000000
00000000
01000000
,  // measure 42
00100000
00000000
00100000
00000000
10100000
00000000
00000000
00000000
01000000
00000000
01000000
00000000
01100000
00000000
00000000
00100000
,  // measure 43
00010000
00000000
00001000
00000000
00011000
00000000
00000000
00000000
00000110
00000000
00000010
00000000
00000011
00000000
00000000
00000001
,  // measure 44
00000100
00000100
00001100
00001000
00011000
00010000
00110000
00000000
,  // measure 45
10000000
01000000
00100000
00000000
00010000
00000000
00001000
00000000
00001200
00000000
00000000
00000000
00000310
00000000
00000000
00000000
,  // measure 46
00000001
00000100
00001000
00000000
00010000
00000000
00100000
00000000
02100000
00000000
00000000
00000000
13000000
00000000
00000000
00000000
,  // measure 47
00100000
01000000
00001000
00000000
00010000
00000000
00000100
00000000
00000120
00000000
00000000
00000000
00000031
00000000
00000000
00000000
,  // measure 48
00000100
00001000
00010000
00000000
00100000
00000000
01000000
00000000
22000000
00000000
00000000
00000000
33000000
00000000
00000000
00010000
,  // measure 49
00002000
00000000
00003000
00010000
00110000
01000000
10000000
00100000
,  // measure 50
01000000
00010000
00001000
00000000
00000100
00000010
00000001
00001000
,  // measure 51
00000100
00010000
00001000
00000000
00010000
00100000
01000000
00000000
,  // measure 52
00100000
00010000
00001000
00000000
00000100
00000010
00001000
00010000
,  // measure 53
00100000
01000000
00010000
00000000
10000000
01000000
00100000
00010000
,  // measure 54
00001000
00000100
00000010
00000000
00000001
00000100
00001000
00010000
,  // measure 55
00100000
01000000
00010000
00000000
00010000
00001000
00000100
00000000
,  // measure 56
00000010
00000001
00000100
00000000
00001000
00010000
00100000
00000000
,  // measure 57
01000000
00000000
10000000
00000000
01010000
00010000
00100000
00001000
,  // measure 58
00010000
01000000
00100000
00000000
01000000
10000000
00010000
00100000
,  // measure 59
00001000
00010000
00100000
00000000
00010000
00001000
00000100
00010000
,  // measure 60
00001000
00100000
00010000
00000000
01000000
10000000
00100000
00010000
,  // measure 61
00001000
00000100
00000010
00000000
00000001
00000100
00001000
00010000
,  // measure 62
00100000
00001000
00010000
00000000
00100000
01000000
00001000
00010000
,  // measure 63
01000000
00100000
10000000
00000000
00010000
00100000
00010000
00001000
,  // measure 64
00000100
00001000
00010000
00000000
01000000
00100000
00010000
00001000
,  // measure 65
00000100
00000010
00000022
00000000
00000033
00000000
00000000
00000000
;

//---------------dance-double - ----------------
#NOTES:
     dance-double:
     :
     Challenge:
     10:
     0.763,1.000,0.745,0.271,0.237,447.000,77.000,28.000,0.000,0.000:  // measure 1
00110000
00000000
00022000
00033000
,  // measure 2
00000110
00000000
00000000
00000000
00000101
00000000
00000000
00001100
,  // measure 3
00022000
00033000
00110000
00000000
,  // measure 4
01100000
00000000
00000000
00000000
10010000
00000000
00000000
01010000
,  // measure 5
02020000
03030000
00110000
00000000
,  // measure 6
00002200
00000000
00003300
00000000
00000110
00000000
00000000
00000101
,  // measure 7
00000202
00000303
00001100
00000000
,  // measure 8
00022000
00000000
00033000
00000000
10100000
00000000
00000000
10100000
,  // measure 9
02200000
00000000
00000000
00000000
03300000
00000000
11000000
11000000
,  // measure 10
22000000
00000000
00000000
00000000
33000000
00000000
00011000
00011000
,  // measure 11
00011000
00000000
00001100
00000000
,  // measure 12
00000011
00000000
00000000
00000000
00000000
00000000
00000000
00000000
00000110
00000000
00000000
00010000
00001000
00000000
00010000
00000000
,  // measure 13
00022000
00000000
00000000
00000000
00033000
00000000
00110000
00110000
,  // measure 14
00220000
00000000
00000000
00330000
,  // measure 15
00011000
00000000
00001100
00000000
,  // measure 16
00000011
00000000
00000000
00000000
00000000
00000000
00000000
00000000
00000011
00000000
00000000
00000100
00001000
00000000
00010000
00100000
,  // measure 17
00010000
00100000
01000000
10000000
00100000
01000000
00001000
00000000
,  // measure 18
00010000
01000000
00100000
10000000
01000000
00100000
00010000
00001000
,  // measure 19
00001000
00000100
00000010
00000001
00000100
00000010
00001000
00000000
,  // measure 20
00010000
00100000
00001000
01000000
00010000
00100000
00001000
00010000
,  // measure 21
01000000
00100000
00010000
00001000
00001000
00010000
00100000
00000000
,  // measure 22
01000000
10000000
00100000
10000000
01000000
00100000
00001000
00000000
,  // measure 23
00000100
00000010
00000001
00000100
00001000
00010000
00100000
00000000
,  // measure 24
01000000
00010000
00110000
00000000
00011000
00000000
00001100
00000100
,  // measure 25
00000011
00000001
00000100
00001000
00010000
00100000
01100000
00000000
,  // measure 26
01000000
00010000
00001000
00010000
00100000
00010000
00011000
00000000
,  // measure 27
00000010
00000100
00010000
00001000
00100000
00010000
11000000
00000000
,  // measure 28
00010000
00100000
00001000
00010000
00000100
00000010
00000011
00000000
,  // measure 29
00000100
00001000
00000100
00010000
00001000
00100000
00110000
00000000
,  // measure 30
01000000
10000000
00010000
01000000
00100000
00010000
00011000
00000100
,  // measure 31
00010000
00001000
00100000
01000000
10000000
00100000
00010000
00001000
,  // measure 32
00002200
00000000
00000000
00000000
00000000
00000000
00000000
00000000
00003300
00000000
00000000
00000010
00000001
00000000
00000010
00000000
,  // measure 33
00000110
00001000
00010000
00100000
01000000
10000000
00100000
10000000
,  // measure 34
01000000
00010000
10000000
01000000
00100000
00010000
00001000
00010000
,  // measure 35
00000100
00000010
00000001
00000010
00000100
00001000
00010000
01000000
,  // measure 36
00100000
01000000
10000000
00100000
01000000
00010000
00001000
00100000
,  // measure 37
00010000
00001000
00000100
00001000
00010000
00100000
01000000
10000000
,  // measure 38
00100000
01000000
10000000
00100000
00010000
00001000
00000100
00001000
,  // measure 39
00000010
00000001
00000100
00001000
00010000
00100000
10000000
01000000
,  // measure 40
00010000
00000000
00100000
00000000
01000000
00000000
00001000
00000000
00011000
00000000
00000000
00010000
00000100
00000000
00001100
00000000
,  // measure 41
00000001
00001000
00000001
00001000
00001100
00000000
00000000
00000000
00010000
00001000
00010000
00001000
01010000
00000000
00000000
01010000
,  // measure 42
00100000
10000000
00100000
10000000
11000000
00000000
00000000
00000000
01000000
00010000
01000000
00010000
00110000
00000000
00000000
00110000
,  // measure 43
00010000
00001000
00010000
00001000
00001100
00000000
00000000
00000000
00000010
00000001
00000010
00000001
00000011
00000000
00000000
00000011
,  // measure 44
00000100
00001000
00000100
00001000
00011000
00000000
00010000
00000000
00110000
01000000
00100000
01000000
11000000
00000000
00000000
00000000
,  // measure 45
11000000
00000000
00100000
00010000
00001000
00000100
00000010
00000001
00001001
00000000
00001000
00000010
00000100
00001000
00010000
00100000
,  // measure 46
01100000
00000000
10000000
00100000
01000000
00010000
00100000
00001000
00011000
00000000
00000100
00000010
00000001
00000100
00001000
00010000
,  // measure 47
00110000
00000000
01000000
10000000
00100000
01000000
00010000
00001000
00011000
00000000
00000100
00000010
00000001
00001000
00000100
00010000
,  // measure 48
00011000
00000000
00100000
01000000
10000000
00100000
01000000
00010000
00220000
00000000
00000000
00000000
00330000
00000000
00000000
00011000
,  // measure 49
00022000
00000000
00000000
00000000
00000000
00000000
00000000
00000000
00033000
00000000
00000000
00000000
00010000
00001000
00010000
00001000
00010000
00000000
00000000
00000000
00100000
00000000
00000000
00000000
10000000
00000000
00000000
00000000
00100000
00000000
00000000
00000000
,  // measure 50
01000000
00010000
00001000
00010000
00000100
00000010
00000001
00001000
,  // measure 51
00000100
00010000
00001000
00100000
00010000
00100000
01000000
10000000
,  // measure 52
00100000
00010000
00001000
00010000
00000100
00000010
00001000
00010000
,  // measure 53
00100000
01000000
00010000
00100000
10000000
01000000
00100000
00010000
,  // measure 54
00001000
00000100
00000010
00000100
00000001
00000100
00001000
00010000
,  // measure 55
00100000
01000000
00010000
10000000
00010000
00001000
00000100
00001000
,  // measure 56
00000010
00000001
00000100
00000010
00001000
00010000
00100000
10000000
,  // measure 57
01000000
00100000
10100000
00000000
01010000
00010000
00100000
00001000
,  // measure 58
00010000
01000000
00100000
10000000
01000000
10000000
00010000
00100000
,  // measure 59
00001000
00010000
00100000
01000000
00010000
00001000
00000100
00010000
,  // measure 60
00001000
00100000
00010000
00100000
01000000
10000000
00100000
00010000
,  // measure 61
00001000
00000100
00000010
00001000
00000001
00000100
00001000
00010000
,  // measure 62
00100000
00001000
00010000
01000000
00100000
01000000
00001000
00010000
,  // measure 63
01000000
00100000
10000000
01000000
00010000
00100000
00010000
00001000
,  // measure 64
00000100
00001000
00010000
00100000
01000000
00100000
00010000
00001000
,  // measure 65
00000100
00000010
00000022
00000000
00000033
00000000
00000000
00000000
;
