#TITLE:Boss machine;
#SUBTITLE:;
#ARTIST:DM Ashura;
#TITLETRANSLIT:;
#SUBTITLETRANSLIT:;
#ARTISTTRANSLIT:;
#CREDIT:;
#BANNER:Boss Machine-bn.png;
#BACKGROUND:Boss Machine-bg.png;
#LYRICSPATH:;
#CDTITLE:!dan23title.png;
#MUSIC:Boss Machine.mp3;
#OFFSET:-1.580;
#SAMPLESTART:78.040;
#SAMPLELENGTH:15.000;
#SELECTABLE:YES;
#BPMS:0.000=160.000;
#STOPS:;
#BGCHANGES:;
// cache tags:
#FIRSTBEAT:12.000;
#LASTBEAT:334.000;
#SONGFILENAME:Songs/All Songs/Dan23 - Boss Machine/Boss Machine.sm;
#HASMUSIC:1;
#HASBANNER:1;
#MUSICLENGTH:129.705;
// end cache tags

//---------------dance-single - ----------------
#NOTES:
     dance-single:
     :
     Hard:
     11:
     0.937,1.000,0.524,0.162,0.790,762.000,68.000,21.000,0.000,0.000:  // measure 1
0000
0000
0000
0000
,  // measure 2
0000
0000
0000
0000
,  // measure 3
0000
0000
0000
0000
,  // measure 4
1010
0100
0100
1001
0010
0010
0101
0011
,  // measure 5
1100
0010
0100
0001
1010
0100
0001
0010
,  // measure 6
1100
0010
0010
0101
1000
1000
0011
0110
,  // measure 7
1001
0010
0100
0001
1010
0100
0001
0010
,  // measure 8
1000
0000
0010
0100
0010
0000
0001
0000
0010
0100
0010
0000
1000
0000
0001
0000
,  // measure 9
0100
0010
1000
0100
0010
0001
0100
0001
,  // measure 10
0010
0000
1000
0100
1000
0000
0010
0000
0100
0001
0100
0000
0010
0000
1000
0000
,  // measure 11
0001
0100
0001
0010
0100
0010
0100
0001
,  // measure 12
0110
0000
0000
0000
1100
0000
0000
0000
0110
0000
0000
0000
0011
0000
1000
0100
,  // measure 13
1000
0010
0100
0001
0100
0010
1000
0100
,  // measure 14
0011
0000
0000
0000
1100
0000
0000
0000
0110
0000
0000
0000
0011
0000
1000
0010
,  // measure 15
1000
0100
0001
0100
1010
0000
0101
0000
,  // measure 16
1001
0000
0000
0000
0110
0000
0000
0000
0011
0000
0000
0000
1100
0000
0001
0100
,  // measure 17
0001
0010
0100
1000
0010
0100
0001
0100
,  // measure 18
0001
0010
0100
1000
0001
0100
0010
1000
0001
0100
0010
0100
0001
0100
0010
1000
,  // measure 19
0100
0010
0001
0010
0100
1000
0010
0100
0001
1000
0100
0010
0100
1000
0010
0100
,  // measure 20
0010
0000
0001
0100
0001
0000
0000
0000
1100
0000
0000
0000
0101
0000
0000
0000
,  // measure 21
1010
0000
0101
0000
0011
0000
1100
0000
0000
0000
0001
0100
0001
0000
0000
0000
,  // measure 22
0001
0100
0001
0100
0001
0000
0000
0000
1010
0000
0101
0000
0011
0000
0000
0000
,  // measure 23
1100
0000
0110
0000
0011
0000
0110
0000
1100
0000
0001
0100
0001
0000
0010
0000
,  // measure 24
1000
0000
0010
0100
0010
0000
0000
0000
1100
0000
0000
0000
0011
0000
0000
0000
,  // measure 25
1100
0000
0011
0000
0110
0000
1100
0000
0000
0000
0010
1000
0010
0000
0000
0000
,  // measure 26
0010
1000
0010
1000
0010
0000
0000
0000
1100
0000
0011
0000
0110
0000
0000
0000
,  // measure 27
1100
0000
0011
0000
0110
0000
1010
0000
0101
0000
1000
0010
1000
0000
0100
0000
,  // measure 28
0001
0100
0001
0100
0001
0000
0010
0000
0100
0000
1000
0000
0010
0000
0100
0000
,  // measure 29
0001
0000
1000
0100
1000
0000
0011
0000
0000
0000
0100
0010
0100
0000
0000
0000
,  // measure 30
0001
1000
0010
0100
0001
0000
1000
0000
0010
0000
0100
0000
0001
0000
1000
0000
,  // measure 31
0010
0100
0001
0010
0100
1000
0100
1000
0010
0100
0001
0010
0100
1000
0010
1000
,  // measure 32
0001
0000
0100
0000
0010
0000
0100
0001
0100
0000
0010
0000
1000
0000
0001
0000
,  // measure 33
0010
0000
1000
0001
1000
0000
0010
0000
1000
0000
0001
0010
0100
1000
0001
0100
,  // measure 34
0010
1000
0010
0100
0001
0010
0100
1000
0001
0100
0001
0010
0100
1000
0010
1000
,  // measure 35
0100
0010
0001
0100
0010
0100
0001
0010
0100
1000
0010
0100
0001
0010
0001
1000
,  // measure 36
0002
0000
0000
0000
0010
0000
0000
0000
1000
0000
1003
0000
1000
0000
0001
0100
,  // measure 37
0010
0000
1000
0000
0010
1000
0000
0010
1000
0000
0100
0000
0001
0010
0000
0001
,  // measure 38
0020
0000
0000
0000
0001
0000
0000
0000
0100
0000
0130
0000
0100
0000
1000
0010
,  // measure 39
0100
0000
0001
0000
0010
0100
0000
0010
0100
0000
0001
0000
1000
0001
0000
1000
,  // measure 40
0002
0000
0000
0000
0010
0000
0000
0000
1000
0000
1003
0000
1000
0000
0001
0100
,  // measure 41
0010
0000
1000
0000
0010
1000
0000
0010
1000
0000
0100
0000
0001
0010
0000
0001
,  // measure 42
0020
0000
0000
0000
0001
0000
0000
0000
0100
0000
0130
0000
0100
0000
1000
0010
,  // measure 43
0100
0000
0001
0000
0010
0100
0000
0010
0100
0000
0001
0000
2200
0000
0000
3300
,  // measure 44
0001
0100
0010
1000
0001
0010
0100
1000
0010
0100
0001
1000
0100
0010
0001
0100
,  // measure 45
0010
1000
0001
1000
0010
1000
0100
0010
0001
0100
0001
0100
0010
1000
0100
0010
,  // measure 46
0001
0100
0010
0100
0001
1000
0100
0010
0001
1000
0010
1000
0001
0100
0010
1000
,  // measure 47
0001
0010
0100
1000
0010
0100
0001
1000
0100
0010
0001
0010
0100
1000
0100
0010
,  // measure 48
0100
1000
0010
0100
0001
0100
0001
1000
0010
1000
0100
0010
0001
0100
0010
1000
,  // measure 49
0001
0100
0010
1000
0001
0010
0100
1000
0001
0010
0100
1000
0010
0100
0001
1000
,  // measure 50
0010
0100
0001
1000
0010
1000
0010
0100
0010
0100
0001
0010
0100
1000
0010
0100
,  // measure 51
0001
1000
0100
0010
0001
0100
0010
1000
0001
0010
0100
1000
0001
0100
0010
1000
,  // measure 52
0001
0100
0010
0001
1100
0000
0110
0000
,  // measure 53
0001
0000
0100
0010
0100
0000
0001
0000
0000
0000
1000
0010
1000
0000
0000
0000
,  // measure 54
0101
0000
0010
0100
0010
0000
1000
0000
0101
0000
0000
0000
0011
0000
0000
0000
,  // measure 55
1000
0010
0100
0001
1000
0010
0100
0001
2000
0000
0000
0000
3010
0000
0000
0000
,  // measure 56
0001
0100
0001
0100
0001
0000
0010
0000
1100
0000
0000
0000
0101
0000
0000
0000
,  // measure 57
0001
0000
1000
0010
1000
0000
0001
0000
0000
0000
0100
0010
0100
0000
0000
0000
,  // measure 58
1001
0000
0100
0001
0100
0000
0010
0000
1100
0000
0000
0000
0011
0000
0000
0000
,  // measure 59
0001
0100
0010
1000
0001
0100
0010
1000
0002
0000
0000
0000
1003
0000
0000
0000
,  // measure 60
1000
0010
1000
0010
1000
0000
0100
0000
0001
0010
0001
0010
0001
0000
0100
0000
,  // measure 61
0001
1000
0001
1000
0001
0000
0100
0000
0010
0100
0010
0100
0010
0000
1000
0000
,  // measure 62
0001
0100
0010
1000
0001
0000
0010
0000
0001
0100
0010
1000
0001
0000
0100
0000
,  // measure 63
1000
0001
0100
1000
0101
0000
1100
0000
,  // measure 64
0001
0100
0010
1000
0001
0000
0100
0000
0010
1000
0001
0100
0010
0000
1000
0000
,  // measure 65
0010
0100
0001
1000
0100
0000
0001
0000
1000
0010
0100
0001
1000
0000
0010
0000
,  // measure 66
1000
0000
0010
0000
0100
0000
0001
0010
0001
0000
0010
0000
0100
0000
1000
0000
,  // measure 67
0010
0100
0001
1000
0100
0010
0001
0100
0010
1000
0001
0010
0100
1000
0001
0100
,  // measure 68
0010
0000
1000
0000
0010
0000
0100
0000
0001
0000
0010
0000
0100
0000
0100
1000
,  // measure 69
0200
0301
0020
1030
,  // measure 70
0001
0000
0010
0000
0100
0000
1000
0000
0010
0000
0100
0000
0001
0000
1000
0010
,  // measure 71
1000
0010
0100
0001
0020
0000
0130
0000
,  // measure 72
1000
0000
0010
0000
0100
0000
0001
0000
0010
0000
0100
0000
1000
0000
0001
0100
,  // measure 73
0002
1003
0020
0130
,  // measure 74
1000
0000
0010
0000
0100
0000
0001
0000
1000
0000
0100
0000
0010
0000
0001
1000
,  // measure 75
0001
0010
0100
1000
0020
0000
0130
0000
,  // measure 76
1000
0000
1000
0000
1000
0000
1000
0000
0010
0000
0010
0000
0010
0000
0010
0100
,  // measure 77
0002
1003
0020
0130
,  // measure 78
0001
0000
0001
0000
0001
0000
0001
0000
0100
0000
0100
0000
0100
0000
0100
0010
,  // measure 79
1000
0001
1000
0010
0200
0000
0301
0000
,  // measure 80
1000
0000
1000
0000
0010
0000
0010
0000
0100
0000
0100
0000
0001
0000
0001
0100
,  // measure 81
0020
1030
0200
0310
,  // measure 82
0001
0000
0001
0000
0100
0000
0100
0000
0010
0000
0010
0000
1000
0000
1000
0010
,  // measure 83
0100
0000
0010
0000
1000
0000
0001
0000
0200
0000
0000
0000
0310
1000
0100
0010
,  // measure 84
0002
0000
0003
0000
;
