#TITLE:DXY!;
#SUBTITLE:(IVKAS Style);
#ARTIST:TaQ;
#TITLETRANSLIT:;
#SUBTITLETRANSLIT:;
#ARTISTTRANSLIT:;
#CREDIT:;
#BANNER:dxy.png;
#BACKGROUND:dxy-bg.png;
#LYRICSPATH:;
#CDTITLE:!tarenTitle.png;
#MUSIC:dxy.mp3;
#OFFSET:-3.284;
#SAMPLESTART:43.825;
#SAMPLELENGTH:12.000;
#SELECTABLE:YES;
#BPMS:0.000=148.000;
#STOPS:;
#BGCHANGES:;
// cache tags:
#FIRSTBEAT:0.000;
#LASTBEAT:247.500;
#SONGFILENAME:Songs/All Songs/dxyiidx/dxy.sm;
#HASMUSIC:1;
#HASBANNER:1;
#MUSICLENGTH:103.875;
// end cache tags

//---------------dance-single - ----------------
#NOTES:
     dance-single:
     :
     Hard:
     10:
     1.000,1.000,0.799,0.029,1.000,700.000,83.000,3.000,0.000,0.000:  // measure 1
1001
0000
0000
0001
0000
1000
0000
0100
0000
0010
0000
0001
1000
0010
0100
0000
,  // measure 2
0110
0000
0000
0100
0000
0010
0000
1000
0000
0001
0000
0100
0010
0001
1000
0000
,  // measure 3
1001
0000
0010
0010
1000
0000
0010
0010
1000
0000
0010
0010
1000
0000
0010
0010
,  // measure 4
1001
0000
0010
0010
0001
0000
0010
0010
0001
0000
0010
0010
0001
0000
0010
0010
,  // measure 5
1010
0000
0100
0100
0010
0000
0100
0100
0010
0000
0100
0100
0010
0000
0100
0100
,  // measure 6
2000
0000
0000
0100
0000
0010
0000
0001
0000
0010
0100
0000
3001
0010
0100
0010
,  // measure 7
1001
0000
0100
0100
1000
0000
0100
0100
1000
0000
0100
0100
1000
0000
0001
0010
,  // measure 8
1100
0000
0001
0001
1000
0000
0001
0001
1000
0000
0001
0001
1000
0000
0100
0010
,  // measure 9
0001
0000
0001
0100
1000
0000
0001
0100
1000
0000
0001
0100
1000
0000
0001
0100
,  // measure 10
1001
0000
1000
0100
0001
0000
1000
0100
0001
0000
1000
0100
0001
0000
1000
0100
,  // measure 11
0101
0000
1000
0100
0001
0000
0001
0100
1000
0000
1000
0100
0001
0000
0001
0100
,  // measure 12
1001
0000
1000
0010
0001
0000
0001
0010
1000
0000
1000
0010
0001
0000
0001
0010
,  // measure 13
1001
0000
0100
0010
0001
0000
0100
0010
1000
0000
0100
0010
0001
0000
0100
0010
,  // measure 14
0000
0000
0100
0010
1001
0000
0000
0100
0000
0000
0010
0100
1001
0000
0000
0100
,  // measure 15
1000
0000
0100
0010
1001
0000
0100
0010
1000
0000
0100
0010
1000
0000
0100
0010
,  // measure 16
1000
0000
0100
0010
1001
0000
0100
0010
1000
0000
0100
0010
1000
0000
0100
0010
,  // measure 17
1000
0000
0100
0010
1001
0000
0100
0010
1000
0000
0100
0010
1000
0000
0100
0010
,  // measure 18
1000
0000
0100
0010
1001
0000
0100
0010
1000
0000
0100
0010
1000
0000
0100
0010
,  // measure 19
1000
0000
0100
0010
1001
0000
0100
0010
1000
0000
0100
0010
1000
0000
0100
0010
,  // measure 20
1000
0000
0100
0010
1001
0000
0100
0010
1000
0000
0100
0010
1000
0000
0100
0010
,  // measure 21
1000
0000
0100
0010
1001
0000
0100
0010
1000
0000
0100
0010
1000
0000
0100
0010
,  // measure 22
1000
0000
0100
0010
1001
0000
0100
0010
1000
0000
0100
0010
1000
0000
0100
0010
,  // measure 23
1001
0000
1001
0000
0100
0010
0100
0010
0100
0010
0101
0000
1000
0100
0010
0001
,  // measure 24
1001
0000
1001
0000
0100
0010
0100
0010
0100
0010
0101
0000
1000
0100
0010
0001
,  // measure 25
1001
0000
1001
0000
0100
0010
0100
0010
0100
0010
0101
0000
1000
0100
0010
0001
,  // measure 26
1001
0000
1001
0000
0100
0010
0100
0010
0100
0010
0101
0000
1000
0100
0010
0001
,  // measure 27
0110
0000
0110
0000
1000
0100
0010
0001
0100
0010
1001
0000
0100
0010
0001
0100
,  // measure 28
0110
0000
0110
0000
1000
0100
0010
0001
0100
0010
1001
0000
0100
0010
0001
0100
,  // measure 29
0110
0000
0110
0000
1000
0100
0010
0001
0100
0010
1001
0000
0100
0010
0001
0100
,  // measure 30
0110
0000
0110
0000
1000
0100
0010
0001
0100
0010
1001
0000
0100
0010
0001
0100
,  // measure 31
0110
0000
0110
0000
1000
0100
0010
0001
0100
0010
1001
0000
0100
0010
0001
0100
,  // measure 32
1100
0000
0011
0000
1000
0100
0010
0001
0100
0010
1000
0000
0010
0100
0001
1000
,  // measure 33
0110
0000
0101
0000
0010
0100
0001
1000
0100
0010
0001
0000
0010
0100
1000
0001
,  // measure 34
1100
0000
0011
0000
0001
0100
0010
1000
0100
0010
0001
0000
0010
0100
1000
0010
,  // measure 35
0101
0000
1100
0000
0100
1000
0001
0100
0010
1000
0100
0000
0010
0001
0100
0010
,  // measure 36
1010
0000
0101
0000
0010
0100
0001
1000
0100
0010
0100
0000
0100
0001
0010
0100
,  // measure 37
1010
0000
0101
0000
1000
0100
0000
1000
0000
0010
0100
0000
0001
1000
0001
1000
,  // measure 38
0010
0000
0100
0000
0001
1000
0100
0010
0001
0100
0010
0000
0010
0100
0001
1000
,  // measure 39
0001
0000
1000
0000
0010
0100
0001
1000
0100
0010
0001
0000
0010
0100
1000
0010
,  // measure 40
0100
0000
0001
0000
0010
0100
1000
0001
0100
0010
1000
0000
0010
0100
0001
1000
,  // measure 41
0100
0000
0010
0000
0001
1000
0100
0010
0100
0010
0001
0000
1000
0100
0010
0001
,  // measure 42
1000
0000
0100
0000
1000
0010
0100
0010
1000
0100
0010
0000
0010
0100
1000
0001
,  // measure 43
1000
0000
0100
0000
0010
0001
0100
0010
1000
0010
0100
0000
0001
1000
0100
0010
,  // measure 44
0001
0000
0100
0000
0010
1000
0100
0010
0001
0100
0010
0000
1000
0001
0100
0010
,  // measure 45
1000
0000
0010
0000
0100
0001
0010
0100
1000
0010
0100
0000
0010
0100
0001
1000
,  // measure 46
0010
0000
0000
0000
0200
0000
0000
0000
0002
0000
0300
0000
1000
0003
0000
0000
,  // measure 47
1001
0000
1001
0000
1000
0001
1000
0010
0100
0010
0100
0000
0010
0100
1000
0001
,  // measure 48
1010
0000
1100
0000
0100
1000
0010
0100
0010
0100
0010
0000
1000
0001
0100
0010
,  // measure 49
1100
0000
0011
0000
0010
0100
1000
0010
0100
0001
0010
0000
0010
0100
1000
0100
,  // measure 50
0011
0000
1100
0000
0100
1000
0100
0000
0010
0100
0010
0000
0001
0010
0100
1000
,  // measure 51
0110
0000
1001
0000
1000
0010
0100
0001
0010
0100
1000
0000
0010
0100
0001
1000
,  // measure 52
0110
0000
0101
0000
0010
1000
0100
0010
0001
1000
0100
0000
0010
0001
1000
0100
,  // measure 53
0011
0000
1100
0000
0010
1000
0100
1000
0010
0100
0001
0000
0100
0010
1000
0010
,  // measure 54
1100
0000
1010
0000
0100
0001
0010
0001
0100
0001
1000
0000
0010
0001
0100
0010
,  // measure 55
1000
0000
1000
0000
1000
0011
1000
0000
,  // measure 56
1000
0000
1000
0000
1000
0011
1000
0000
,  // measure 57
1000
0000
1000
0000
1000
0011
1000
0000
,  // measure 58
1000
0000
1000
0000
1000
0011
1000
0000
,  // measure 59
1000
0000
1000
0000
1000
0011
1000
0000
,  // measure 60
1000
0000
1000
0000
1000
0011
1000
0000
,  // measure 61
1000
0000
1000
0000
1000
0011
1000
0000
,  // measure 62
1000
0000
0000
0100
0000
0010
0000
0001
0000
1000
0000
0100
0010
0001
1000
0000
;
