#TITLE:Frozen Fire;
#SUBTITLE:;
#ARTIST:KaW;
#TITLETRANSLIT:;
#SUBTITLETRANSLIT:;
#ARTISTTRANSLIT:;
#CREDIT:;
#BANNER:frozenfire-bn.png;
#BACKGROUND:frozenfire-bg.png;
#LYRICSPATH:;
#CDTITLE:!mwerpTitle.png;
#MUSIC:Frozen_Fire.mp3;
#OFFSET:-0.080;
#SAMPLESTART:42.006;
#SAMPLELENGTH:12.000;
#SELECTABLE:YES;
#BPMS:0.000=160.000,144.000=180.000,144.500=200.000,145.000=220.000,145.500=240.000,146.000=260.000,146.500=280.000,147.000=300.000,147.500=340.000,148.000=379.999,159.500=160.000,160.000=62.360,176.000=80.000,176.500=100.000,177.000=120.000,177.500=140.000,178.000=160.000;
#STOPS:;
#BGCHANGES:;
// cache tags:
#FIRSTBEAT:16.000;
#LASTBEAT:308.000;
#SONGFILENAME:Songs/All Songs/Mwerp - Frozen Fire/frozenfire.sm;
#HASMUSIC:1;
#HASBANNER:1;
#MUSICLENGTH:128.867;
// end cache tags

//---------------dance-single - ----------------
#NOTES:
     dance-single:
     :
     Hard:
     11:
     1.000,1.000,1.000,0.085,0.826,718.000,282.000,11.000,0.000,0.000:  // measure 1
0000
0000
0000
0000
,  // measure 2
0000
0000
0000
0000
,  // measure 3
0000
0000
0000
0000
,  // measure 4
0000
0000
0000
0000
,  // measure 5
1000
0010
1000
0001
0010
0100
1000
0000
1001
0000
0101
0000
0110
0000
0011
0000
,  // measure 6
1000
0100
1000
0000
1000
0001
0010
0000
0011
0000
0110
0000
1100
0000
1001
0000
,  // measure 7
0001
0100
0001
1000
0100
0010
0001
0000
1001
0000
1010
0000
0110
0000
1100
0000
,  // measure 8
0001
0010
0001
0000
0001
1000
0100
0000
1100
0000
0110
0000
0011
0000
1001
0000
,  // measure 9
1000
0010
1000
0001
0010
0100
1000
0000
1001
0000
0101
0000
0110
0000
0011
0000
,  // measure 10
1000
0100
1000
0000
1000
0001
0010
0000
0011
0000
0110
0000
1100
0000
1001
0000
,  // measure 11
0001
1000
0001
1000
0001
1000
0001
1000
0001
0100
0001
0100
0001
0100
0001
0100
,  // measure 12
0001
0000
1000
0000
0001
0000
1000
0000
0001
0000
0010
0000
0001
0000
0010
0000
0001
0010
0100
1000
0001
0010
0100
1000
0001
0010
0100
1000
0001
0010
0100
0010
,  // measure 13
1001
0010
1100
0001
1010
0100
0011
0110
,  // measure 14
1000
0110
0001
1010
0110
0011
1100
1001
,  // measure 15
0100
1000
0011
0100
1010
0100
0011
1100
,  // measure 16
0010
0001
0100
0011
1100
0001
1100
0010
,  // measure 17
1001
0010
1100
0001
1010
0100
0011
0110
,  // measure 18
1000
0110
0001
1010
0110
0011
1100
1001
,  // measure 19
0100
1000
0011
0100
1010
0100
0011
1100
,  // measure 20
0010
0001
0100
0010
1000
2000
3100
0000
,  // measure 21
1001
0010
0001
0010
0000
0000
1001
0010
1000
0010
0100
0000
1001
0000
0000
0000
,  // measure 22
1001
0100
0001
0100
0000
0000
1001
0100
1000
0100
0010
0000
1001
0000
1001
0000
,  // measure 23
0110
0001
0010
0001
0000
0000
0110
0001
0100
0001
1000
0000
1001
0000
0000
0000
,  // measure 24
0110
1000
0010
0000
0000
0000
0000
1000
1010
0000
1001
0000
0101
0000
1001
0000
,  // measure 25
1001
0010
0001
0010
0000
0000
0011
0100
0010
0100
1000
0000
1001
0000
0000
0000
,  // measure 26
1001
0010
1000
0010
0000
0000
1100
0001
0100
0001
0010
0000
1001
0000
1001
0000
,  // measure 27
1010
0100
0010
0100
0000
0000
0011
1000
0001
1000
0010
0000
1001
0000
0000
0000
,  // measure 28
0011
1000
0001
0000
0000
0000
0000
0001
0011
0000
0110
0000
1100
0000
0000
0000
,  // measure 29
1001
0010
0001
0100
0011
0000
1001
0010
1000
0001
1100
0000
1001
0000
0000
0000
,  // measure 30
1001
0100
0001
1000
0011
0000
1001
0100
1000
0010
1100
0000
1001
0000
0110
0000
,  // measure 31
0011
1000
0001
0010
0101
0000
1010
0100
1000
0001
1100
0000
1001
0000
0000
0000
,  // measure 32
1010
0100
0001
0010
0101
0010
1000
0100
1001
0000
1001
0000
0000
0000
0110
0000
,  // measure 33
1001
0010
0001
0100
0011
0000
1001
0010
1000
0001
1100
0000
1001
0000
0000
0000
,  // measure 34
1001
0100
0001
1000
0011
0000
1001
0100
1000
0010
1100
0000
1001
0000
0110
0000
,  // measure 35
0011
1000
0001
0010
0101
0000
1010
0100
1000
0001
1100
0000
1001
0000
0000
0000
,  // measure 36
1010
0100
0001
0010
0101
0010
1000
0100
1001
0000
1001
0000
0000
0000
0110
0000
,  // measure 37
2002
0000
0000
0000
,  // measure 38
0000
0000
0000
0000
,  // measure 39
0000
0000
0000
0000
,  // measure 40
0000
0000
0000
0000
0000
0000
0000
3003
,  // measure 41
1001
0000
0010
0000
1100
0000
1001
0000
1010
0000
0000
0100
1010
0000
0000
0010
1001
0000
1000
0000
1000
0000
0010
0000
1200
0000
0000
0300
1002
0000
1000
0000
,  // measure 42
1003
0000
0010
0000
1000
0000
1100
0000
0011
0000
0000
0001
1100
0000
1000
0100
1001
0000
1000
0000
1000
0000
0100
0000
1010
0000
1000
0000
1100
0000
0000
0000
,  // measure 43
1001
0000
0010
0000
1100
0000
1001
0000
1010
0000
0000
0100
1010
0000
0000
0010
1001
0000
1000
0000
1000
0000
0010
0000
1200
0000
0000
0300
1002
0000
1000
0000
,  // measure 44
1003
0000
0010
0000
1000
0000
1000
0100
0011
0000
0000
0001
1100
0000
1000
0100
1001
0000
1000
0000
1000
0000
0100
0000
1010
0000
1000
0000
2000
0000
0000
0002
,  // measure 45
0000
0000
3003
0000
,  // measure 46
1000
0010
1000
0001
0010
0100
1000
0000
1001
0000
0101
0000
0110
0000
0011
0000
,  // measure 47
1000
0100
1000
0000
1000
0001
0010
0000
0011
0000
0110
0000
1100
0000
1001
0000
,  // measure 48
0001
0100
0001
1000
0100
0010
0001
0000
1001
0000
1010
0000
0110
0000
1100
0000
,  // measure 49
0001
0010
0001
0000
0001
1000
0100
0000
1100
0000
0110
0000
0011
0000
1001
0000
,  // measure 50
1000
0010
1000
0001
0010
0100
1000
0000
1001
0000
0101
0000
0110
0000
0011
0000
,  // measure 51
1000
0100
1000
0000
1000
0001
0010
0000
0011
0000
0110
0000
1100
0000
1001
0000
,  // measure 52
0001
0100
0001
1000
0100
0010
0001
0000
1001
0000
1010
0000
0110
0000
1100
0000
,  // measure 53
0001
0000
1000
0000
0001
0000
0100
0000
0001
0000
1000
0000
0001
0000
0010
0000
0001
0010
0100
1000
0001
0010
0100
1000
0001
0010
0100
1000
0001
0010
0100
0010
,  // measure 54
1001
0010
1100
0001
1010
0100
0011
0110
,  // measure 55
1000
0110
0001
1010
0110
0011
1100
1001
,  // measure 56
0100
1000
0011
0100
1010
0100
0011
1100
,  // measure 57
0010
0001
0100
0011
1100
0001
1100
0010
,  // measure 58
1001
0010
1100
0001
1010
0100
0011
0110
,  // measure 59
1000
0110
0001
1010
0110
0011
1100
1001
,  // measure 60
0100
1000
0011
0100
1010
0100
0011
1100
,  // measure 61
0010
0001
0100
0010
1000
2000
3100
0000
,  // measure 62
1001
0010
1100
0001
1010
0100
0011
0110
,  // measure 63
1000
0110
0001
1010
0110
0011
1100
1001
,  // measure 64
0100
1000
0011
0100
1010
0100
0011
1100
,  // measure 65
0010
0001
0100
0011
1100
0001
1100
0010
,  // measure 66
1001
0010
1100
0001
1010
0100
0011
0110
,  // measure 67
1000
0110
0001
1010
0110
0011
1100
1001
,  // measure 68
0100
1000
0011
0100
1010
0100
0011
1100
,  // measure 69
0010
0001
0100
0010
1000
2000
3100
0000
,  // measure 70
1001
0010
1000
0001
1010
0100
0001
0110
0000
0000
0101
0000
0010
0001
0000
0001
,  // measure 71
1000
0100
0000
0100
1010
0001
1000
0110
0000
0010
0101
0000
1100
0010
0001
0000
,  // measure 72
1001
0100
0001
1000
0101
0010
1000
0110
0000
0000
1010
0000
0100
1000
0000
1000
,  // measure 73
0001
0010
0000
0010
0101
1000
0001
0110
0000
0100
1010
0000
0011
0100
1000
0000
,  // measure 74
1001
0010
1000
0001
1010
0100
0001
0110
0000
0000
0101
0000
0010
0001
0000
0001
,  // measure 75
1000
0100
0000
0100
1010
0001
1000
0110
0000
0010
0101
0000
1100
0010
0001
0000
,  // measure 76
1001
0100
0001
1000
0101
0010
1000
0110
0000
0000
1010
0000
0100
1000
0000
1000
,  // measure 77
0001
0010
0000
0010
0101
1000
0001
0110
0000
0100
1010
0000
0011
0100
0000
0000
,  // measure 78
1001
0000
0000
0000
;
