#TITLE:R8U;
#SUBTITLE:(Another);
#ARTIST:Shiki;
#TITLETRANSLIT:;
#SUBTITLETRANSLIT:;
#ARTISTTRANSLIT:;
#CREDIT:;
#BANNER:r8u-banner.png;
#BACKGROUND:r8u-bg.png;
#LYRICSPATH:;
#CDTITLE:!cynicTitle.png;
#MUSIC:R8U (Another) - Shiki.mp3;
#OFFSET:-0.040;
#SAMPLESTART:96.320;
#SAMPLELENGTH:17.791;
#SELECTABLE:YES;
#DISPLAYBPM:81.000:162.000;
#BPMS:0.000=162.002,40.000=68.572,40.250=75.000,40.500=90.000,40.750=110.000,41.000=130.000,41.250=155.000,41.500=180.000,41.750=205.000,42.000=230.000,42.250=255.000,42.500=280.000,42.750=305.000,43.000=330.000,43.250=355.000,43.500=380.000,43.750=405.000,44.000=162.002,244.000=81.001,260.000=162.002;
#STOPS:;
#BGCHANGES:;
// cache tags:
#FIRSTBEAT:8.000;
#LASTBEAT:371.000;
#SONGFILENAME:Songs/All Songs/r8u/r8u.sm;
#HASMUSIC:1;
#HASBANNER:1;
#MUSICLENGTH:146.033;
// end cache tags

//---------------dance-single - ----------------
#NOTES:
     dance-single:
     :
     Hard:
     11:
     1.000,1.000,1.000,0.219,1.000,1066.000,192.000,32.000,0.000,0.000:  // measure 1
0000
0000
0000
0000
,  // measure 2
0000
0000
0000
0000
,  // measure 3
1001
0100
0010
1000
0000
0001
0010
0001
0100
0000
1010
0000
0101
0000
0011
0000
,  // measure 4
2002
0000
0000
0000
0000
0000
0000
3003
,  // measure 5
0110
0000
0100
0000
0101
0000
0001
0010
0000
0110
0000
0100
1000
0001
0100
0000
,  // measure 6
2020
0000
0000
3030
0202
0000
0000
0303
,  // measure 7
1001
0010
0100
1000
0000
0001
0100
0001
0010
0100
1000
0100
0010
0000
0011
0000
,  // measure 8
0001
0100
0001
1000
0100
0010
0001
0000
0011
0000
1100
0000
1010
0000
0101
0000
,  // measure 9
1001
0100
0010
0000
0110
0000
0100
0001
0000
1000
0100
1000
0001
0100
0010
0000
,  // measure 10
1000
0010
1000
0001
0100
0000
0001
0010
0001
1000
0100
0000
0010
0100
0010
0100
,  // measure 11
2002
0000
0000
0000
0000
0000
0000
3003
,  // measure 12
1001
0000
0100
0010
0000
0100
0001
0010
0100
0000
1001
0000
0220
0000
0000
0330
,  // measure 13
1001
0000
0010
0001
0000
0100
0001
1000
0010
0000
1010
0000
0202
0000
0000
0303
,  // measure 14
1010
0000
1000
0100
0000
1000
0010
0100
0001
1000
0100
0000
0220
0000
0000
0330
,  // measure 15
1001
0100
0010
0001
0000
0100
0010
0100
0010
0000
1001
0000
1010
0000
0101
0000
,  // measure 16
1001
0000
0010
0100
0000
0010
1000
0100
0010
0000
1001
0000
0220
0000
0000
0330
,  // measure 17
1001
0000
0100
1000
0000
0010
1000
0001
0100
0000
0101
0000
2020
0000
0000
3030
,  // measure 18
0101
0000
0001
0010
0000
0001
0100
0010
1000
0001
0010
0000
0220
0000
0000
0330
,  // measure 19
1001
0010
0100
1000
0000
0010
0100
0010
0100
0000
1001
0000
0101
0000
1010
0000
,  // measure 20
0001
0100
0010
1000
0000
0001
0010
0100
1000
0001
0100
0010
0100
0000
0010
0000
,  // measure 21
1000
0100
0010
0100
0000
0010
0001
0100
0001
1000
0100
0010
0001
0000
1000
0000
,  // measure 22
0001
0100
0001
0100
0010
0000
1000
0100
1000
0100
0010
0000
0001
0010
0100
1000
,  // measure 23
0001
0100
0001
0100
0010
1000
0010
1000
0001
0010
0001
0100
0010
0100
0010
1000
,  // measure 24
0001
0100
0010
1000
0000
0001
0010
0100
1000
0001
0100
0010
0100
0000
0010
0000
,  // measure 25
1000
0100
0010
0100
0000
0010
0001
0100
0001
1000
0100
0010
0001
0000
1000
0000
,  // measure 26
0001
0100
0001
0100
0010
0000
1000
0100
1000
0100
0010
0000
0001
0010
0100
1000
,  // measure 27
0001
0100
0001
0100
0010
1000
0010
1000
0001
0010
0001
0100
0010
0100
0010
0000
,  // measure 28
0001
0100
0001
0010
0000
0100
1000
0100
0010
0001
0100
0000
0101
0000
1010
0000
,  // measure 29
0001
0001
0100
0001
0100
0010
1000
0000
1010
0000
0011
0000
0101
0000
1100
0000
,  // measure 30
1001
0000
0100
0000
0010
0000
0100
0010
1100
0001
0000
0100
0010
0000
1000
0000
,  // measure 31
0001
0010
0001
1000
0100
0000
1000
0010
1000
0001
0100
0000
0010
0100
0001
0001
,  // measure 32
1000
0010
1000
0100
0000
0010
0001
0010
0100
1000
0010
0000
1010
0000
0101
0000
,  // measure 33
1000
1000
0010
1000
0010
0100
0001
0000
0101
0000
1100
0000
1010
0000
0011
0000
,  // measure 34
1001
0000
0010
0000
0100
0000
0010
0100
0011
1000
0000
0010
0100
0000
0001
0000
,  // measure 35
1000
0100
1000
0001
0010
0000
0001
0100
0001
1000
0010
0000
0100
0010
1000
0001
,  // measure 36
1000
0100
0010
0001
0000
0100
0001
0100
0010
1000
0001
0000
1001
0000
0110
0000
,  // measure 37
1001
0000
0010
0000
1001
0000
0010
0000
1001
0100
0010
0220
0000
0000
0000
0330
,  // measure 38
1001
0000
0100
0010
0000
0001
0100
0001
0010
0100
1000
0000
1100
0000
0011
0000
,  // measure 39
1001
0000
0010
0100
0000
1000
0010
0100
0001
1000
0010
0000
1010
0000
0101
0000
,  // measure 40
1001
0000
0100
0010
0000
1000
0100
0010
0001
0100
0010
0000
0110
0000
1001
0000
,  // measure 41
0110
0000
0010
1000
0000
0100
0010
0001
0100
0001
1000
0000
1001
0000
0110
0000
,  // measure 42
1001
0000
0010
1100
0000
1000
0100
1000
1010
0000
0010
0101
0000
0001
0100
0001
,  // measure 43
0011
0000
0010
0110
0000
0100
1000
0010
0100
0010
0200
0000
0001
0000
0301
0000
,  // measure 44
1001
0000
0100
0011
0000
0001
0010
0001
0101
0000
0100
1010
0000
1000
0010
1000
,  // measure 45
1100
0000
0100
0110
0000
0010
0001
0010
0101
0000
1010
0000
1100
0000
0011
0000
,  // measure 46
0001
0010
0100
2020
0000
0000
0000
3030
1000
0010
0100
0022
0000
0000
0000
0033
,  // measure 47
0010
0100
1000
0101
0000
0000
0101
0000
0010
1000
0100
0011
0000
0000
0011
0000
,  // measure 48
0010
0001
0100
1010
0000
0000
1010
0000
0100
0001
1000
0101
0000
0000
0101
0000
,  // measure 49
0001
0010
0100
1000
0011
0000
1100
0000
2002
0000
0000
0000
0000
0000
3003
0000
,  // measure 50
1001
0000
0100
0011
0000
0001
0010
0001
0101
0000
0100
1010
0000
1000
0010
1000
,  // measure 51
1100
0000
0100
0110
0000
0010
0001
0100
0010
0100
0020
0000
1000
0000
1030
0000
,  // measure 52
1001
0000
0010
1100
0000
1000
0100
1000
1010
0000
0010
0101
0000
0001
0100
0001
,  // measure 53
0011
0000
0010
0110
0000
0100
1100
1000
0010
1010
0000
0100
0101
0000
1010
0000
,  // measure 54
1000
0010
1000
0100
0000
0010
0001
0010
0100
1000
0010
0000
1010
0000
0101
0000
,  // measure 55
1000
1000
0010
1000
0010
0100
0001
0000
0101
0000
1100
0000
1010
0000
0011
0000
,  // measure 56
1001
0000
0010
0000
0100
0000
0010
0100
0011
1000
0000
0010
0100
0000
0001
0000
,  // measure 57
1000
0100
1000
0001
0010
0000
0001
0100
0001
1000
0010
0000
0100
0010
1000
1000
,  // measure 58
0001
0100
0001
0010
0000
0100
1000
0100
0010
0001
0100
0000
0101
0000
1010
0000
,  // measure 59
0001
0001
0100
0001
0100
0010
1000
0000
1010
0000
0011
0000
0101
0000
1100
0000
,  // measure 60
1001
0000
0100
0000
0010
0000
0100
0010
1100
0001
0000
0100
0010
0000
1000
0000
,  // measure 61
0001
0010
0001
1000
0100
0000
1000
0010
1000
0001
0100
0000
0010
0100
0001
1000
,  // measure 62
0001
0000
1000
0000
0000
0000
0000
0000
0011
0000
0000
0000
0100
1000
0010
0000
0000
0000
0100
0001
0100
0010
1000
0100
0010
0001
0100
0000
1010
0000
0101
0000
,  // measure 63
1001
0100
0010
0000
1010
0000
0000
0000
1001
0000
0100
0010
0001
0000
0011
0000
0000
0000
0010
0100
0010
0100
1000
0001
0100
0010
1000
0100
0010
0000
0100
0000
,  // measure 64
1001
0000
0001
0000
0000
0000
0000
0000
1100
0000
0000
0000
0010
0001
0100
0000
0000
0000
0010
1000
0010
0100
0001
0010
0100
1000
0010
0000
0101
0000
1010
0000
,  // measure 65
1001
0010
0100
0000
0101
0000
0000
0000
1001
0000
0010
0100
1000
0000
1100
0000
0000
0000
0100
0010
0100
0010
0001
1000
0010
0100
0001
0010
0100
0000
0010
0000
,  // measure 66
1001
0010
0100
0001
0000
1000
0100
0010
0001
1000
0010
0100
0010
0000
0100
0000
,  // measure 67
0001
0010
0100
0010
0000
0100
1000
0010
1000
0001
0010
0100
1000
0000
0001
0000
,  // measure 68
1000
0010
1000
0010
0100
0000
0001
0010
0001
0010
0100
0000
1000
0100
0010
0001
,  // measure 69
1000
0010
1000
0010
0100
0001
0100
0001
1000
0100
1000
0010
0100
0010
0100
0001
,  // measure 70
1000
0010
0100
0001
0000
1000
0100
0010
0001
1000
0010
0100
0010
0000
0100
0000
,  // measure 71
0001
0010
0100
0010
0000
0100
1000
0010
1000
0001
0010
0100
1000
0000
0001
0000
,  // measure 72
1000
0010
1000
0010
0100
0000
0001
0010
0001
0010
0100
0000
1000
0100
0010
0001
,  // measure 73
1000
0010
1000
0010
0100
0001
0100
0001
1000
0100
1000
0010
0100
0010
0100
0000
,  // measure 74
1001
0010
0100
1000
0000
0001
0100
0001
0010
0100
1000
0100
0010
0000
0011
0000
,  // measure 75
0001
0100
0001
1000
0100
0010
0001
0000
0011
0000
1100
0000
1010
0000
0101
0000
,  // measure 76
1001
0100
0010
0000
0110
0000
0100
0001
0000
1000
0100
1000
0001
0100
0010
0000
,  // measure 77
1000
0010
1000
0001
0100
0000
0001
0010
0001
1000
0100
0000
0010
0100
0010
0100
,  // measure 78
1001
0100
0010
0001
0000
1000
0010
1000
0100
0010
0001
0010
0100
0000
1100
0000
,  // measure 79
1000
0010
1000
0001
0010
0100
1000
0000
1100
0000
0011
0000
0101
0000
1010
0000
,  // measure 80
1001
0010
0100
0000
0110
0000
0010
1000
0000
0001
0010
0001
1000
0010
0100
0000
,  // measure 81
0001
0100
0001
1000
0010
0000
1000
0100
1000
0001
0010
0000
0100
0010
0100
0010
,  // measure 82
1001
0100
0001
0010
0000
0100
1000
0100
0010
0001
0100
0000
0101
0000
1010
0000
,  // measure 83
0001
0001
0100
0001
0100
0010
1000
0000
1010
0000
0011
0000
0101
0000
1100
0000
,  // measure 84
1001
0000
0100
0000
0010
0000
0100
0010
1100
0001
0000
0100
0010
0000
1000
0000
,  // measure 85
0001
0010
0001
1000
0100
0000
1000
0010
1000
0001
0100
0000
0010
0100
0001
0001
,  // measure 86
1000
0010
1000
0100
0000
0010
0001
0010
0100
1000
0010
0000
1010
0000
0101
0000
,  // measure 87
1000
1000
0010
1000
0010
0100
0001
0000
0101
0000
1100
0000
1010
0000
0011
0000
,  // measure 88
1001
0000
0010
0000
0100
0000
0010
0100
0011
1000
0000
0010
0100
0000
0001
0000
,  // measure 89
1000
0100
1000
0001
0010
0000
0001
0100
0001
1000
0010
0000
0100
0010
1000
0001
,  // measure 90
1000
0100
1000
0000
1000
0000
0100
1000
0000
0100
1000
0000
0100
1000
0100
1000
,  // measure 91
0010
1000
0010
0000
0010
0000
1000
0010
0000
1000
0010
0000
1000
0010
1000
0010
,  // measure 92
0100
0010
0100
0000
0100
0000
0010
0100
0000
0010
0100
0000
0010
0100
0010
0100
,  // measure 93
1001
0000
0110
0000
1001
0100
0010
2002
0000
0000
3003
0000
0110
0000
0000
0000
;
