#TITLE:MAX 300;
#SUBTITLE:(BM IIDX version);
#ARTIST:Ω;
#TITLETRANSLIT:;
#SUBTITLETRANSLIT:;
#ARTISTTRANSLIT:Omega;
#CREDIT:;
#BANNER:max300iidx.png;
#BACKGROUND:max300iidx-bg.png;
#LYRICSPATH:;
#CDTITLE:!a0Title.png;
#MUSIC:max300iidx.mp3;
#OFFSET:-3.620;
#SAMPLESTART:13.189;
#SAMPLELENGTH:12.000;
#SELECTABLE:YES;
#BPMS:0.000=300.000,270.000=277.000,270.167=251.000,270.333=226.000,270.500=129.000,270.667=66.000,270.833=12.000,271.458=300.000;
#STOPS:;
#BGCHANGES:;
// cache tags:
#FIRSTBEAT:0.000;
#LASTBEAT:408.000;
#SONGFILENAME:Songs/All Songs/Max300 (BM IIDX version)/max300iidx.sm;
#HASMUSIC:1;
#HASBANNER:1;
#MUSICLENGTH:92.270;
// end cache tags

//---------------dance-single - ----------------
#NOTES:
     dance-single:
     :
     Hard:
     11:
     1.000,1.000,1.000,0.022,0.076,555.000,232.000,2.000,0.000,0.000:  // measure 1
0001
0000
0001
0100
1000
0010
0000
1000
,  // measure 2
0001
0000
0100
0000
1000
0001
0000
1000
,  // measure 3
0011
1000
0001
0000
1000
0010
0000
0100
,  // measure 4
0001
0010
1000
0000
,  // measure 5
1001
0000
1001
0100
1010
0001
0100
0010
,  // measure 6
1001
0000
0110
0000
1010
0001
0100
0010
,  // measure 7
1001
0000
0101
0000
1010
0001
0100
0010
,  // measure 8
1001
0110
1010
0100
,  // measure 9
1001
0000
1000
0010
1000
0001
1000
0010
,  // measure 10
1001
0000
0110
0000
1000
0001
1000
0010
,  // measure 11
1001
0001
0011
0000
1001
0001
0101
0000
,  // measure 12
1001
0001
0011
0001
1001
0001
0101
0001
,  // measure 13
1001
0000
0110
0000
1000
0001
0100
0001
,  // measure 14
1001
0000
0101
0000
1000
0001
0100
0001
,  // measure 15
1001
0000
0101
0000
1000
0001
0100
0001
,  // measure 16
1001
0110
1001
0011
,  // measure 17
1000
0000
0110
0000
1000
0001
0100
0001
,  // measure 18
1001
0000
0101
0000
1000
0001
0100
0001
,  // measure 19
1001
0000
0101
0000
1000
0001
0100
0001
,  // measure 20
1001
0000
1010
0000
1001
0000
1010
1000
,  // measure 21
1001
0000
0101
0000
1000
0001
0100
0001
,  // measure 22
1001
0000
0101
0000
1000
0001
0100
0001
,  // measure 23
1001
0000
0101
0000
1000
0001
0100
0001
,  // measure 24
1001
1010
1001
1010
,  // measure 25
1001
0000
0110
0000
0000
1000
0001
0100
,  // measure 26
1001
0000
0101
0000
0000
0001
1100
0001
,  // measure 27
1001
0000
0001
1100
0000
0001
1001
0000
,  // measure 28
1100
0100
0110
0100
1100
0100
0110
0100
,  // measure 29
1100
0100
1000
0101
,  // measure 30
1000
0101
1010
0100
,  // measure 31
1001
0000
0101
0000
1000
0010
0100
0010
,  // measure 32
1000
0100
1000
0101
,  // measure 33
1000
0101
1100
0100
,  // measure 34
1100
0000
0101
0000
1000
0010
0100
0010
,  // measure 35
0011
1000
0100
1001
,  // measure 36
0100
1001
0101
1000
,  // measure 37
0110
0000
1001
0000
0100
0010
1000
0010
,  // measure 38
0011
1000
0100
1001
,  // measure 39
0100
0000
1100
0010
0101
0010
1100
0000
,  // measure 40
0011
0000
1001
0000
0100
0010
1000
0010
,  // measure 41
1000
0100
1001
0110
,  // measure 42
1010
0101
1001
0110
,  // measure 43
0011
0101
1010
0101
,  // measure 44
0011
1100
1010
0110
,  // measure 45
1010
0011
1100
0110
,  // measure 46
0011
0000
0101
0000
1000
0010
0100
0010
,  // measure 47
1000
0100
1001
0110
,  // measure 48
1010
0011
1100
0110
,  // measure 49
0011
0101
1010
1001
,  // measure 50
0010
1010
0010
1001
,  // measure 51
0010
1100
0101
1000
,  // measure 52
0011
0101
0000
0000
,  // measure 53
1001
0000
1001
0010
1000
0100
0010
0100
,  // measure 54
1001
0000
1001
0010
0100
0010
0001
0100
,  // measure 55
1001
0000
1001
0010
0100
0001
1000
0010
,  // measure 56
1001
0011
0110
0000
,  // measure 57
1001
0000
1001
0100
0010
1000
0100
0010
,  // measure 58
1001
0000
1001
0100
0010
1000
0001
0010
,  // measure 59
1100
0110
1100
0000
1001
0010
1000
0100
,  // measure 60
1001
1010
0110
0000
,  // measure 61
1001
0000
1001
0010
0100
1000
0001
0010
,  // measure 62
1001
0000
1001
0010
0100
0001
1000
0010
,  // measure 63
1001
0000
1001
0100
0010
0001
0100
0010
,  // measure 64
1001
1010
0110
0000
,  // measure 65
1001
0000
1001
0010
1000
0100
0010
0100
,  // measure 66
1001
0000
1001
0100
0010
0001
0100
0010
,  // measure 67
1100
0000
0101
0000
0010
0000
1100
0000
0101
0000
0010
0000
,  // measure 68
1100
0000
0101
0000
1100
0000
1001
0000
0000
0000
0000
0000
,  // measure 69
0001
1000
0001
0010
0001
0000
1000
0001
,  // measure 70
1000
0100
1000
0000
0110
0000
0011
0000
,  // measure 71
1100
0000
1000
0001
0010
0001
1000
0000
,  // measure 72
0001
1000
0010
1000
0001
0000
1000
0001
,  // measure 73
0010
0001
0100
0010
0100
0001
0100
0010
,  // measure 74
1000
0000
0001
0010
0100
0010
0001
0000
,  // measure 75
1000
0010
0100
0000
0011
0000
1000
0100
,  // measure 76
0001
1000
0100
0001
0010
0000
1001
0000
,  // measure 77
0010
0010
0010
0100
0100
0000
0001
0001
,  // measure 78
0001
0010
0010
0000
0100
0100
0100
1000
,  // measure 79
1000
0000
0010
0010
0010
0100
0100
0000
,  // measure 80
0001
0001
0001
1000
1000
0000
0100
0100
,  // measure 81
0100
0010
0010
0000
0001
0001
0001
0100
,  // measure 82
0100
0000
0010
0010
0010
1000
1000
0000
,  // measure 83
0001
0001
0001
1000
1000
0000
0001
0001
,  // measure 84
0100
0100
0010
0010
1000
1000
0100
0100
,  // measure 85
0010
0000
0001
1010
0000
0110
1010
0000
,  // measure 86
1100
0000
0010
0000
0000
0001
0000
0000
,  // measure 87
1100
0000
0001
1010
0000
0110
1010
0001
,  // measure 88
1100
0000
0010
0000
0000
1000
0000
0000
,  // measure 89
0011
0000
1000
0101
1000
0110
0101
0000
,  // measure 90
0011
0000
1000
0101
1000
0011
0101
0000
,  // measure 91
0011
0000
1000
0101
1000
0110
0101
0000
,  // measure 92
1100
0000
0011
0000
0000
1001
0000
0000
,  // measure 93
1100
0000
0001
1010
0001
0110
1010
0000
,  // measure 94
1100
0000
0001
1010
0001
1100
1010
0000
,  // measure 95
1100
0000
0001
1010
0001
0110
1010
0000
,  // measure 96
1100
0000
0001
1010
0001
1100
1010
0000
,  // measure 97
1100
0000
0001
1010
0001
0110
1010
0000
,  // measure 98
1100
0000
0001
1010
0001
1100
1010
0000
,  // measure 99
0011
0000
0011
0000
0011
0000
0000
0000
0000
0000
0000
0000
,  // measure 100
1010
0000
1010
0000
1010
0000
0000
0000
0000
0000
0000
0000
,  // measure 101
1001
0000
0101
0000
0011
0000
1001
0000
0101
0000
0011
0000
,  // measure 102
2002
0000
0000
0000
,  // measure 103
3003
0000
0000
0000
;
