#TITLE:BEE;
#SUBTITLE:(v3);
#ARTIST:BANYA;
#TITLETRANSLIT:;
#SUBTITLETRANSLIT:;
#ARTISTTRANSLIT:;
#CREDIT:;
#BANNER:BEE-bn.png;
#BACKGROUND:BEE-bg.png;
#LYRICSPATH:;
#CDTITLE:!b00mbaTitle.png;
#MUSIC:Bee.mp3;
#OFFSET:-0.210;
#SAMPLESTART:42.120;
#SAMPLELENGTH:12.000;
#SELECTABLE:YES;
#BPMS:0.000=160.000;
#STOPS:;
#BGCHANGES:;
// cache tags:
#FIRSTBEAT:0.000;
#LASTBEAT:220.000;
#SONGFILENAME:Songs/All Songs/Boomba - BEE/Bee.sm;
#HASMUSIC:1;
#HASBANNER:1;
#MUSICLENGTH:86.653;
// end cache tags

//---------------dance-single - ----------------
#NOTES:
     dance-single:
     :
     Hard:
     11:
     1.000,1.000,0.808,0.046,1.000,694.000,70.000,4.000,0.000,0.000:  // measure 1
1001
0000
0000
0000
0110
0000
0000
0110
1001
0000
0000
0000
0101
0000
0000
0000
,  // measure 2
1001
0010
0100
0001
0100
0001
1000
0100
0010
0001
1000
0001
1000
0001
0010
0100
,  // measure 3
1001
0100
1000
0010
0100
0001
1000
0010
0100
0001
1000
0100
0010
0001
1000
0010
,  // measure 4
0100
0001
0010
0100
1000
0001
1000
0010
0100
0001
1000
0001
0010
0001
1000
0100
,  // measure 5
1000
0010
0100
0001
1000
0010
0100
0001
1000
0001
0010
0001
0100
0010
1000
0100
,  // measure 6
0010
0001
1000
0010
0100
0001
0010
0100
1000
0010
0100
0001
1000
0001
0010
0100
,  // measure 7
1001
0010
0100
0001
0010
0001
0100
0010
1000
0100
0010
0001
1000
0100
0010
0001
,  // measure 8
1000
0100
0010
0001
0010
0100
1000
0001
0010
0100
1000
0010
0100
0001
1000
0001
,  // measure 9
0100
0001
0010
0001
1000
0010
1000
0100
1000
0010
0100
0001
1000
0001
0100
0001
,  // measure 10
1000
0100
0010
0100
1000
0100
0010
0001
1000
0100
1000
0100
0010
0001
1000
0100
,  // measure 11
0011
0100
1000
0100
0010
0001
1000
0100
0011
0100
1000
0001
1000
0010
0100
0001
,  // measure 12
1010
0001
0100
0010
1000
0001
0100
0010
1001
0100
1000
0001
0010
0100
1000
0100
,  // measure 13
0011
0100
1000
0001
0110
0001
1000
0010
0101
0010
1000
0001
0100
0001
1000
0001
,  // measure 14
2000
0000
0000
0000
0000
0001
0000
3000
,  // measure 15
1010
0001
0100
0010
1000
0001
0100
0010
1001
0100
1000
0100
1000
0100
1000
0100
,  // measure 16
0011
0100
1000
0001
0010
0100
1000
0001
0110
0001
1000
0001
1000
0001
1000
0001
,  // measure 17
0110
0001
1000
0010
0101
0010
1000
0001
1100
0001
0010
0100
1000
0100
0010
0001
,  // measure 18
0020
0000
0000
0000
0000
1000
0000
0030
,  // measure 19
0110
0001
1000
0010
0100
0001
1000
0001
0010
0100
1000
0001
0010
0100
1000
0010
,  // measure 20
0100
0001
1000
0100
0010
0001
1000
0100
1000
0010
0100
0001
0010
0001
0100
0010
,  // measure 21
1001
0100
0010
0001
1000
0001
1000
0001
0100
0001
0010
0001
1000
0100
1000
0001
,  // measure 22
0010
0100
1000
0001
0010
0100
1000
0001
0010
0100
1000
0001
1000
0001
1000
0001
,  // measure 23
1000
0100
0010
0001
1000
0100
0010
0001
1000
0100
0010
0001
0100
0001
1000
0001
,  // measure 24
0110
0000
0000
0000
,  // measure 25
2002
0000
0000
0000
,  // measure 26
0000
0000
0000
0000
0000
0000
0000
0000
0000
0000
0000
0000
0000
0000
0000
3003
,  // measure 27
0010
0100
0001
0100
0010
1000
0001
0100
0010
1000
0001
0100
0010
1000
0001
0100
,  // measure 28
0010
0000
0000
1000
0000
0000
0001
0000
0000
0100
0000
0000
0010
0000
0000
1000
0000
0000
0001
0000
0000
1000
0000
0000
0100
0000
0000
0010
0000
0000
0001
0000
0000
0010
0000
0000
0100
0000
0010
0000
0100
0000
0010
0000
0100
0000
0010
0000
,  // measure 29
1001
0010
0001
1000
0010
0100
0001
1000
0100
0010
0001
1000
0010
0100
0001
0010
,  // measure 30
0100
1000
0010
0100
0001
0100
0001
1000
0001
0010
0100
1000
0001
1000
0010
0100
,  // measure 31
0001
1000
0001
0010
0100
0010
0001
1000
0001
0010
0100
1000
0010
0100
0001
1000
,  // measure 32
0001
0010
0001
1000
0100
1000
0010
0100
0001
0010
0100
1000
0010
0100
0001
1000
,  // measure 33
0110
0001
1000
0010
0100
0001
1000
0100
0010
0001
1000
0010
1000
0001
0100
0001
,  // measure 34
0010
0100
1000
0001
0010
0100
1000
0010
0100
0001
1000
0010
1000
0100
0010
0001
,  // measure 35
1000
0100
1000
0001
0010
0100
1000
0010
0100
0001
1000
0010
0100
0001
0010
0001
,  // measure 36
0100
0010
1000
0100
0010
0001
1000
0100
1000
0000
0001
0000
0010
0001
0010
0001
,  // measure 37
1100
0001
0010
0100
1000
0010
0100
0001
1000
0100
0010
0001
1000
0001
0100
0001
,  // measure 38
0010
0100
1000
0010
0100
0001
0010
0001
0100
0010
1000
0100
0010
0001
1000
0100
,  // measure 39
0010
0000
1001
1010
0101
0011
1100
0101
,  // measure 40
0110
0000
0011
0000
,  // measure 41
0011
0000
1001
0110
1100
0011
1100
0110
,  // measure 42
0101
0000
0000
0000
0000
0000
0000
0000
0110
0000
0000
0000
1000
0100
1000
0100
,  // measure 43
1010
0001
0010
0001
1000
0100
1000
0001
0010
0100
1000
0001
0100
0010
1000
0001
,  // measure 44
0100
0010
1000
0010
0100
0010
0100
0001
0010
0001
1000
0100
0010
0100
1000
0001
,  // measure 45
0110
0000
1010
0011
1100
0011
1001
0101
,  // measure 46
0110
0000
1100
0000
,  // measure 47
1100
0000
1001
0101
0110
1100
0110
1001
,  // measure 48
0011
0000
0000
0000
0000
0000
0000
0000
0100
0010
0001
1000
0100
0010
0001
0010
,  // measure 49
1001
0100
1000
0100
1000
0001
0010
0100
1000
0001
0010
0100
1000
0001
0010
0100
,  // measure 50
1000
0100
0010
0001
1000
0100
0010
0001
1000
0100
0010
0001
1000
0100
0010
0001
,  // measure 51
1000
0100
1000
0100
0010
0001
0010
0001
1000
0100
0010
0001
1000
0010
0100
0001
,  // measure 52
1000
0100
0010
0001
0010
0100
1000
0100
0010
0001
0010
0100
1000
0100
0010
0001
0010
0100
1000
0100
0010
0001
0010
0100
,  // measure 53
1001
0000
0000
0000
,  // measure 54
0110
0000
0110
0000
,  // measure 55
1001
0100
0010
0001
1000
0100
0010
0001
0010
0100
1000
0001
0010
0100
1000
0001
,  // measure 56
0110
0000
0000
0000
;
