#TITLE:COLD PIZZA;
#SUBTITLE:;
#ARTIST:m1dy;
#TITLETRANSLIT:;
#SUBTITLETRANSLIT:;
#ARTISTTRANSLIT:;
#CREDIT:;
#BANNER:coldpizza-banner.png;
#BACKGROUND:coldpizza-bg.png;
#LYRICSPATH:;
#CDTITLE:!cynic.png;
#MUSIC:COLD PIZZA.mp3;
#OFFSET:-0.152;
#SAMPLESTART:16.667;
#SAMPLELENGTH:11.980;
#SELECTABLE:YES;
#BPMS:0.000=360.000,396.000=180.001,408.000=360.000;
#STOPS:;
#BGCHANGES:;
// cache tags:
#FIRSTBEAT:52.000;
#LASTBEAT:819.000;
#SONGFILENAME:Songs/All Songs/Cynic - Cold Pizza/coldpizza.sm;
#HASMUSIC:1;
#HASBANNER:1;
#MUSICLENGTH:139.918;
// end cache tags

//---------------dance-single - ----------------
#NOTES:
     dance-single:
     :
     Hard:
     12:
     1.000,1.000,0.572,0.193,0.086,1294.000,80.000,27.000,0.000,0.000:  // measure 1
0000
0000
0000
0000
,  // measure 2
0000
0000
0000
0000
,  // measure 3
0000
0000
0000
0000
,  // measure 4
0000
0000
0000
0000
,  // measure 5
0000
0000
0000
0000
,  // measure 6
0000
0000
0000
0000
,  // measure 7
0000
0000
0000
0000
,  // measure 8
0000
0000
0000
0000
,  // measure 9
0000
0000
0000
0000
,  // measure 10
0000
0000
0000
0000
,  // measure 11
0000
0000
0000
0000
,  // measure 12
0000
0000
0000
0000
,  // measure 13
0000
0000
0000
0000
,  // measure 14
0010
1000
0100
1000
0010
0100
0001
0000
,  // measure 15
0000
0001
0100
0001
0010
0100
1000
0001
,  // measure 16
0100
0000
0001
0100
0001
0100
0010
0000
,  // measure 17
0000
1000
0001
0010
0001
1000
0010
0100
,  // measure 18
1001
0000
1000
0100
0010
0001
1100
0000
,  // measure 19
0100
1000
0001
1000
0010
0100
0001
1000
,  // measure 20
0100
0000
1000
0100
1000
0100
0010
0000
,  // measure 21
0001
0100
0010
1000
0001
1000
0001
1000
,  // measure 22
0110
0000
0010
0100
0001
1000
0010
0000
,  // measure 23
0100
0001
1000
0100
0010
0100
1000
0010
,  // measure 24
0100
0000
0001
0100
0010
0100
0010
0000
,  // measure 25
1000
0001
0010
0100
0001
0100
1000
0010
,  // measure 26
0101
0000
0001
0100
0010
1000
0101
0000
,  // measure 27
1000
0100
0010
0100
1000
0001
0100
0001
,  // measure 28
0100
0000
0010
1000
0001
0010
0100
0000
,  // measure 29
1000
0100
1000
0100
1000
0010
0100
0010
,  // measure 30
1002
0000
0200
0003
0000
0020
0000
0300
,  // measure 31
0000
2000
0000
0000
0000
0000
0030
3000
,  // measure 32
0100
0010
0100
0010
,  // measure 33
0001
0000
1000
0000
0001
0000
1000
0000
0001
0000
1000
0000
0001
0000
1000
0001
,  // measure 34
0100
0001
0010
0001
0100
0010
1000
0000
,  // measure 35
0000
1000
0010
1000
0100
0010
0001
1000
,  // measure 36
0010
0000
1000
0010
1000
0010
0100
0000
,  // measure 37
0000
0001
1000
0100
1000
0001
0100
0010
,  // measure 38
1001
0000
0001
0010
0100
1000
0011
0000
,  // measure 39
0010
0001
1000
0001
0100
0010
1000
0001
,  // measure 40
0010
0000
0001
0010
0001
0010
0100
0000
,  // measure 41
1000
0010
0100
0001
1000
0001
1000
0001
,  // measure 42
0110
0000
0100
0010
1000
0001
0100
0000
,  // measure 43
0010
1000
0001
0010
0100
0010
0001
0100
,  // measure 44
0010
0000
1000
0010
0100
0010
0100
0000
,  // measure 45
0001
1000
0100
0010
1000
0010
0001
0100
,  // measure 46
1010
0000
0010
0100
0001
0100
0001
1000
,  // measure 47
0001
0010
1000
0010
0001
1000
0010
0100
,  // measure 48
0002
0000
1000
0000
2000
0000
0003
3000
,  // measure 49
0010
0000
1000
0000
0010
0000
1000
0000
0001
0000
0100
0000
0001
0100
0010
1000
,  // measure 50
0001
0100
0001
1000
0100
1000
0010
0000
,  // measure 51
0100
0001
1000
0001
0010
0100
1000
0001
,  // measure 52
0100
0000
0010
1000
0001
0010
0100
0000
,  // measure 53
1000
0001
0100
0001
1000
0001
0010
0100
,  // measure 54
1000
0000
0001
0100
0010
1000
0001
0000
,  // measure 55
1000
0001
0100
0010
0001
0010
1000
0001
,  // measure 56
1000
0000
0001
0010
0100
1000
0100
0000
,  // measure 57
1000
0000
0010
0000
0001
0000
0010
0100
0001
0000
0010
0000
1000
0000
0010
0000
,  // measure 58
0001
0100
0010
1000
0001
0100
0001
0000
,  // measure 59
1000
0001
1000
0100
0010
0100
1000
0010
,  // measure 60
0100
0000
0001
0100
0001
0100
0010
1000
,  // measure 61
0001
1000
0100
0010
0001
0010
0100
1000
,  // measure 62
0001
0000
0001
0200
0010
0000
0010
0300
,  // measure 63
0010
2000
0100
0000
0100
3000
0100
0010
,  // measure 64
0001
0000
0001
0100
0010
0000
1000
0010
,  // measure 65
0100
0001
1000
0000
0201
0000
0000
0300
,  // measure 66
0001
0010
1000
0010
0001
0100
1000
0100
,  // measure 67
0001
0010
1000
0010
0001
0100
1000
0100
,  // measure 68
0001
1000
0001
0010
0100
0000
1000
0001
,  // measure 69
0100
0010
1000
0100
1001
0000
1100
0000
,  // measure 70
0100
0010
0001
0100
0001
0000
0100
0010
,  // measure 71
1000
0001
1000
0010
1001
0000
0101
0000
,  // measure 72
0100
0010
1000
0001
0010
0000
0100
1000
,  // measure 73
0010
0100
0001
0010
1001
0000
1100
0000
,  // measure 74
1000
0010
0100
0001
1000
0100
1000
0001
,  // measure 75
0100
0010
1000
0100
1001
0000
0011
0000
,  // measure 76
1000
0001
1000
0100
1010
0000
0001
1000
,  // measure 77
0010
0100
0001
0010
1001
0000
0011
0000
,  // measure 78
0010
0100
1000
0010
1001
0000
0010
0100
,  // measure 79
0001
1000
0001
0100
1001
0000
1010
0000
,  // measure 80
0010
0100
0001
1000
0101
0000
0010
0001
,  // measure 81
0100
0010
1000
0100
1001
0000
0011
0000
,  // measure 82
0001
0100
0010
1000
0001
0010
0001
1000
,  // measure 83
0010
0000
0100
0000
0001
0000
0010
0000
0001
0000
1000
0000
0001
0010
0100
1000
,  // measure 84
0001
1000
0001
0010
0101
0000
1010
0001
,  // measure 85
0100
0010
1000
0100
1001
0000
1100
0000
,  // measure 86
0100
0010
0001
0100
0011
0000
1100
0010
,  // measure 87
1000
0001
1000
0010
1001
0000
0101
0000
,  // measure 88
0100
0010
1000
0001
1010
0000
0101
1000
,  // measure 89
0010
0100
0001
0010
1001
0000
1100
0000
,  // measure 90
1000
0010
0100
0001
1000
0100
1000
0001
,  // measure 91
0100
0010
1000
0100
1001
0000
0011
0000
,  // measure 92
1000
0001
1000
0100
1010
0000
0001
1000
,  // measure 93
0010
0100
0001
0010
1001
0000
0011
0000
,  // measure 94
0010
0100
1000
0010
1001
0000
0010
0100
,  // measure 95
0001
1000
0001
0100
1001
0000
1010
0000
,  // measure 96
0010
0100
0001
1000
0101
0000
0010
0001
,  // measure 97
0100
0000
0010
0000
1100
0000
0010
0000
1001
0000
0000
0000
0001
0010
0100
1000
,  // measure 98
0001
0100
0010
1000
0001
0100
1000
0100
,  // measure 99
0001
1000
0010
0100
0011
0000
1100
0000
,  // measure 100
2000
0000
0000
0000
0000
0000
0000
0000
0000
0000
0001
0000
0000
0002
3000
0000
,  // measure 101
0010
0000
0000
2000
0000
0000
0000
0000
,  // measure 102
0000
0000
0003
0000
0200
0000
0000
3000
,  // measure 103
0310
0001
0010
0001
,  // measure 104
0010
0000
0001
0100
0010
1000
0001
0010
,  // measure 105
0100
0000
1000
0000
0100
0010
0001
1000
,  // measure 106
0010
0000
0100
0000
0010
0100
0001
1000
,  // measure 107
0010
0100
0010
0100
,  // measure 108
0010
0000
0100
0010
1000
0001
0010
0100
,  // measure 109
1000
0000
0001
0000
0100
0001
1000
0100
,  // measure 110
0010
0000
0001
0000
0010
0001
1000
0010
,  // measure 111
0100
0100
0100
0100
,  // measure 112
0100
0000
0100
0001
1000
0001
0010
0100
,  // measure 113
1000
0000
1000
0000
1000
0001
0100
0010
,  // measure 114
0100
0000
0100
0000
0100
0001
1000
0001
,  // measure 115
0100
0010
1000
0001
0100
0010
1000
0001
,  // measure 116
1000
0000
0100
0000
1000
0000
0100
0000
1000
0100
1000
0100
1000
0100
1000
0000
,  // measure 117
0022
0000
0000
0033
,  // measure 118
1000
0000
0010
0000
0100
0000
0001
0000
1000
0000
0001
0000
1000
0100
0010
0001
,  // measure 119
1000
0001
1000
0100
1010
0000
0101
1000
,  // measure 120
0010
0100
0001
0010
1001
0000
0011
0000
,  // measure 121
0010
0100
1000
0010
1100
0000
0011
0100
,  // measure 122
0001
1000
0001
0100
1001
0000
1010
0000
,  // measure 123
0010
0100
0001
1000
0101
0000
1010
0001
,  // measure 124
0100
0010
1000
0100
1001
0000
0011
0000
,  // measure 125
0001
0100
0010
1000
0001
0010
0001
1000
,  // measure 126
0010
0100
0001
0010
1001
0000
1100
0000
,  // measure 127
0001
1000
0001
0010
0101
0000
1000
0001
,  // measure 128
0100
0010
1000
0100
1001
0000
1100
0000
,  // measure 129
0100
0010
0001
0100
1001
0000
0100
0010
,  // measure 130
1000
0001
1000
0010
1001
0000
0101
0000
,  // measure 131
0100
0010
1000
0001
1010
0000
0100
2002
,  // measure 132
0000
0000
0000
3003
,  // measure 133
0001
1000
0010
0100
0010
0100
0000
0001
,  // measure 134
0100
0000
0001
1000
0100
0010
0100
0001
,  // measure 135
0100
1000
0010
0100
0001
1000
0000
0001
,  // measure 136
1000
0001
0010
0100
0000
1000
0001
0100
,  // measure 137
0010
1000
0001
0010
0001
1000
0000
0001
,  // measure 138
0010
0001
0100
0010
0000
1000
0001
0100
,  // measure 139
0010
1000
0001
0010
0100
0001
0100
1000
,  // measure 140
0001
1000
0001
0100
0010
1000
0001
1000
,  // measure 141
0001
1000
0010
0100
0010
0100
0000
0001
,  // measure 142
0100
0000
0001
1000
0100
0010
0100
0001
,  // measure 143
0100
1000
0010
0100
0001
1000
0000
0001
,  // measure 144
1000
0001
0010
0100
0000
1000
0001
0100
,  // measure 145
0010
1000
0001
0010
0001
1000
0000
0001
,  // measure 146
0010
0001
0100
0010
0000
1000
0001
0100
,  // measure 147
0010
1000
0001
0010
0100
0001
0100
1000
,  // measure 148
0001
1000
0001
0100
0010
1000
0001
0000
,  // measure 149
1000
0001
0100
0010
0100
0010
0000
1000
,  // measure 150
0010
0000
1000
0001
0010
0100
0010
1000
,  // measure 151
0010
0001
0100
0010
1000
0001
0000
1000
,  // measure 152
0001
1000
0100
0010
0000
0001
1000
0010
,  // measure 153
0100
0001
1000
0100
1000
0001
0000
1000
,  // measure 154
0100
1000
0010
0100
0000
0001
1000
0010
,  // measure 155
0100
0001
1000
0100
0010
1000
0010
0001
,  // measure 156
1000
0001
1000
0010
0100
0001
1000
0001
,  // measure 157
1000
0001
0100
0010
0100
0010
0000
1000
,  // measure 158
0010
0000
1000
0001
0010
0100
0010
1000
,  // measure 159
0010
0001
0100
0010
1000
0001
0000
1000
,  // measure 160
0001
1000
0100
0010
0000
0001
1000
0010
,  // measure 161
0100
0001
1000
0100
1000
0001
0000
1000
,  // measure 162
0100
1000
0010
0100
0000
0001
1000
0010
,  // measure 163
0100
0001
1000
0100
0010
1000
0010
0001
,  // measure 164
1000
0001
1000
0010
0100
0001
1000
0000
,  // measure 165
0001
0100
0001
0100
0010
1000
0010
1000
,  // measure 166
0100
1000
0100
1000
0001
0010
0001
0010
,  // measure 167
0100
0010
0100
0010
0001
1000
0001
1000
,  // measure 168
0010
0100
0010
0100
0001
1000
0001
1000
,  // measure 169
0001
0010
0100
1000
0001
0100
0010
1000
,  // measure 170
0010
0100
0001
1000
0100
0010
0001
0100
,  // measure 171
0010
1000
0100
0001
0100
1000
0001
0100
,  // measure 172
1000
0100
0010
0001
0010
1000
0001
0010
,  // measure 173
1000
0010
0001
0100
0010
1000
0001
0010
,  // measure 174
0100
1000
0001
0100
0010
1000
0001
0100
,  // measure 175
0001
0010
0100
1000
0001
0100
0010
1000
,  // measure 176
0100
1000
0100
1000
0010
0100
0001
1000
,  // measure 177
0100
0010
0100
0010
0100
0010
0100
0010
,  // measure 178
0001
1000
0001
1000
0001
1000
0001
1000
,  // measure 179
0001
0010
0001
0010
0100
1000
0100
1000
,  // measure 180
0001
0010
0100
1000
0001
0010
0100
1000
,  // measure 181
0001
0100
0001
0000
0100
0000
0010
0000
1000
0010
1000
0000
0010
0000
0100
0000
,  // measure 182
0001
0010
0001
0010
0001
0000
0010
0000
0100
1000
0100
1000
0100
0000
0010
0000
,  // measure 183
2002
0000
0000
3003
,  // measure 184
0110
0000
0000
0000
0010
0000
1000
0000
0001
0000
0010
0000
0100
1000
0100
1000
,  // measure 185
0001
0100
0001
1000
0100
1000
0010
0000
,  // measure 186
0100
0001
1000
0001
0010
0100
1000
0001
,  // measure 187
0100
0000
0010
1000
0001
0010
0100
0000
,  // measure 188
1000
0001
0100
0001
1000
0001
0010
0100
,  // measure 189
1000
0000
0001
0100
0010
1000
0001
0000
,  // measure 190
1000
0001
0100
0010
0001
0010
1000
0001
,  // measure 191
1000
0000
0001
0010
0100
1000
0100
0000
,  // measure 192
1000
0000
0010
0000
0001
0000
0010
0100
0001
0000
0010
0000
1000
0000
0010
0000
,  // measure 193
0001
0100
0010
1000
0001
0100
0001
0000
,  // measure 194
1000
0001
1000
0100
0010
0100
1000
0010
,  // measure 195
0100
0000
0001
0100
0001
0100
0010
1000
,  // measure 196
0001
1000
0100
0010
0001
0010
0100
1000
,  // measure 197
0001
0000
0001
0200
0010
0000
0010
0300
,  // measure 198
0010
2000
0100
0000
0100
3000
0100
0010
,  // measure 199
0001
0000
0001
0100
0010
0000
1000
0010
,  // measure 200
0100
0001
1000
0000
0001
0100
0001
0100
,  // measure 201
2001
0000
0020
3000
0000
0200
0000
0030
,  // measure 202
0000
0002
0000
0000
0000
0000
0300
0003
,  // measure 203
0010
0100
0010
0100
,  // measure 204
1000
0000
0001
0000
1000
0000
0001
0000
1000
0000
0001
0000
1000
0000
0001
0010
,  // measure 205
2200
0000
0000
3300
;
