#TITLE:Bite Your Rhymes;
#SUBTITLE:;
#ARTIST:Mindless Self Indulgence;
#TITLETRANSLIT:;
#SUBTITLETRANSLIT:;
#ARTISTTRANSLIT:;
#CREDIT:;
#BANNER:byr.png;
#BACKGROUND:byr-bg.png;
#LYRICSPATH:;
#CDTITLE:!skorTitle.png;
#MUSIC:Mindless Self Indulgence - Bite Your Rhymes.mp3;
#OFFSET:-7.080;
#SAMPLESTART:37.647;
#SAMPLELENGTH:11.940;
#SELECTABLE:YES;
#BPMS:0.000=158.350;
#STOPS:;
#BGCHANGES:;
// cache tags:
#FIRSTBEAT:8.000;
#LASTBEAT:394.000;
#SONGFILENAME:Songs/All Songs/Skorpion9x - Bite your Rhymes/bite.sm;
#HASMUSIC:1;
#HASBANNER:1;
#MUSICLENGTH:158.362;
// end cache tags

//---------------dance-single - ----------------
#NOTES:
     dance-single:
     :
     Hard:
     11:
     0.932,1.000,1.000,0.366,0.909,800.000,175.000,58.000,0.000,0.000:  // measure 1
0000
0000
0000
0000
,  // measure 2
0000
0000
0000
0000
,  // measure 3
2000
0000
0000
0000
,  // measure 4
0000
0000
0000
0000
0000
0000
0000
3000
1000
1000
1000
1000
1000
1000
1000
1000
,  // measure 5
0002
0000
0000
0000
,  // measure 6
0000
0000
0000
0000
0000
0000
0000
0003
0001
0001
0001
0001
0001
0001
0001
0001
,  // measure 7
0200
0000
0000
0000
,  // measure 8
0000
0000
0000
0000
0000
0000
0000
0300
0100
0100
0100
0100
0100
0100
0100
0100
,  // measure 9
0020
0000
0000
0000
0000
0000
0000
0000
0000
0000
0000
0000
0000
0000
0000
0030
,  // measure 10
1000
0100
0010
0001
0100
0010
1000
0010
0100
0001
0100
0010
0100
0001
1000
0100
,  // measure 11
1001
0000
0110
0000
0001
0100
0001
0110
0000
0000
0000
0000
1001
0000
0000
0000
,  // measure 12
0011
0000
1100
0000
0001
0010
0001
0110
0000
0000
0000
0000
2200
0000
3300
0000
,  // measure 13
1001
0000
0011
0000
0100
1000
0100
1001
0000
0000
0000
0000
0110
0000
0000
0000
,  // measure 14
0101
0000
1010
0000
1000
0001
0010
1100
0000
0000
0000
0000
2002
0000
3003
0000
,  // measure 15
0010
1000
0010
1000
0110
0010
1010
1000
0000
0000
0100
0000
0011
0000
0000
0000
,  // measure 16
0001
1000
0001
1000
0110
0010
1010
0001
0000
0000
0100
0000
0110
0000
0000
0000
,  // measure 17
1000
0001
1000
0001
0101
0100
0110
1000
0000
0000
0100
0000
1001
0000
0000
0000
,  // measure 18
0001
0010
0100
1000
1100
0100
0110
0001
2002
0000
0000
0000
3003
0000
0000
0000
,  // measure 19
1000
0100
1000
0010
0110
0100
0101
0001
0000
0000
0100
0000
0110
0000
0000
0000
,  // measure 20
0001
1000
0100
1000
1010
0010
0110
0100
0000
0000
0001
0000
1001
0000
0000
0000
,  // measure 21
0001
0010
0100
0010
0110
0100
1100
1000
0000
0000
1000
0000
0011
0000
0000
0000
,  // measure 22
0001
1000
0001
0010
0110
0100
1100
1000
0000
0000
0001
0000
0110
0000
0000
0000
,  // measure 23
2002
3003
0220
0330
,  // measure 24
2020
3030
0202
0303
,  // measure 25
0022
0033
2200
3300
,  // measure 26
2002
0000
0000
0000
3003
0000
0010
0100
0010
0100
0010
0000
1001
0000
0110
0000
,  // measure 27
0001
0100
0001
0010
0110
0000
1000
0001
0100
0010
0100
0001
0010
0100
1000
0100
,  // measure 28
1000
0010
0100
0001
1001
0000
0001
0100
0011
1000
0011
1000
0011
1000
0011
1000
,  // measure 29
0011
0000
0101
0000
1001
0100
0010
1000
0010
0100
0001
0010
0100
0010
0001
0100
,  // measure 30
0010
1000
0001
0010
0110
0000
0010
0001
0110
0001
0110
0001
0110
0001
0110
0001
,  // measure 31
1000
0100
0000
1000
0100
0010
0001
0000
1000
0010
0000
1000
0010
0100
0001
0000
,  // measure 32
0001
0100
0000
0001
0100
0010
1000
0000
0011
0000
0110
0000
0011
0000
1001
0000
,  // measure 33
1000
0010
0000
1000
0010
0100
0001
0000
0001
0010
0000
0001
0010
0100
1000
0000
,  // measure 34
1000
0001
0000
1000
0001
0100
0001
0000
0011
0000
1001
0000
1100
0000
1001
0000
,  // measure 35
0010
1000
0000
0010
1000
0001
0100
0000
0001
0010
0000
0001
0010
0100
1000
0000
,  // measure 36
0010
0100
0000
0010
0100
0001
0010
0000
2001
0000
0000
0000
0100
0000
0000
0000
,  // measure 37
0001
0100
0010
0100
,  // measure 38
0010
3100
1002
0100
,  // measure 39
1000
0100
0010
0100
,  // measure 40
0010
0103
1200
0010
,  // measure 41
0001
0010
1000
0010
,  // measure 42
0001
0310
0021
0100
,  // measure 43
1000
0100
0001
0100
,  // measure 44
1000
0130
2000
0000
,  // measure 45
0000
0000
3020
0000
,  // measure 46
0000
0000
0230
0000
,  // measure 47
0000
0000
0302
0000
,  // measure 48
0000
0000
0000
0000
0000
0000
0000
0000
1003
0100
0000
0100
0011
0001
1001
0100
,  // measure 49
0000
0000
0100
0000
1001
0000
0000
0000
1000
0010
0000
0010
0110
0100
0101
1000
,  // measure 50
0000
0000
0100
0000
0011
0000
0000
0000
1000
0010
0000
0010
0110
0100
0101
0001
,  // measure 51
0000
0000
1000
0000
1010
0000
0000
0000
0100
0010
0000
0001
1001
1000
1100
0100
,  // measure 52
0000
0000
0010
0000
0011
0000
0000
0000
0001
0100
0001
0100
0110
0010
1010
1000
,  // measure 53
0000
0000
0100
0000
0110
0000
0000
0000
0001
0010
0001
0010
0110
0100
1100
1000
,  // measure 54
0000
0000
0001
0000
0110
0000
0000
0000
1000
0100
1000
0010
0110
0100
0101
0001
,  // measure 55
0000
0000
1000
0000
1001
0000
0000
0000
0001
0010
0100
0010
0011
0001
0101
0100
,  // measure 56
2002
0000
0000
0000
3003
0000
0000
0000
0001
0100
0001
0100
0010
1000
0010
0001
,  // measure 57
0000
0000
0010
0000
1001
0000
0000
0000
1000
0100
1000
0100
0010
0001
0010
1000
,  // measure 58
0000
0000
0100
0000
1001
0000
0000
0000
1000
0010
1000
0010
0100
0001
0100
1000
,  // measure 59
0000
0000
0010
0000
1001
0000
0000
0000
0001
0010
0001
0010
0100
1000
0100
0001
,  // measure 60
0000
0010
1001
0000
2002
0000
3003
0000
,  // measure 61
0220
0330
2002
3003
,  // measure 62
2200
3300
0022
0033
,  // measure 63
0202
0000
0000
0000
0303
0000
0000
0000
2002
0000
0000
0000
3003
0000
0010
0100
,  // measure 64
0010
0100
0010
0000
0110
0000
1001
0000
1000
0001
0100
0001
0011
0000
0010
0100
,  // measure 65
1000
0001
0100
0001
0010
0100
0010
0001
0100
0010
1000
0100
0110
0000
0010
0001
,  // measure 66
1010
0001
1010
0001
1010
0001
1010
0001
1100
0000
1001
0000
0011
0000
0001
1000
,  // measure 67
0100
1000
0010
0100
0010
1000
0100
0010
0001
0100
0001
1000
1010
0000
1000
0001
,  // measure 68
1100
0001
1100
0001
1100
0001
1100
0001
1100
0001
0000
0001
0100
0010
1000
0000
,  // measure 69
1000
0010
0000
0010
1000
0100
0010
0000
0010
0100
0000
0100
0010
0001
0100
0000
,  // measure 70
1001
0000
1100
0000
0011
0000
1001
0000
0001
0100
0000
0100
0001
0010
0100
0000
,  // measure 71
0100
0010
0000
0010
0001
1000
0100
0000
0100
1000
0000
1000
0010
0100
0001
0000
,  // measure 72
2002
3003
0220
0330
,  // measure 73
0022
0000
0000
0000
0033
0000
1000
0001
1000
0001
1000
0000
0011
0000
1100
0000
,  // measure 74
0001
0100
0001
1000
1010
0010
1000
0100
0010
0001
0100
0010
1000
0010
0100
0001
,  // measure 75
0010
0100
1000
0001
0101
0100
0001
1000
0011
1000
0011
1000
0011
1000
0011
1000
,  // measure 76
0011
0000
0101
0000
1001
0000
0010
1000
0001
0100
0001
0010
0100
1000
0010
0100
,  // measure 77
0001
0010
0001
0100
0110
0010
1000
0001
1100
0001
1100
0001
1100
0001
1100
0001
,  // measure 78
0100
0010
0000
0100
0010
1000
0100
0000
0100
0010
0000
0100
0010
0001
1000
0000
,  // measure 79
1000
0001
0000
1000
0001
0100
0010
0000
0110
0000
1010
0000
0101
0000
0011
0000
,  // measure 80
0001
0010
0000
0001
0010
0100
1000
0000
1000
0010
0000
1000
0010
0100
0001
0000
,  // measure 81
0001
0100
0000
0001
0100
0010
0100
0000
0110
0000
1001
0000
1010
0000
0101
0000
,  // measure 82
0100
0010
0000
0100
0010
1000
0001
0000
1000
0001
0000
1000
0001
0100
0010
0000
,  // measure 83
0100
0010
0000
0100
0010
1000
0100
0000
2010
0000
0000
0000
0001
0000
0000
0000
,  // measure 84
0100
0001
0010
0001
,  // measure 85
0100
3001
0012
1000
,  // measure 86
0100
1000
0010
1000
,  // measure 87
0100
1003
0120
1000
,  // measure 88
0100
0001
0100
1000
,  // measure 89
0100
0031
0210
0001
,  // measure 90
0010
1000
0010
0001
,  // measure 91
0010
0000
0000
0000
0000
0000
0000
0000
1300
0000
0000
0000
0100
0000
0000
0000
0110
0000
0000
0000
0001
0000
0000
0000
1000
0100
1000
0000
0110
0000
0000
0000
,  // measure 92
0001
0000
0000
0000
0100
0000
0000
0000
0010
0000
0000
0000
1000
0000
0000
0000
1001
0100
0001
0000
0100
0000
0000
0000
0010
0000
0000
0000
1000
0000
0000
0000
,  // measure 93
0110
0000
0000
0000
0001
0000
0000
0000
0100
0010
0100
0000
0010
0000
0000
0000
1001
0000
0000
0000
0001
0000
0000
0000
1000
0000
0000
0000
0001
0000
0000
0000
,  // measure 94
0010
0100
1000
0000
0001
0000
0000
0000
0100
0000
0000
0000
0001
0000
0000
0000
1001
0000
0000
0000
0100
0000
0000
0000
0010
1000
0001
0000
1000
0000
0000
0000
,  // measure 95
1001
0000
0000
0000
0010
0000
0000
0000
1000
0000
0000
0000
0100
0000
0000
0000
0110
0000
0000
0000
0001
0000
0000
0000
1000
0010
0100
0000
0101
0000
0000
0000
,  // measure 96
0001
0000
0000
0000
1000
0000
0000
0000
0010
0000
0000
0000
1000
0000
0000
0000
0110
0001
1000
0000
0100
0000
0000
0000
0010
0000
0000
0000
0001
0000
0000
0000
,  // measure 97
0100
0000
0000
0000
0010
0000
0000
0000
1000
0100
0010
0000
0100
0000
0000
0000
1001
0000
0000
0000
0001
0000
0000
0000
1000
0000
0000
0000
1000
0000
0000
0000
,  // measure 98
0100
0010
0100
0000
1000
0000
0000
0000
0010
0000
0000
0000
0100
0000
0000
0000
0101
0000
0000
0000
0001
0000
0000
0000
1000
0010
0100
0000
0001
0000
0000
0000
,  // measure 99
0100
0010
1000
0001
1001
0000
0000
0000
;
