#TITLE:MAX 300;
#SUBTITLE:;
#ARTIST:Ω;
#TITLETRANSLIT:;
#SUBTITLETRANSLIT:;
#ARTISTTRANSLIT:OMEGA;
#CREDIT:;
#BANNER:MAX 300.png;
#BACKGROUND:MAX 300-bg.png;
#LYRICSPATH:;
#CDTITLE:!konamiTitle.png;
#MUSIC:MAX 300.mp3;
#OFFSET:-0.872;
#SAMPLESTART:13.630;
#SAMPLELENGTH:12.000;
#SELECTABLE:YES;
#BPMS:0.000=300.000,290.000=290.000,290.250=280.000,290.500=270.000,290.750=260.000,291.000=250.000,291.250=240.000,291.500=230.000,291.750=220.000,292.000=210.000,292.250=200.000,292.500=190.000,292.750=180.000,293.000=170.000,293.250=160.000,293.500=150.000,293.750=140.000,294.000=130.000,294.250=120.000,294.500=110.000,294.750=100.000,295.000=300.000;
#STOPS:295.000=0.883
;
#BGCHANGES:;
// cache tags:
#FIRSTBEAT:16.000;
#LASTBEAT:435.000;
#SONGFILENAME:Songs/All Songs/Konami - MAX 300/MAX 300.sm;
#HASMUSIC:1;
#HASBANNER:1;
#MUSICLENGTH:92.035;
// end cache tags

//---------------dance-single - ----------------
#NOTES:
     dance-single:
     :
     Hard:
     10:
     0.896,1.000,0.196,0.043,0.065,555.000,18.000,4.000,0.000,0.000:  // measure 1
0000
0000
0000
0000
,  // measure 2
0000
0000
0000
0000
,  // measure 3
0000
0000
0000
0000
,  // measure 4
0000
0000
0000
0000
,  // measure 5
0001
0000
0100
0000
0010
1000
0000
0010
,  // measure 6
1000
0000
0100
0000
0010
0001
0000
0010
,  // measure 7
0001
0000
1000
0000
0001
0100
0000
0010
,  // measure 8
1000
0001
0001
0000
,  // measure 9
1000
0000
0100
0000
0010
0001
0000
0010
,  // measure 10
0001
0000
0100
0000
0010
1000
0000
0010
,  // measure 11
1000
0000
0001
0000
1000
0100
0000
0010
,  // measure 12
0001
1000
1000
0000
,  // measure 13
0001
0000
1000
0100
1000
0100
1000
0100
,  // measure 14
1000
0000
0001
0100
0001
0100
0001
0100
,  // measure 15
0010
1000
0010
0000
0100
0001
0100
0000
,  // measure 16
0001
0010
0100
1000
0010
0100
0001
1000
,  // measure 17
0010
1000
0010
1000
,  // measure 18
0001
0100
0001
0100
,  // measure 19
0010
1000
0100
0010
,  // measure 20
0001
1000
0100
0010
,  // measure 21
0001
0010
0001
0010
0001
0010
0001
0010
,  // measure 22
0100
1000
0100
1000
0100
1000
0100
1000
,  // measure 23
0001
0010
0100
1000
0010
0100
0001
1000
,  // measure 24
0100
0010
0001
0100
0010
1000
0001
0100
,  // measure 25
0010
0100
0010
1000
,  // measure 26
0100
0010
0001
0100
,  // measure 27
0001
1000
0010
0100
,  // measure 28
0010
1000
0100
0010
,  // measure 29
0001
0100
0001
0100
0001
1000
0001
1000
,  // measure 30
0001
0010
0001
0010
0001
1000
0001
1000
,  // measure 31
0001
0000
0000
0101
0000
0000
1100
0000
,  // measure 32
0010
0001
1000
0100
,  // measure 33
0010
0001
0010
0000
0001
0100
0001
0000
,  // measure 34
0100
0010
1000
0001
,  // measure 35
1000
0010
1000
0000
0010
0100
0010
0000
,  // measure 36
0100
0001
1000
0010
,  // measure 37
1000
0001
1000
0000
0001
1000
0001
0000
,  // measure 38
1000
1000
0001
0001
,  // measure 39
0010
0000
0001
0100
0001
0000
0100
0010
,  // measure 40
0100
0001
1000
0010
,  // measure 41
1000
0000
0100
0010
0100
0000
0010
0001
,  // measure 42
0010
0100
1000
0001
,  // measure 43
1000
0000
0001
0100
0010
1000
0001
0100
,  // measure 44
0010
0010
0100
0100
,  // measure 45
0001
1000
0001
0000
1000
0001
1000
0000
,  // measure 46
0001
0100
0001
0000
0100
0010
0100
0000
,  // measure 47
0010
1000
0010
0000
1000
0100
1000
0000
,  // measure 48
0100
0010
0100
0000
0010
0001
0010
0000
,  // measure 49
0001
0100
0001
0000
1000
0100
1000
0000
,  // measure 50
0001
0010
0001
0000
1000
0100
1000
0000
,  // measure 51
0001
1000
0100
0000
0010
0001
0100
0000
,  // measure 52
0001
1000
0010
0000
0100
0001
1000
0000
,  // measure 53
0100
1000
0001
0000
0010
0001
1000
0000
,  // measure 54
0010
0100
0001
0000
1000
0100
0010
0000
,  // measure 55
0001
1000
0001
0000
1000
0000
0000
0000
,  // measure 56
1100
0000
0101
0000
,  // measure 57
1000
0000
0100
1000
0000
0001
0100
0001
,  // measure 58
1000
0000
0010
1000
0000
0001
0010
0001
,  // measure 59
0010
0000
0100
0000
1000
0001
1000
0001
,  // measure 60
1000
1100
0011
0000
,  // measure 61
0001
0000
0100
0001
0000
1000
0100
1000
,  // measure 62
0001
0000
0010
0001
0000
1000
0010
1000
,  // measure 63
0010
0000
0100
0000
0001
1000
0001
1000
,  // measure 64
0001
0101
1010
0000
,  // measure 65
0010
0000
1000
0001
1000
0100
1000
0001
,  // measure 66
0010
0000
0001
1000
0001
0100
0001
1000
,  // measure 67
0010
0000
1000
0100
0010
0001
0100
0010
,  // measure 68
1000
1100
0101
0000
,  // measure 69
1000
0000
0001
0100
0001
0100
0001
0100
,  // measure 70
0001
0000
1000
0100
1000
0100
1000
0100
,  // measure 71
1000
0000
0001
0000
1000
0000
0001
0000
1000
0000
0001
0000
,  // measure 72
0100
0000
2002
0000
,  // measure 73
0000
0000
0000
0000
,  // measure 74
0000
0000
0000
0000
0000
3003
0000
0000
,  // measure 75
1000
0000
0001
0000
0010
0100
1000
0001
,  // measure 76
1000
0100
0010
0001
1000
0001
0100
0000
,  // measure 77
0010
0000
1000
0100
1000
0001
1000
0000
,  // measure 78
0010
1000
0001
0100
0001
0000
0010
0100
,  // measure 79
1000
0100
1000
0001
1000
0010
1000
0001
,  // measure 80
0100
0000
0010
1000
0100
0010
0001
0000
,  // measure 81
0100
0001
0000
0000
1000
0000
0001
0100
,  // measure 82
0010
1000
0010
1000
0001
0000
1000
0000
,  // measure 83
0001
0100
0001
0100
0001
0000
1000
0100
,  // measure 84
1000
0100
1000
0000
0010
0100
0010
0100
,  // measure 85
0010
0000
1000
0001
1000
0001
1000
0000
,  // measure 86
0001
0100
0001
0010
0001
0000
1000
0100
,  // measure 87
1000
0010
1000
0000
0010
0100
0010
1000
,  // measure 88
0001
0000
1000
0001
1000
0010
0100
0000
,  // measure 89
0001
0010
0100
1000
0001
0000
1000
0100
,  // measure 90
1000
0010
1000
0001
1000
0010
1000
0100
,  // measure 91
0010
0000
0001
1000
0000
1000
0001
0000
,  // measure 92
0010
0000
0011
0000
0000
1100
0000
0000
,  // measure 93
0100
0000
1000
0001
0000
0001
1000
0000
,  // measure 94
0100
0000
1100
0000
0000
0011
0000
0000
,  // measure 95
0001
0000
0010
0100
0000
0100
0010
0000
,  // measure 96
0001
0000
0100
0010
0000
0010
0100
0000
,  // measure 97
0010
0000
1000
0001
0000
0001
1000
0000
,  // measure 98
0001
0000
1001
0000
0000
1001
0000
0000
,  // measure 99
0010
0000
0001
1000
0001
0000
0100
0000
,  // measure 100
0001
0000
0010
0100
0010
0000
0001
0000
,  // measure 101
0100
0000
0001
1000
0001
0000
0010
0000
,  // measure 102
1000
0000
0100
0010
0100
0000
1000
0000
,  // measure 103
0010
0100
0010
1000
0001
0100
0010
1000
,  // measure 104
0001
0010
0100
1000
0010
0100
0001
1000
,  // measure 105
0001
0000
0001
0000
0001
0000
0000
0000
0000
0000
0000
0000
,  // measure 106
1000
0000
1000
0000
1000
0000
0000
0000
0000
0000
0000
0000
,  // measure 107
0010
0000
0010
0000
0010
0000
0100
0000
0100
0000
0100
0000
,  // measure 108
2002
0000
0000
0000
,  // measure 109
0000
0000
0000
3003
;

//---------------dance-double - ----------------
#NOTES:
     dance-double:
     :
     Easy:
     6:
     0.438,0.473,0.098,0.109,0.000,263.000,9.000,10.000,0.000,0.000:  // measure 1
00000000
00000000
00000000
00000000
,  // measure 2
00000000
00000000
00000000
00000000
,  // measure 3
00000000
00000000
00000000
00000000
,  // measure 4
00000000
00000000
00000000
00000000
,  // measure 5
00100000
00000000
10000000
00000000
,  // measure 6
00100000
00000000
01000000
00000000
,  // measure 7
00001000
00000000
00010000
00000000
,  // measure 8
00001000
00010000
00010000
00000000
,  // measure 9
00000010
00000000
00001000
00000000
,  // measure 10
00000010
00000000
00000100
00000000
,  // measure 11
00000001
00000000
00000100
00000000
,  // measure 12
00000010
00000100
00000100
00000000
,  // measure 13
00001000
00010000
00001000
00000000
,  // measure 14
00100000
01000000
01000000
00000000
,  // measure 15
10000000
01000000
00010000
00001000
,  // measure 16
00000010
00000001
00000100
00000000
,  // measure 17
00001000
00000000
00010000
00000000
,  // measure 18
00100000
00000000
10000000
00000000
,  // measure 19
01000000
10000000
01000000
00000000
,  // measure 20
10000000
01000000
00010000
00001000
,  // measure 21
00010000
00000000
00000010
00000000
,  // measure 22
00010000
00000000
00000100
00000000
,  // measure 23
00001000
00000010
00000100
00000000
,  // measure 24
00001000
00010000
00100000
10000000
,  // measure 25
00010000
00000000
01000000
00000000
,  // measure 26
00001000
00000000
00010000
00000000
,  // measure 27
00000010
00001000
00000001
00000000
,  // measure 28
00000100
00001000
00010000
00100000
,  // measure 29
10000000
00000000
10000000
00000000
,  // measure 30
00010000
01000000
00010000
00000000
,  // measure 31
00100000
00000000
00000000
00001000
00000000
00000000
00010000
00000000
,  // measure 32
00000010
00001000
00000010
00000000
,  // measure 33
00001000
00000100
00001000
00000000
,  // measure 34
00000001
00000000
00000001
00000000
,  // measure 35
00000001
00000100
00000001
00000000
,  // measure 36
00001000
00000000
00001000
00000000
,  // measure 37
00000010
00001000
00000001
00000000
,  // measure 38
00000001
00000000
00000001
00000000
,  // measure 39
00000001
00000100
00000000
00000000
,  // measure 40
00001000
00010000
00100000
00000000
,  // measure 41
10000000
00000000
01000000
00000000
,  // measure 42
00010000
00001000
00000010
00000000
,  // measure 43
00000001
00000000
00000100
00000000
,  // measure 44
00001000
00010000
00100000
00000000
,  // measure 45
10000000
01000000
10000000
00000000
,  // measure 46
10000000
01000000
00010000
00000000
,  // measure 47
00010000
01000000
00010000
00000000
,  // measure 48
00010000
00001000
00010000
00000000
,  // measure 49
00001000
00000010
00001000
00000000
,  // measure 50
00001000
00000010
00000001
00000000
,  // measure 51
00000010
00000001
00000100
00000000
,  // measure 52
00000001
00000100
00001000
00000000
,  // measure 53
00000100
00001000
00010000
00000000
,  // measure 54
00001000
00000000
00010000
00000000
,  // measure 55
00001000
00010000
00100000
00000000
,  // measure 56
10000000
00000000
01000000
00000000
,  // measure 57
00100000
00010000
00100000
00000000
,  // measure 58
00001000
00010000
00001000
00000000
,  // measure 59
00010000
00001000
00000010
00000001
,  // measure 60
00000100
00001000
00010000
00000000
,  // measure 61
00000010
00001000
00000010
00000000
,  // measure 62
00010000
00001000
00010000
00000000
,  // measure 63
00001000
00010000
00100000
10000000
,  // measure 64
01000000
00010000
00001000
00000000
,  // measure 65
00100000
00010000
00100000
00000000
,  // measure 66
00001000
00010000
00001000
00000000
,  // measure 67
00010000
00001000
00000010
00000001
,  // measure 68
00000100
00001000
00010000
00000000
,  // measure 69
00001000
00010000
00100000
00000000
,  // measure 70
00010000
00000100
00001000
00000000
,  // measure 71
00001100
00000000
00011000
00000000
,  // measure 72
00110000
00000000
00022000
00000000
,  // measure 73
00000000
00000000
00000000
00000000
,  // measure 74
00000000
00000000
00000000
00000000
00000000
00033000
00000000
00000000
,  // measure 75
00100000
00000000
00001000
00000000
,  // measure 76
00000000
00010000
00000010
00000000
,  // measure 77
00001000
00000000
00000010
00000100
,  // measure 78
00000000
00001000
00010000
00000000
,  // measure 79
00100000
10000000
01000000
00010000
,  // measure 80
00000000
00001000
00000010
00000000
,  // measure 81
00000100
00001000
00010000
00100000
,  // measure 82
00000000
10000000
01000000
00010000
,  // measure 83
00001000
00000000
00010000
00000000
,  // measure 84
00000000
00100000
10000000
00000000
,  // measure 85
01000000
00000000
00010000
00000000
,  // measure 86
00000000
00001000
00000010
00000000
,  // measure 87
00000001
00000100
00001000
00010000
,  // measure 88
00000000
00100000
10000000
00000000
,  // measure 89
10000000
01000000
00010000
00001000
,  // measure 90
00000000
00000010
00000001
00000000
,  // measure 91
00000001
00000000
00000000
00001000
00000000
00000000
00000100
00000000
,  // measure 92
00020000
00000000
00000000
00030000
,  // measure 93
00001000
00000000
00000000
00100000
00000000
00000000
01000000
00000000
,  // measure 94
20000000
00000000
00000000
30000000
,  // measure 95
00010000
00000000
00000000
01000000
00000000
00000000
00001000
00000000
,  // measure 96
00020000
00000000
00000000
00030000
,  // measure 97
00000010
00000000
00000000
00001000
00000000
00000000
00000001
00000000
,  // measure 98
00000200
00000000
00000000
00000300
,  // measure 99
00001000
00000000
00000000
00010000
00000000
00000000
00001000
00000000
,  // measure 100
00000020
00000000
00000000
00000030
,  // measure 101
00000001
00000000
00000000
00000100
00000000
00000000
00001000
00000000
,  // measure 102
00020000
00000000
00000000
00030000
,  // measure 103
00001000
00000000
00000000
00000010
00000000
00000000
00000001
00000000
,  // measure 104
00000100
00000000
00000000
00000000
,  // measure 105
00001010
00000000
00000000
00000000
,  // measure 106
00011000
00000000
00000000
00000000
,  // measure 107
00110000
00000000
11000000
00000000
,  // measure 108
02002000
00000000
00000000
00000000
,  // measure 109
00000000
00000000
00000000
03003000
;

//---------------dance-double - ----------------
#NOTES:
     dance-double:
     :
     Medium:
     7:
     0.581,0.650,0.217,0.087,0.000,346.000,20.000,8.000,0.000,0.000:  // measure 1
00000000
00000000
00000000
00000000
,  // measure 2
00000000
00000000
00000000
00000000
,  // measure 3
00000000
00000000
00000000
00000000
,  // measure 4
00000000
00000000
00000000
00000000
,  // measure 5
00100000
01000000
00010000
00000000
,  // measure 6
00100000
00001000
00010000
00000000
,  // measure 7
00000010
00000100
00000001
00000000
,  // measure 8
00001000
00000010
00010000
00000000
,  // measure 9
01010000
00000000
00001100
00000000
,  // measure 10
00000010
00000001
00000100
00000001
,  // measure 11
00001000
00000000
00001000
00000000
,  // measure 12
00000001
00000100
00000001
00000000
,  // measure 13
00000001
00000100
00001000
00000100
,  // measure 14
00000001
00000100
00001000
00010000
,  // measure 15
00100000
10000000
00100000
00010000
,  // measure 16
00100000
10000000
00100000
00010000
,  // measure 17
00100000
00000000
00100000
00000000
00000000
10000000
00000000
10000000
,  // measure 18
01000000
00000000
01000000
00000000
00000000
00010000
00000000
00010000
,  // measure 19
00001000
00000000
00001000
00000000
00000000
00000010
00000000
00000010
,  // measure 20
00000001
00000100
00001000
00010000
,  // measure 21
00100000
00000000
00100000
00000000
00000000
10000000
00000000
10000000
,  // measure 22
01000000
00000000
01000000
00000000
00000000
00010000
00000000
00010000
,  // measure 23
00001000
00000000
00001000
00000000
00000000
00000010
00000000
00000010
,  // measure 24
00000001
00000100
00001000
00010000
,  // measure 25
00000010
00000000
00000010
00000000
00000000
00001000
00000000
00001000
,  // measure 26
00000001
00000000
00000001
00000000
00000000
00000100
00000000
00000100
,  // measure 27
00001000
00000000
00001000
00000000
00000000
00010000
00000000
00010000
,  // measure 28
00001000
00010000
00100000
10000000
,  // measure 29
01000000
00000000
01000000
00000000
00000000
00010000
00000000
00010000
,  // measure 30
00001000
00000000
00001000
00000000
00000000
00000010
00000000
00000000
,  // measure 31
00001100
00000000
00000000
00011000
00000000
00000000
01010000
00000000
,  // measure 32
10000000
00010000
10000000
00010000
,  // measure 33
01000000
00010000
01000000
00010000
,  // measure 34
00100000
00001000
00100000
00001000
,  // measure 35
00010000
00001000
00010000
00001000
,  // measure 36
00010000
00000100
00010000
00000100
,  // measure 37
00000010
00000001
00000010
00000001
,  // measure 38
00001000
00000001
00001000
00000001
,  // measure 39
00001010
00000000
00000101
00000000
,  // measure 40
00000001
00000100
00001000
00010000
,  // measure 41
10100000
00000000
01010000
00000000
,  // measure 42
00001000
00010000
00001000
00010000
,  // measure 43
00001010
00000000
00001001
00000000
,  // measure 44
00000001
00000100
00001000
00010000
,  // measure 45
00000010
00010000
00000010
00010000
,  // measure 46
00000010
00000001
00000010
00000000
,  // measure 47
00001000
00000100
00000010
00000001
,  // measure 48
00001000
00000001
00001000
00000000
,  // measure 49
00000001
00000100
00001000
00010000
,  // measure 50
00100000
10000000
01000000
00000000
,  // measure 51
10000000
01000000
00100000
00010000
,  // measure 52
10000000
00010000
01000000
00100000
,  // measure 53
10000000
01000000
00100000
00010000
,  // measure 54
01010000
00000000
10100000
00000000
,  // measure 55
10000000
01000000
00010000
00001000
,  // measure 56
00000011
00000000
00000101
00000000
,  // measure 57
00000001
00000000
00000001
00000000
00001000
00000001
00000000
00000000
,  // measure 58
00001000
00000000
00001000
00000000
00000100
00001000
00000000
00000000
,  // measure 59
00010000
00000000
00010000
00000000
00001000
00010000
00000000
00001000
,  // measure 60
00010000
01000000
10000000
00000000
,  // measure 61
10000000
00000000
10000000
00000000
00010000
10000000
00000000
00000000
,  // measure 62
00010000
00000000
00010000
00000000
01000000
00010000
00000000
00000000
,  // measure 63
00001000
00000000
00001000
00000000
00010000
00001000
00000000
00010000
,  // measure 64
00001000
00000010
00000001
00000000
,  // measure 65
00000001
00000000
00000001
00000000
00001000
00000001
00000000
00000000
,  // measure 66
00001000
00000000
00001000
00000000
00000100
00001000
00000000
00000000
,  // measure 67
00010000
00000000
00010000
00000000
00001000
00010000
00000000
00001000
,  // measure 68
00010000
01000000
10000000
00000000
,  // measure 69
10000000
00000000
10000000
00000000
00010000
10000000
00000000
00000000
,  // measure 70
00010000
00000000
00010000
00000000
01000000
00010000
00000000
00000000
,  // measure 71
00100000
00000000
00000000
00001000
00100000
00000000
00000000
00000100
,  // measure 72
00010000
00000000
00022000
00000000
,  // measure 73
00000000
00000000
00000000
00000000
,  // measure 74
00000000
00000000
00000000
00000000
00000000
00033000
00000000
00000000
,  // measure 75
00000001
00001000
00000100
00001000
,  // measure 76
00000000
00000001
00000100
00000000
,  // measure 77
00000001
00000100
00001000
00010000
,  // measure 78
00000000
01000000
10000000
00000000
,  // measure 79
00010000
10000000
01000000
10000000
,  // measure 80
00000000
00001000
01000000
00000000
,  // measure 81
00001000
00010000
00000100
00001000
,  // measure 82
00000000
00000001
00000100
00000001
,  // measure 83
00001000
00000010
00001000
00000010
00001000
00000000
00000100
00000000
,  // measure 84
00000000
00001000
00010000
00000000
,  // measure 85
00100000
00010000
00100000
00010000
00100000
00000000
00001000
00000000
,  // measure 86
00000000
00000100
00000001
00000000
,  // measure 87
00001000
00000010
00001000
00000010
00001000
00000000
00000100
00000000
,  // measure 88
00000000
00001000
00010000
00000000
,  // measure 89
00100000
00010000
00100000
00010000
00100000
00000000
00001000
00000000
,  // measure 90
00000000
00010000
00001000
00010000
,  // measure 91
00000010
00000000
00000000
00000001
00000000
00000000
00000100
00000000
,  // measure 92
00001000
00000000
00100000
00000000
,  // measure 93
01000000
00000000
00000000
00100000
00000000
00000000
00001000
00000000
,  // measure 94
00010000
00000000
00000100
00000000
,  // measure 95
00000010
00000000
00000000
00000001
00000000
00000000
00000100
00000000
,  // measure 96
00001000
00000000
00100000
00000000
,  // measure 97
01000000
00000000
00000000
00100000
00000000
00000000
00001000
00000000
,  // measure 98
00020200
00000000
00000000
00030300
,  // measure 99
00000010
00000000
00000000
00000001
00000000
00000000
00000100
00000000
,  // measure 100
00000010
00000000
00000000
00010000
00000000
00000000
00000100
00000000
,  // measure 101
00010000
00000000
00000000
00000010
00000000
00000000
00000100
00000000
,  // measure 102
00001000
00000000
00000000
00010000
00000000
00000000
00100000
00000000
,  // measure 103
10000000
00000000
00000000
01000000
00000000
00000000
00010000
00000000
,  // measure 104
00001000
00000000
00000000
00000010
00000000
00000000
00000001
00000000
,  // measure 105
00000200
00000000
00000000
00000300
,  // measure 106
00000002
00000000
00000000
00000003
,  // measure 107
00001010
00000000
00011000
00000000
,  // measure 108
02020000
00000000
00000000
00000000
,  // measure 109
00000000
00000000
00000000
03030000
;

//---------------dance-double - ----------------
#NOTES:
     dance-double:
     :
     Hard:
     9:
     0.776,1.000,0.130,0.043,0.043,484.000,12.000,4.000,0.000,0.000:  // measure 1
00000000
00000000
00000000
00000000
,  // measure 2
00000000
00000000
00000000
00000000
,  // measure 3
00000000
00000000
00000000
00000000
,  // measure 4
00000000
00000000
00000000
00000000
,  // measure 5
00100000
00000000
00100000
00000000
10000000
01000000
10000000
00000000
,  // measure 6
00010000
00000000
00010000
00000000
01000000
00010000
01000000
00000000
,  // measure 7
00010000
00000000
00010000
00000000
00100000
00001000
00100000
00000000
,  // measure 8
00001000
00010000
00000100
00000000
,  // measure 9
00001000
00000000
00001000
00000000
00000001
00000100
00000001
00000000
,  // measure 10
00000100
00000000
00000100
00000000
00000010
00010000
00000010
00000000
,  // measure 11
00010000
00000000
00010000
00000000
00001000
00010000
01000000
00000000
,  // measure 12
10000000
00100000
01000000
00000000
,  // measure 13
00010000
00000000
01000000
00010000
01000000
00010000
00000000
01000000
,  // measure 14
00001000
00000000
00010000
00001000
00010000
00001000
00000000
00010000
,  // measure 15
00000100
00001000
00000100
00000000
00001000
00000001
00001000
00000000
,  // measure 16
00000001
00000100
00000010
00001000
00000100
00000010
00000001
00001000
,  // measure 17
00000001
00000100
00001000
00010000
,  // measure 18
00100000
10000000
01000000
00010000
,  // measure 19
00001000
00000010
00000001
00000100
,  // measure 20
00001000
00010000
00100000
10000000
,  // measure 21
01000000
00000000
10000000
00000000
01000000
10000000
00000000
01000000
,  // measure 22
00100000
00000000
00010000
00000000
00100000
00010000
00000000
00100000
,  // measure 23
00001000
00000000
00010000
00000000
00001000
00010000
00000000
00001000
,  // measure 24
00010000
00000100
00001000
00000001
,  // measure 25
00000100
00001000
00000100
00000001
,  // measure 26
00000100
00001000
00000100
00000001
,  // measure 27
00000100
00001000
00010000
00100000
,  // measure 28
10000000
00100000
00010000
00100000
,  // measure 29
10000000
00100000
00010000
00100000
,  // measure 30
00010000
00100000
10000000
00100000
,  // measure 31
01100000
00000000
00000000
00011000
00000000
00000000
00010010
00000000
,  // measure 32
00001000
00000100
00010000
00000100
00001000
00000010
00010000
00000010
,  // measure 33
00001000
00000100
00001000
00000010
,  // measure 34
00001000
00000100
00000000
00000010
,  // measure 35
00001000
00000100
00000010
00000001
,  // measure 36
00000100
00001000
00010000
00100000
,  // measure 37
10000000
01000000
00010000
00001000
,  // measure 38
00000100
00000001
00000010
00000100
,  // measure 39
00011000
00000000
00010000
00000100
,  // measure 40
00001000
00000001
00000100
00000000
,  // measure 41
00001010
00000000
00011000
00000000
,  // measure 42
01000000
10000000
01000000
00000000
,  // measure 43
00100000
00000000
00001000
00010000
00001000
00010000
00001000
00000000
,  // measure 44
00010000
00000100
00000010
00000000
,  // measure 45
00000001
00000100
00000001
00000100
,  // measure 46
00000010
00000100
00000010
00000100
,  // measure 47
00000010
00001000
00000010
00001000
,  // measure 48
00000100
00010000
00000100
00010000
,  // measure 49
00001000
00010000
00001000
00010000
,  // measure 50
00001000
01000000
00001000
01000000
,  // measure 51
00010000
10000000
00010000
10000000
,  // measure 52
01000000
10000000
01000000
10000000
,  // measure 53
00010000
00100000
00010000
00100000
,  // measure 54
00001000
00010000
00001000
00010000
,  // measure 55
00000010
00010000
00001000
00000000
,  // measure 56
00101000
00000000
00010100
00000000
,  // measure 57
00001000
00000000
00010000
00000000
00001000
00010000
00000000
00010000
,  // measure 58
00000100
00000000
00010000
00000000
00000100
00010000
00000000
00010000
,  // measure 59
00001000
00000000
01000000
00000000
00001000
01000000
00000000
01000000
,  // measure 60
00010000
00010000
00010000
00000000
,  // measure 61
00100000
00000000
00001000
00000000
00100000
00001000
00000000
00001000
,  // measure 62
00010000
00000000
00000010
00000000
00010000
00000010
00000000
00001000
,  // measure 63
00000100
00010000
00001000
00010000
00000100
00010000
00001000
00010000
,  // measure 64
00001000
00001000
00001000
00000000
,  // measure 65
00000010
00000000
00010000
00000000
00000010
00010000
00000000
00010000
,  // measure 66
00001000
00000000
00100000
00000000
00001000
00100000
00000000
00100000
,  // measure 67
00001000
00000000
00010000
00000000
00001000
00010000
00001000
00010000
,  // measure 68
00001000
00001000
00001000
00000000
,  // measure 69
00100000
00000000
10000000
00000000
01000000
00010000
00000000
00001000
,  // measure 70
00000010
00000000
00000001
00000000
00000100
00001000
00000000
00010000
,  // measure 71
00001000
00010000
00100000
00000000
00010000
00001000
00010000
00000000
,  // measure 72
00000100
00000000
00022000
00000000
,  // measure 73
00000000
00000000
00000000
00000000
,  // measure 74
00000000
00000000
00000000
00000000
00000000
00033000
00000000
00000000
,  // measure 75
10000000
01000000
10000000
01000000
10000000
00000000
00010000
01000000
,  // measure 76
00000000
00010000
01000000
00000000
00001000
00000000
00010000
00000000
,  // measure 77
00001000
00000000
00001000
00000100
00001000
00000000
00000010
00001000
,  // measure 78
00000000
00000001
00000010
00000000
00000100
00000000
00010000
00000000
,  // measure 79
00001000
00010000
00001000
00010000
00001000
00010000
00001000
00010000
,  // measure 80
00000000
00000010
00001000
00000000
00000001
00000000
00000100
00000000
,  // measure 81
00000010
00001000
00000010
00001000
00000010
00001000
00000010
00001000
,  // measure 82
00000010
00010000
00001000
00100000
,  // measure 83
00100000
00010000
00100000
00010000
00100000
00000000
00001000
00010000
,  // measure 84
00001000
00010000
00001000
00000000
00010000
00000000
00000100
00010000
,  // measure 85
00000100
00000000
00000010
00000001
00000010
00000001
00000010
00000000
,  // measure 86
00000001
00000100
00000001
00000100
00000001
00000000
00000100
00000010
,  // measure 87
00000100
00000010
00000100
00000000
00001000
00010000
00001000
00010000
,  // measure 88
00001000
00000000
00100000
00010000
00100000
00010000
00100000
00000000
,  // measure 89
00010000
10000000
00010000
10000000
00010000
00000000
10000000
01000000
,  // measure 90
00100000
00010000
10000000
00010000
01000000
00100000
10000000
00010000
,  // measure 91
01000000
00000000
00000000
00001000
00000000
00010000
00001000
00000000
,  // measure 92
00010000
00000000
00001000
00000000
00000000
00010000
00000000
00000000
,  // measure 93
00000100
00000000
00000000
00010000
00000000
00001000
00010000
00000000
,  // measure 94
00001000
00000000
00010000
00000000
00000000
00001000
00000000
00000000
,  // measure 95
00100000
00000000
00000000
00010000
00000000
10000000
01000000
00000000
,  // measure 96
00010000
00000000
00000000
00001000
00000000
00000010
00000001
00000000
,  // measure 97
00000100
00000000
00000000
00001000
00000000
00010000
00100000
00000000
,  // measure 98
10000000
00000000
11000000
00000000
00000000
00110000
00000000
00000000
,  // measure 99
00100000
00010000
00100000
00001000
00010000
00000100
00001000
00000100
,  // measure 100
00000010
00000001
00000010
00000001
00000100
00000010
00001000
00000010
,  // measure 101
00010000
00001000
00010000
00001000
01000000
00010000
10000000
00100000
,  // measure 102
10000000
00100000
01000000
00010000
01000000
00010000
01000000
00001000
,  // measure 103
00010000
00001000
00010000
00000010
00001000
00000001
00000100
00001000
,  // measure 104
00000100
00000001
00001000
00000010
00000100
00000001
00001000
00000000
,  // measure 105
00000001
00000000
00000000
00000000
00000000
00000000
00000000
00000000
00000100
00000000
00000000
00000000
00000000
00000000
00000000
00000010
00000000
00000000
00000000
00000000
00000000
00000000
00000000
00000000
00000000
00000000
00000000
00000000
00000000
00000000
00000000
00000000
00000000
00000000
00000000
00000000
00000000
00000000
00000000
00000000
00000000
00000000
00000000
00000000
00000000
00000000
00000000
00000000
,  // measure 106
00010000
00000000
00000000
00000000
00000000
00000000
00000000
00000000
00001000
00000000
00000000
00000000
00000000
00000000
00000000
01000000
00000000
00000000
00000000
00000000
00000000
00000000
00000000
00000000
00000000
00000000
00000000
00000000
00000000
00000000
00000000
00000000
00000000
00000000
00000000
00000000
00000000
00000000
00000000
00000000
00000000
00000000
00000000
00000000
00000000
00000000
00000000
00000000
,  // measure 107
00010000
00000000
00000000
00000000
00000000
00000000
00000000
00000000
00100000
00000000
00000000
00000000
00000000
00000000
00000000
00001000
00000000
00000000
00000000
00000000
00000000
00000000
00000000
00000000
00010000
00000000
00000000
00000000
00000000
00000000
00000000
00000000
00000010
00000000
00000000
00000000
00000000
00000000
00000000
00000100
00000000
00000000
00000000
00000000
00000000
00000000
00000000
00000000
,  // measure 108
00002020
00000000
00000000
00000000
,  // measure 109
00000000
00000000
00000000
00003030
;
