#TITLE:Guillaume Tell;
#SUBTITLE:;
#ARTIST:MC F 40;
#TITLETRANSLIT:;
#SUBTITLETRANSLIT:;
#ARTISTTRANSLIT:;
#CREDIT:;
#BANNER:guilltaumetell.png;
#BACKGROUND:guilltaumetell-bg.png;
#LYRICSPATH:;
#CDTITLE:!foobyTitle.png;
#MUSIC:guillaumetell.mp3;
#OFFSET:0.930;
#SAMPLESTART:23.500;
#SAMPLELENGTH:12.000;
#SELECTABLE:YES;
#BPMS:0.000=180.100,142.500=180.600,152.500=180.100;
#STOPS:;
#BGCHANGES:;
// cache tags:
#FIRSTBEAT:6.000;
#LASTBEAT:293.000;
#SONGFILENAME:Songs/All Songs/Guillaume Tell/guillaumetell.sm;
#HASMUSIC:1;
#HASBANNER:1;
#MUSICLENGTH:97.810;
// end cache tags

//---------------dance-single - ----------------
#NOTES:
     dance-single:
     :
     Hard:
     11:
     1.000,1.000,0.920,0.153,0.665,627.000,90.000,15.000,0.000,0.000:  // measure 1
0000
0000
0000
0000
,  // measure 2
0000
0000
0001
0100
,  // measure 3
0001
0100
0001
0100
,  // measure 4
0001
0000
0100
0000
0010
0000
0010
1000
,  // measure 5
0001
0000
1001
0000
1000
0100
0010
0001
,  // measure 6
0010
0100
1000
0000
0110
0000
0001
1000
,  // measure 7
0001
0000
0001
1000
0001
0100
0010
1000
,  // measure 8
0010
0100
0001
0001
0010
0100
1000
1000
,  // measure 9
0010
0100
0001
0001
0010
0100
1000
0010
,  // measure 10
0100
0000
0001
0000
0010
0000
0100
0000
1000
0000
0000
0000
0000
0000
1000
0001
,  // measure 11
1000
0000
0000
0000
0000
0000
1000
0001
1000
0000
0010
0000
0100
0000
0010
0000
,  // measure 12
1000
0001
1000
0001
1000
0010
0100
0010
,  // measure 13
1000
0000
0100
0000
0010
0000
0100
0000
1000
0000
0000
0000
1000
0000
0001
0100
,  // measure 14
0001
0000
0000
0000
0001
0000
1000
0100
1000
0000
0000
0000
1000
0000
0001
0100
,  // measure 15
0001
0000
0000
0000
0001
0000
1000
0100
1000
0000
0001
0100
0001
0000
1000
0000
,  // measure 16
0100
0000
1000
0001
1000
0000
0001
0000
0100
0000
0001
1000
0001
0000
1000
0000
,  // measure 17
0100
0000
1000
0001
1000
0000
0001
0000
0100
0000
0010
0000
1000
0000
0001
0000
,  // measure 18
1000
0100
0220
0000
,  // measure 19
0330
0000
0000
0000
0000
0000
0001
0100
0001
0000
0001
0100
0001
0000
0100
0010
,  // measure 20
0100
0000
0110
0000
1010
0000
1000
0100
1000
0000
1000
0001
1000
0000
0010
0100
,  // measure 21
0010
0000
0110
0000
0101
0000
1000
0100
1000
0000
0001
0100
0001
0000
1000
0001
,  // measure 22
1000
0000
0100
0000
0010
0000
0001
0010
0002
0000
0000
0000
1000
0000
0000
0013
,  // measure 23
0100
0000
1000
0000
0001
0000
1000
0100
1000
0000
1000
0100
1000
0000
0100
0010
,  // measure 24
0100
0000
0110
0000
0011
0000
0001
0100
0001
0000
0001
1000
0001
0000
0010
0100
,  // measure 25
0010
0000
0110
0000
1100
0000
0001
0100
0001
0000
1000
0100
1000
0000
0001
1000
,  // measure 26
0001
0000
0100
0000
0010
0000
1000
0010
2000
0000
0000
0000
0001
0000
0000
3010
,  // measure 27
0100
0000
0001
0000
1000
0000
0010
0100
0010
0000
0010
0100
0010
0000
0010
1000
,  // measure 28
0001
1000
1100
1000
1001
0101
1001
1100
,  // measure 29
0011
0000
1100
0000
0101
0000
0010
0100
0010
0000
0010
0100
0010
0000
0010
0001
,  // measure 30
1000
0001
0101
0001
0101
1001
1100
1001
,  // measure 31
1010
0000
0101
0000
1100
0000
0001
0010
0001
0000
0001
1000
0001
0000
0001
0100
,  // measure 32
0001
0010
1100
0010
1001
0110
1001
0110
,  // measure 33
1001
0000
1100
0000
0101
0000
1000
0010
1000
0000
1000
0001
1000
0000
1000
0100
,  // measure 34
1000
0010
0101
0010
1001
0110
1001
0110
,  // measure 35
1002
0103
2001
3100
,  // measure 36
1002
0103
2001
0100
,  // measure 37
0001
0000
0000
0000
3100
0000
0000
0000
0010
0000
0000
0010
0001
0000
0000
0001
,  // measure 38
0100
0000
0000
0100
0010
0000
0000
0010
1000
0000
0000
1000
0100
0000
0000
0100
,  // measure 39
0010
0000
0000
0000
0002
0000
0000
0000
0103
0010
0100
0000
0010
1000
0010
0000
,  // measure 40
1000
0001
1000
0000
0001
0000
0100
0000
0001
1000
0001
0000
1000
0000
0100
0000
,  // measure 41
1000
0001
1000
0000
0001
0000
0100
0000
0010
0100
0010
0000
0100
0001
0100
0000
,  // measure 42
0001
1000
0001
0000
1000
0000
0010
0000
1000
0001
1000
0000
0001
0000
0010
0000
,  // measure 43
0001
1000
0001
0000
1000
0000
0010
1000
0001
0000
0100
0000
0001
0000
0010
0001
,  // measure 44
1000
0000
0100
0000
1000
0000
0010
1000
0001
0000
0100
0000
1000
0000
0100
0000
,  // measure 45
0001
0100
1000
0100
0001
0010
0001
0010
,  // measure 46
0100
0000
0010
0000
0100
0000
0010
0000
0001
1000
0001
0000
0010
0100
0010
0000
,  // measure 47
0001
0000
1000
0000
0100
0000
0010
0000
0001
0100
0001
0000
1000
0000
0001
0000
,  // measure 48
0010
0100
0010
0000
0001
0000
1000
0000
0010
0100
0010
0000
0100
0001
0100
0000
,  // measure 49
0001
1000
0001
0000
0100
0000
0010
0000
1000
0100
1000
0000
0100
0000
0010
0000
,  // measure 50
0001
0100
0001
0000
0100
0000
0010
0000
1000
0100
1000
0000
0001
0100
0001
0000
,  // measure 51
0010
0000
0100
0000
0010
0000
0100
0000
1000
0001
1000
0001
1000
0000
0001
0000
,  // measure 52
0010
0100
0010
0100
0010
0000
0100
0000
1000
0001
1000
0001
1000
0000
0001
0000
,  // measure 53
0100
0010
0100
0000
0110
0000
1001
0000
0010
0000
0000
0010
1000
0000
0010
0000
,  // measure 54
0220
0000
0330
0001
1000
0001
0100
0101
,  // measure 55
0001
0010
0001
0010
0001
0010
0001
0000
0010
0100
0010
0100
0010
0100
0010
0000
,  // measure 56
0100
1000
0100
1000
0100
1000
0100
0000
1000
0001
1000
0001
1000
0001
1000
0000
,  // measure 57
0001
0100
0010
0100
0001
1000
0100
0000
0010
0000
0000
0010
0001
0000
0010
0000
,  // measure 58
0220
0000
0330
1000
0001
1000
0100
1100
,  // measure 59
1000
0010
1000
0010
0100
0010
1000
0000
0010
0100
0010
0100
0001
0100
0010
0000
,  // measure 60
0100
0001
0100
0001
0010
0001
0100
0000
0001
0010
0001
1000
0010
0100
0010
0000
,  // measure 61
1000
0000
0001
0000
1000
0000
0001
0100
0010
0000
1000
0100
0010
0000
0001
0100
,  // measure 62
0010
1010
0101
1010
0101
0011
1100
0101
,  // measure 63
1100
0000
1001
0000
1001
0000
1000
0100
0010
0000
0001
0100
0010
0000
1000
0100
,  // measure 64
0010
0011
1100
0011
1100
1010
0101
1100
,  // measure 65
0101
0000
0110
0000
1001
0000
0010
0100
0001
0000
0010
0100
1000
0000
0010
0100
,  // measure 66
0001
0101
1010
0101
1010
1100
0011
1010
,  // measure 67
0011
0000
1001
0000
1001
0000
0010
0100
1000
0000
0010
0100
0001
0000
0010
0100
,  // measure 68
1000
1100
0011
1100
0011
0101
1010
0011
,  // measure 69
1001
0000
0000
0000
1001
0000
0000
0001
0100
0000
0000
0001
0100
0000
0000
1000
,  // measure 70
0100
0000
0000
1000
0100
0000
0000
0001
0100
0000
0000
0001
0100
0000
0000
1000
,  // measure 71
0100
0000
0000
1000
0100
0000
0000
0000
0010
0000
0001
0000
0010
0000
0000
0000
,  // measure 72
0001
0100
0001
0000
0100
1000
0100
0000
,  // measure 73
1000
0010
1000
0000
2002
0000
0000
0000
,  // measure 74
0000
3003
0000
0000
;
