#TITLE:Lawn Wake IV;
#SUBTITLE:(Black);
#ARTIST:the flashbulb;
#TITLETRANSLIT:;
#SUBTITLETRANSLIT:;
#ARTISTTRANSLIT:;
#CREDIT:;
#BANNER:Lawn Wake IV (Black) - banner.png;
#BACKGROUND:Lawn Wake IV (Black) - bg.png;
#LYRICSPATH:;
#CDTITLE:!pfx - icon.png;
#MUSIC:02 - The Flashbulb - Lawn Wake IV (Black).mp3;
#OFFSET:-0.060;
#SAMPLESTART:65.990;
#SAMPLELENGTH:12.000;
#SELECTABLE:YES;
#DISPLAYBPM:217.000:109.000;
#BPMS:0.000=108.500,32.000=217.000,84.000=108.600,86.000=217.200,101.000=108.600,102.000=217.200,104.000=108.600,106.000=217.200,114.000=240.000,115.000=281.001,116.000=301.060,118.000=299.999,120.000=66.020,121.000=217.001,189.000=108.601,190.000=217.201,194.500=197.241,197.000=155.001,199.000=217.041,419.000=27.260;
#STOPS:92.000=0.280
;
#BGCHANGES:;
// cache tags:
#FIRSTBEAT:0.000;
#LASTBEAT:421.000;
#SONGFILENAME:Songs/All Songs/Pfx - Lawn Wake IV (Black)/Lawn Wake IV (Black).sm;
#HASMUSIC:1;
#HASBANNER:1;
#MUSICLENGTH:148.965;
// end cache tags

//---------------dance-single - ----------------
#NOTES:
     dance-single:
     :
     Hard:
     12:
     1.000,1.000,0.255,0.752,1.000,952.000,38.000,112.000,0.000,0.000:  // measure 1
0001
0000
0000
0000
0000
0000
0000
0000
0000
0000
0000
0000
0000
0000
0000
0000
1000
0000
0000
0000
1000
0000
0000
0000
1000
0000
0000
0000
1000
0000
1000
0010
,  // measure 2
0100
0000
0000
0000
0100
0000
0000
0000
0100
0000
0010
0000
0100
0000
0000
0100
0010
0000
0000
0000
0010
0000
0000
0000
0010
0000
0000
0000
0010
0000
0000
0000
,  // measure 3
0001
0000
0000
0000
0000
0000
0000
0000
0000
0000
0000
0000
0000
0000
0000
0000
0100
0000
0000
0000
0100
0000
0000
0000
0100
0000
0000
0000
0100
0000
0100
0001
,  // measure 4
1000
0000
0000
0000
1000
0000
0000
0000
1000
0000
0001
0000
1000
0000
0000
1000
0001
0000
0000
0000
0001
0000
0000
0000
0001
0000
0000
0000
0001
0000
0000
0000
,  // measure 5
0010
0000
0000
0000
0000
0000
0000
0000
0000
0000
0000
0000
0000
0000
0000
0000
0001
0000
0000
0000
0001
0000
0000
0000
0001
0000
0000
0000
0001
0000
0001
0010
,  // measure 6
0100
0000
0000
0000
0100
0000
0000
0000
0100
0000
0010
0000
0100
0000
0000
0100
0010
0000
0000
0000
0010
0000
0000
0000
0010
0000
0000
0000
0010
0000
0000
0000
,  // measure 7
1000
0000
0000
0000
0000
0000
0000
0000
0000
0000
0000
0000
0000
0000
0000
0000
0010
0000
0000
0000
0010
0000
0000
0000
0010
0000
0000
0000
0010
0000
0010
0001
,  // measure 8
1000
0000
0000
0000
1000
0000
0000
0000
1000
0000
0001
0000
1000
0000
0000
1000
0001
0000
0000
0000
0001
0000
0000
0000
0001
0000
0000
0000
0000
0000
0000
0000
,  // measure 9
0110
0000
0000
0000
0000
0110
1001
0000
,  // measure 10
1000
0100
0010
0100
1000
0000
1000
0010
0100
0001
0010
0100
1000
0000
0010
0000
,  // measure 11
0200
0000
0000
0000
0301
0010
0001
0010
1100
0000
1100
0000
0001
0100
0001
0100
,  // measure 12
1010
0000
0000
1010
0000
0000
1010
0000
2100
0000
0000
0000
3100
0000
0010
0000
,  // measure 13
0011
0000
0001
0000
0001
0010
0100
1000
0020
0000
0000
0000
2030
0000
0000
0000
,  // measure 14
3020
0000
0000
0000
0000
0000
0030
0000
0000
1000
0000
0000
0100
0000
0000
0010
0000
0000
0001
0000
0000
0000
0000
0000
0000
0000
0000
0100
0000
0000
0000
0000
0000
0000
0000
0000
0001
0000
0000
0000
0010
0000
0000
0000
0100
0000
0000
0000
,  // measure 15
1000
0100
1000
0010
0000
1000
0100
1000
0010
0000
0200
0000
0000
0000
0000
0300
,  // measure 16
0010
0000
1000
0000
0010
0000
0100
0000
0001
0000
1000
0100
0010
0000
0001
0000
,  // measure 17
2100
0000
0000
0000
3010
0000
0100
0001
0100
0001
1000
0100
0010
0000
0001
0000
,  // measure 18
0101
0000
0000
0000
0000
0000
0000
0000
0101
0000
0000
0000
0000
0000
0000
0000
1000
0000
0000
0000
0000
0000
0000
0000
1000
0000
0000
0000
0010
0000
0000
0000
0100
0000
0000
0000
0001
0000
0000
0000
0020
0000
0000
0000
0000
0000
0000
0000
0000
0000
0000
0000
0000
0000
0000
0000
0000
0000
0000
0000
0000
0000
0000
0030
,  // measure 19
1001
0000
1000
0000
0010
0000
0010
0000
0100
0001
1000
0100
0010
0000
0010
0000
,  // measure 20
1100
0000
1000
0100
2000
0000
3000
0000
0110
0000
0010
0100
0020
0000
0030
0000
,  // measure 21
1000
0000
0100
0000
0011
0000
0100
1000
0010
0100
0001
0000
1001
0000
0000
0000
,  // measure 22
2000
0000
0000
0000
0000
0000
0000
0000
3020
0000
0000
0000
0000
0000
0000
0030
0101
0000
0000
0000
1000
0000
0010
0000
0101
0000
0000
0000
1000
0000
0010
0000
,  // measure 23
0101
0000
1000
0010
1002
0000
0013
0100
1001
0000
0000
0100
0000
1001
0000
0000
,  // measure 24
0110
0000
0000
0000
1001
0000
0100
0010
1001
0000
0100
0010
1001
0000
0100
0010
,  // measure 25
1001
0010
0100
1000
0101
0000
0000
0000
0101
0000
0000
0000
0101
0000
0001
0010
,  // measure 26
1200
0000
0000
0000
2300
0000
0000
0000
0000
0000
3100
0010
0001
1000
0100
0000
,  // measure 27
0020
0032
2003
0000
,  // measure 28
3200
0000
0000
0000
0000
0000
0000
0000
0310
0000
0000
0010
0000
0000
0010
0000
,  // measure 29
0000
0010
0000
0000
0020
0000
0000
0000
0000
0000
0000
0000
0000
0000
0000
0000
,  // measure 30
0000
0000
0000
0000
0000
0000
0000
0000
0000
0000
0000
0000
0000
0000
0000
0000
0000
0000
0000
0000
0000
0000
0000
0000
0000
0000
0000
0000
0000
0000
0000
0000
0000
0000
0000
0000
0000
0000
0000
0000
0000
0000
0000
0000
0000
0000
0000
0000
0000
0000
0000
0000
0000
0000
0000
0000
0000
0000
0000
0000
0000
0000
0000
0030
,  // measure 31
2002
0000
0000
0000
0000
0000
0000
3003
0100
0000
0000
0000
0100
0000
0010
0000
0100
0000
1000
0000
0100
0000
0000
0000
0000
0000
0000
0000
0001
0000
0000
0000
,  // measure 32
0001
0000
0000
0000
0100
0000
1000
0000
0100
0000
0010
0001
0010
0100
1000
0100
,  // measure 33
0011
0000
0000
0000
0001
0000
0001
1000
0001
0010
0001
0000
0000
0000
0100
0000
,  // measure 34
0100
0000
0000
0000
0010
0000
1000
0000
0010
0000
0100
0001
1000
0000
0010
0000
,  // measure 35
0101
0000
0000
0000
1000
0000
1000
0100
1000
0010
1000
0100
1000
0000
1000
0000
,  // measure 36
1000
0100
1000
0000
0100
0000
0010
0000
0010
0000
0010
0000
0010
0000
0010
0000
,  // measure 37
0002
0000
0000
0000
0013
0000
0010
0100
0010
0001
0010
0000
0000
0000
0100
0000
,  // measure 38
0100
1000
0100
1000
0001
0010
0100
1000
0001
0010
0100
1000
0001
0100
0010
1000
,  // measure 39
0001
0100
0010
1000
0200
0000
0000
0000
0000
0000
0000
0000
0000
0000
0000
0000
,  // measure 40
0000
0000
0000
0000
1300
0100
0010
0001
1000
0100
0010
0001
1000
0100
0010
0001
,  // measure 41
1000
0100
0010
0001
1000
0020
0000
0000
0000
0000
0000
0000
0130
0000
0100
0001
,  // measure 42
0010
0000
0010
0100
1000
0000
1000
0010
0000
0100
0001
0000
0001
0010
0000
0100
,  // measure 43
1000
0000
1000
0100
0020
0000
0000
0000
0000
0000
0000
0000
0032
0000
0000
0000
,  // measure 44
0000
2003
0000
3200
,  // measure 45
0000
0000
0000
0000
0320
0000
0000
0130
0001
0010
0100
1000
0001
0010
0100
1000
,  // measure 46
0001
0100
0010
1000
0100
0010
0001
0010
0100
1000
0010
0100
0001
0010
0100
1000
,  // measure 47
0001
0010
0100
1000
0200
0000
0000
0000
0000
0000
0000
0000
0000
0000
0000
0000
,  // measure 48
0000
0000
0000
0000
,  // measure 49
0320
0000
0000
0000
,  // measure 50
0000
0000
0000
0000
0000
0000
0031
0010
,  // measure 51
0100
0010
0001
0010
0100
1000
0010
0100
,  // measure 52
0001
0100
0010
0100
0001
0010
0100
1000
,  // measure 53
0010
1000
0100
1000
0010
0100
0001
0100
,  // measure 54
0010
0100
0001
0100
0010
0001
0010
0100
,  // measure 55
1000
0100
0010
0100
1000
0001
0100
0010
,  // measure 56
1000
0010
0100
0010
1000
0100
0010
0100
,  // measure 57
1000
0100
0010
0100
1000
0010
0100
0001
,  // measure 58
0010
0001
0100
0001
0010
0100
1000
1000
,  // measure 59
0100
0000
0010
0001
0010
0100
1000
0000
1000
0100
0010
0001
0010
0000
0100
1000
,  // measure 60
0100
0000
0100
1000
0100
0000
0100
0000
0010
0000
0000
0000
0001
0010
0001
0010
,  // measure 61
0100
1000
0100
1000
0010
0100
0001
0010
0100
1000
0100
0000
0010
0000
0010
0000
,  // measure 62
0001
0000
0001
0010
0100
0010
0001
0010
0100
0000
0100
0000
1000
0000
1000
0000
,  // measure 63
1000
0000
0100
0000
0010
0000
0001
0000
0000
0000
0000
0000
0001
0000
0000
0010
0000
0000
0001
0000
0000
0100
0000
0000
0010
0000
0000
0000
0000
0000
0010
0000
0000
0000
0000
0000
1000
0000
0000
0000
0000
0000
0010
0000
0000
0000
0000
0000
,  // measure 64
0100
0000
0001
0000
1000
0000
1000
0010
0100
0000
0100
0000
0001
0010
0100
0010
,  // measure 65
0001
1000
0100
1000
0001
0100
0010
0100
0001
0010
0100
1000
0010
0000
0100
0001
,  // measure 66
0100
0000
0100
0000
0010
0000
1000
0100
0010
0000
0001
0000
0200
0000
0000
0000
,  // measure 67
0000
0000
0000
0320
,  // measure 68
0000
0000
0000
1030
,  // measure 69
0001
0010
0100
0010
0001
0010
0100
1000
0010
0100
0001
0100
0010
1000
0100
0010
,  // measure 70
0001
0100
0010
1000
0200
0000
0000
0000
2300
0000
0000
0000
3200
0000
0000
0000
,  // measure 71
2300
0000
0000
0000
3001
0010
0100
1000
0100
0010
0001
0100
0020
0000
0000
0000
,  // measure 72
2030
0000
0000
0000
3010
0100
0001
1000
0100
0010
0100
1000
0020
0000
0230
0000
,  // measure 73
0302
0000
0013
0100
1000
0100
0010
0001
1000
0001
0010
0100
1000
0100
0010
0001
,  // measure 74
1000
0001
0010
0100
1000
0100
0010
0001
0100
0010
0100
0010
2000
0000
0000
0000
,  // measure 75
3100
0010
0001
0010
0100
0010
0100
1000
0100
0010
0001
0010
0200
0000
0000
0000
,  // measure 76
0310
0001
0010
0001
0010
0100
1000
0010
0100
0001
0010
0100
1000
0100
0010
0001
,  // measure 77
1000
0010
0100
0001
1000
0100
0010
0100
0010
0001
0010
0100
1000
0100
0010
0100
,  // measure 78
1000
0001
0010
0100
1000
0010
0100
0010
0100
0001
0100
0010
2000
0000
0000
0000
,  // measure 79
3200
0000
0000
0000
2300
0000
3200
0000
0320
0000
0000
0000
0031
0010
0100
1000
,  // measure 80
0001
1000
0100
0010
0001
0010
0100
1000
0020
0000
2030
0000
3200
0000
0000
0000
,  // measure 81
0320
0000
0000
0000
0031
1000
0001
0100
0001
0010
0001
0010
0200
0000
0000
0000
,  // measure 82
2300
0000
0000
0000
3200
0000
0320
0000
0130
1000
0100
0000
0020
0000
0000
0000
,  // measure 83
0230
2300
3002
0203
,  // measure 84
0000
0000
0000
0000
0320
0000
2030
0000
3020
0000
0230
0000
0301
0010
0100
0010
,  // measure 85
0001
1000
0100
0010
0001
0100
0010
0100
0001
1000
0010
0100
0001
1000
0100
1000
,  // measure 86
0001
1000
0100
0010
0001
1000
0010
0100
0001
0010
0001
0010
0200
0000
2300
0000
,  // measure 87
3200
0320
0032
0203
0320
0230
0302
2003
,  // measure 88
3002
0000
0203
0000
0310
1000
0100
1000
0001
1000
0100
0010
0100
1000
0010
1000
,  // measure 89
0100
0010
0100
0010
0001
0010
0100
1000
0001
0100
0010
1000
0001
0010
0100
1000
,  // measure 90
0100
0010
0100
1000
0010
0100
0001
1000
0100
0010
0100
0010
0002
0000
0000
0000
,  // measure 91
0013
0100
1000
0100
0010
0001
0010
0001
0100
0010
1000
0010
0200
0000
0000
0000
,  // measure 92
0301
1000
0001
1000
0010
0100
0001
1000
0010
0100
0001
1000
0001
0010
0100
1000
,  // measure 93
0001
0010
0100
1000
0001
0010
0100
1000
0100
0010
0001
1000
0020
0000
0000
0000
,  // measure 94
0230
0302
0023
0230
,  // measure 95
2300
0000
3020
0230
0302
0023
0230
0000
,  // measure 96
0000
0000
0000
0000
1300
0100
0010
0001
0200
0000
0320
0000
2030
0000
3200
0000
,  // measure 97
0320
0000
0032
0000
2003
0000
3200
0000
0320
0000
0230
0000
0000
0000
0310
0100
,  // measure 98
1000
0010
0100
0001
0010
0001
1000
0100
0010
0001
0100
0001
0010
0100
0010
0100
,  // measure 99
0010
0100
0010
0100
1000
0010
1000
0010
1000
0010
1000
0010
0100
0001
0100
0001
,  // measure 100
0100
0001
0100
0001
1000
0100
1000
0100
1000
0100
1000
0100
0020
0000
0000
0000
,  // measure 101
0030
0000
0000
0001
0010
0100
1000
0100
0010
0001
0010
0100
0010
0001
0010
0100
,  // measure 102
1000
0100
0010
0100
1000
0001
0010
0100
1000
0001
0010
0100
2000
0000
0000
0000
,  // measure 103
0000
0000
3002
2003
0000
3002
2003
0000
,  // measure 104
3002
0000
0000
0000
0000
0000
0000
0000
0000
0000
0000
0000
0000
0000
0000
0000
2003
0000
0000
0000
0000
0000
0000
0000
0000
0000
0000
0000
0000
0000
0000
0000
0000
0000
0000
0000
0000
0000
0000
0000
0000
0000
0000
0000
0000
0000
0000
3000
0110
0000
0000
0000
0000
0000
0000
0000
0000
0000
0000
0000
0000
0000
0000
0000
,  // measure 105
0000
0000
0000
2002
,  // measure 106
0000
3003
0000
0000
;
