#TITLE:1st Samurai;
#SUBTITLE:;
#ARTIST:sampling masters MEGA;
#TITLETRANSLIT:;
#SUBTITLETRANSLIT:;
#ARTISTTRANSLIT:;
#CREDIT:;
#BANNER:1stSamurai.png;
#BACKGROUND:1stSamurai-bg.png;
#LYRICSPATH:;
#CDTITLE:!aptitle.png;
#MUSIC:1stSamurai.mp3;
#OFFSET:-0.064;
#SAMPLESTART:49.430;
#SAMPLELENGTH:15.500;
#SELECTABLE:YES;
#BPMS:0.000=174.960,48.000=174.940,223.500=200.000;
#STOPS:;
#BGCHANGES:;
// cache tags:
#FIRSTBEAT:16.000;
#LASTBEAT:261.500;
#SONGFILENAME:Songs/All Songs/Aperson - 1st Samurai/1stSamurai.sm;
#HASMUSIC:1;
#HASBANNER:1;
#MUSICLENGTH:89.338;
// end cache tags

//---------------dance-single - ----------------
#NOTES:
     dance-single:
     :
     Hard:
     11:
     1.000,1.000,0.604,0.056,1.000,705.000,54.000,5.000,0.000,0.000:  // measure 1
0000
0000
0000
0000
,  // measure 2
0000
0000
0000
0000
,  // measure 3
0000
0000
0000
0000
,  // measure 4
0000
0000
0000
0000
,  // measure 5
1001
0000
1000
0000
0001
0100
0010
0000
1000
0000
0010
0000
0100
0001
0100
0000
,  // measure 6
0001
0000
1000
0000
0100
0010
0001
0000
0001
0100
0010
1000
0100
0010
0001
0010
,  // measure 7
0100
0000
1000
0000
0001
0100
0010
0000
1000
0000
0010
0000
0100
0001
0010
0000
,  // measure 8
0100
1000
0100
1000
0001
0010
0001
0010
0100
1000
0010
0100
0001
0010
0001
0000
,  // measure 9
1001
0000
1000
0010
1000
0000
0001
0000
0011
0000
0001
0100
0001
0000
1000
0000
,  // measure 10
1010
0000
1000
0100
1000
0000
0010
0000
0110
0000
0010
1000
0010
0000
0100
0000
,  // measure 11
0001
0010
0001
1000
0010
0100
0010
0000
1000
0000
0001
0010
0001
1000
0010
0100
,  // measure 12
0010
1000
0100
0010
0001
0010
0100
1000
0001
1000
0001
1000
0001
0000
0000
0000
,  // measure 13
1001
0000
1000
0100
0010
0000
0001
0010
0100
0000
1000
0010
0100
0001
0010
0001
,  // measure 14
1000
0000
1000
0000
1000
0000
1000
0000
1000
0001
0010
0000
1000
0000
1000
0000
,  // measure 15
1001
0000
0001
0100
0010
0000
1000
0010
0100
0000
0001
0010
0100
0010
0001
1000
,  // measure 16
0010
0100
0001
0100
0010
0100
0001
0100
0010
0100
0001
0100
0010
1000
0001
0000
,  // measure 17
1001
0000
1000
0100
0010
0000
1001
0000
1000
0000
1100
0000
1001
0000
1000
0100
,  // measure 18
0010
0000
0001
0000
0010
0000
0001
0000
0010
0000
0001
0000
0010
0001
1000
0000
,  // measure 19
0010
1000
0010
1000
0001
0100
0001
0100
0010
1000
0100
0010
0001
0000
1000
0000
,  // measure 20
0001
1000
0100
1000
0010
0000
0010
0000
0010
0100
0001
0000
1001
0000
0000
0000
,  // measure 21
1001
1000
1100
0001
0010
0001
1100
1000
,  // measure 22
1001
1000
0120
1000
1000
0100
0130
0000
,  // measure 23
1001
0000
0001
0010
0001
0000
1000
0000
0110
0000
1000
0001
1000
0000
0100
0000
,  // measure 24
0011
0001
1001
0001
0110
0001
1100
1000
,  // measure 25
0001
0000
0010
0000
0100
1000
0000
0010
0000
0001
0000
0100
0010
0000
1000
0000
,  // measure 26
0001
0000
0010
0000
0100
1000
0000
0010
0000
0001
0000
0100
0010
0000
1001
0000
,  // measure 27
1000
0010
1000
0010
1000
0000
0100
0000
0010
0001
0010
0001
0010
0000
0100
0000
,  // measure 28
1000
0001
1000
0001
0100
0000
0100
0010
1000
0010
1000
0010
0100
0001
0100
0001
,  // measure 29
0010
0001
1000
0000
1001
0000
0100
0000
0100
1000
0001
0000
1001
0000
0010
0000
,  // measure 30
0010
0001
1000
0000
1001
0000
0100
0000
0100
1000
0001
0000
1001
0000
0100
0000
,  // measure 31
0100
0010
0001
1000
0010
0100
0010
1000
0001
0010
0001
1000
0010
0100
0010
1000
,  // measure 32
0001
0010
0001
1000
0010
0100
0010
1000
0001
0010
0100
1000
0100
0010
0001
1000
,  // measure 33
0001
0000
0001
0000
1001
0000
1100
0000
0011
0000
0000
0001
0010
0000
1000
0000
,  // measure 34
1100
0000
0110
0000
0011
0000
1001
0000
1100
0000
0000
1000
0100
0000
0010
0000
,  // measure 35
0001
0100
1000
0100
0001
0000
0001
1000
0100
0010
0001
1000
0010
0000
0000
1000
,  // measure 36
0001
0000
0010
0000
0100
0000
1000
0000
0001
0000
0000
0000
1000
0001
1000
0001
,  // measure 37
0100
0000
0100
0010
0100
0000
0001
0100
0001
0000
1000
0000
0001
0000
1001
0000
,  // measure 38
0010
0000
0100
1000
0100
0000
0010
0001
0010
0000
1000
0000
0010
0000
0101
0000
,  // measure 39
0001
0000
0001
1000
0001
0000
0100
0010
0100
0000
0001
0000
0100
0000
0011
0000
,  // measure 40
1000
0010
1000
0010
0100
0001
0100
0001
1000
0001
1000
0001
0010
0001
0010
0001
,  // measure 41
0100
0001
0100
0010
1000
0100
1000
0001
0100
0010
0100
0001
1000
0100
1000
0010
,  // measure 42
0100
0001
0100
0010
1000
0100
1000
0001
0010
0100
0010
0001
1000
0001
1000
0010
,  // measure 43
0100
0001
1000
0010
1000
0100
0010
0001
0010
0100
0010
0100
1000
0001
0010
0100
,  // measure 44
1000
0001
0100
0010
0100
0001
0010
1000
0010
0001
1000
0100
1000
0001
0100
0010
,  // measure 45
0100
0001
1000
0000
0001
0010
0001
0010
0001
0000
0000
0000
1000
0100
1000
0100
,  // measure 46
1000
0000
0000
0000
0010
0100
0010
1000
0010
0000
0000
0000
0100
0001
0100
0010
,  // measure 47
0100
0001
0000
0000
0001
0010
0001
0100
0001
0010
0000
0000
0100
1000
0100
1000
,  // measure 48
0100
0010
0000
0000
0010
0001
0010
0100
0010
1000
0000
0000
0010
0001
0010
0001
,  // measure 49
1000
0100
0010
0000
1001
0000
0011
0000
0001
0010
0001
0000
1100
0000
0011
0000
,  // measure 50
1000
0010
1000
0000
0101
0000
0011
0000
0001
1000
0100
0000
0011
0000
1100
0000
,  // measure 51
1000
0100
1000
0000
0100
0001
0100
0000
1000
0100
1000
0000
0010
0001
0010
0000
,  // measure 52
1000
0001
1000
0010
0100
0001
0100
0000
0100
0010
1000
0010
0100
0001
0100
0000
,  // measure 53
1000
0100
1000
0010
1000
0001
1000
0010
0100
0001
0100
0010
0100
0001
0100
0010
,  // measure 54
1000
0001
1000
0010
1000
0100
1000
0010
0100
0001
0100
0010
0100
1000
0100
0010
,  // measure 55
2002
0000
0000
0000
,  // measure 56
3003
0000
0000
0000
0000
0000
0000
0000
0000
0000
0000
0000
0000
0000
0000
0000
0000
0000
0000
0000
0000
0000
0000
0000
1000
0000
0001
0000
1000
0000
0001
0000
1000
0000
0000
0000
0000
0000
0000
0000
0000
0000
1000
0000
0000
0100
0000
0000
,  // measure 57
1000
0001
0100
0010
0100
0001
1000
0100
1000
0001
0100
0010
0100
0001
1000
0010
,  // measure 58
0100
0001
0010
0001
1000
0010
0100
0001
0010
0001
1000
0100
0010
0001
0010
0100
,  // measure 59
0010
0000
0010
0001
0010
0000
0100
1000
0100
0000
0001
0100
1000
0000
1000
0010
,  // measure 60
0001
0000
1000
0100
0001
0000
0001
0010
0100
0000
1000
0010
0001
0000
0001
0010
,  // measure 61
0100
0001
0010
0001
1000
0001
0100
1000
0100
0001
0010
0001
1000
0010
0100
1000
,  // measure 62
0100
0010
1000
0010
0001
0010
1000
0001
0010
1000
0010
0001
1000
0010
1000
0100
,  // measure 63
0010
0001
1000
0001
0100
0010
1000
0010
0100
0001
0010
0001
1000
0000
1001
0000
,  // measure 64
0011
0000
0000
1001
0000
0000
0000
0101
,  // measure 65
0000
0000
0000
1010
0000
0000
0000
2002
,  // measure 66
0000
0000
0000
3003
0000
0000
0000
0000
;
