#TITLE:Jive Into The Night;
#SUBTITLE:;
#ARTIST:Cydney;
#TITLETRANSLIT:;
#SUBTITLETRANSLIT:;
#ARTISTTRANSLIT:;
#CREDIT:;
#BANNER:JITN-bn.png;
#BACKGROUND:JITN-bg.png;
#LYRICSPATH:;
#CDTITLE:!joe.png;
#MUSIC:Jive Into the Night.mp3;
#OFFSET:0.003;
#SAMPLESTART:100.000;
#SAMPLELENGTH:12.000;
#SELECTABLE:YES;
#BPMS:0.000=170.000;
#STOPS:;
#BGCHANGES:;
// cache tags:
#FIRSTBEAT:3.000;
#LASTBEAT:321.000;
#SONGFILENAME:Songs/All Songs/-joe- - Jive Into The Night/Jive into the night.sm;
#HASMUSIC:1;
#HASBANNER:1;
#MUSICLENGTH:115.879;
// end cache tags

//---------------dance-single - ----------------
#NOTES:
     dance-single:
     :
     Hard:
     11:
     0.986,1.000,1.000,0.000,0.725,654.000,146.000,0.000,0.000,0.000:  // measure 1
0000
0000
0000
0000
0000
0000
1001
0010
,  // measure 2
1100
1000
0001
0100
0010
1000
0001
1000
,  // measure 3
0011
1000
0010
0100
0001
1000
1001
0100
,  // measure 4
1100
0001
1000
0010
0100
0001
0100
0010
,  // measure 5
1100
0001
1000
0010
0100
0001
1100
0010
,  // measure 6
1001
0010
0100
0001
1000
0100
0010
0001
,  // measure 7
0010
0100
1000
0100
0010
0100
1001
0100
,  // measure 8
0001
0010
1001
0100
0010
0100
1010
0000
,  // measure 9
0101
0000
0011
0000
1100
0000
1000
0100
,  // measure 10
0010
0000
0000
0000
0001
0100
0000
0010
0000
0000
0000
0000
1000
0000
0100
0000
,  // measure 11
0010
0000
0001
0000
0010
0100
0000
1000
0000
0001
0000
0010
0001
0000
1000
0000
,  // measure 12
0001
0000
0000
0000
0001
0010
0000
0100
0000
0000
0000
0000
1010
0000
1000
0000
,  // measure 13
0100
0000
0010
0000
0100
1000
0000
0010
0000
1000
0000
0001
0100
0000
0001
0000
,  // measure 14
1000
0000
0000
0000
0001
0010
0000
0100
0000
0000
0000
0000
1100
0000
0001
0000
,  // measure 15
1000
0000
0010
0000
0100
0001
0000
1000
0000
0010
0000
1000
0001
0000
0010
0000
,  // measure 16
0100
0000
0000
0000
0001
0010
0000
0010
0000
0000
0000
0000
1000
0100
0010
0001
,  // measure 17
1000
0100
0010
0001
1000
0000
0000
0000
0011
0000
0000
0000
0001
0010
0100
1000
,  // measure 18
0001
0010
0100
1000
0011
0000
1000
0001
1000
0000
0001
0000
1100
0000
0001
0000
,  // measure 19
0100
0000
0010
0000
0100
0000
0001
0100
0001
0000
0001
0000
1000
0010
0100
0001
,  // measure 20
1000
0010
0100
0001
1000
0000
0001
0000
1000
0000
0001
0000
0110
0000
0001
0000
,  // measure 21
0010
0000
0000
0000
0100
0000
0000
0000
0000
0000
1000
0000
0000
0000
0000
0000
0001
0000
0000
0000
0000
0000
0100
0000
0010
0000
0000
0000
0000
0000
0001
0000
0000
0000
0000
0000
0100
0000
0000
0001
0000
0000
0100
0000
0000
0010
0000
0000
,  // measure 22
0100
0001
0100
0010
0100
0000
0010
0000
1001
0000
0010
0000
1100
0000
0001
0000
,  // measure 23
0110
0000
0001
0000
1010
0000
0100
0000
0011
0000
1000
0100
0010
0001
1000
0100
,  // measure 24
1000
0001
1000
0001
0010
0100
1000
0100
0010
0001
1000
0010
0000
0000
1100
0000
,  // measure 25
0000
0110
0000
0000
0011
0000
1000
0000
0001
0000
0010
0000
0101
0000
0000
0000
,  // measure 26
0110
1100
0000
1100
0000
0110
0000
0110
,  // measure 27
0000
0011
0000
1100
0011
0001
0110
0000
,  // measure 28
0011
1100
0000
1100
0000
1010
0000
1010
,  // measure 29
0000
0000
0101
0000
0000
0000
0001
0000
0010
0000
0100
0000
1100
0000
0000
1100
,  // measure 30
0000
0000
0011
0000
0000
0000
0000
0000
0000
0000
1100
0000
0110
0000
0000
1001
,  // measure 31
0000
0100
0011
0000
0011
0000
1100
1000
,  // measure 32
0110
0010
0011
0001
1100
1000
0000
0110
,  // measure 33
0000
0000
0101
0000
0011
0000
1000
0000
1010
0000
1000
0000
0011
0000
0000
0010
,  // measure 34
0000
0100
0000
0001
0000
1000
0011
0010
,  // measure 35
1100
0000
0001
0000
0000
0000
1000
0000
0001
0000
0100
0000
1001
0000
0000
0001
,  // measure 36
0000
0100
0000
0001
0000
0010
1100
0010
,  // measure 37
0001
0000
0010
0000
0000
0000
1000
0000
0100
0000
1000
0000
0011
0000
0000
0011
,  // measure 38
0000
0000
0011
0000
0000
0000
0000
0000
0000
0000
0010
0000
0100
0000
0000
1100
,  // measure 39
0000
0000
1100
0000
0011
0000
0000
0000
1100
0000
0000
0000
0001
0010
0100
1000
,  // measure 40
0010
0100
0010
1000
0001
1000
0100
1000
0010
0100
0001
0000
0000
0000
1001
0000
,  // measure 41
0000
1100
0011
1000
0001
1000
1001
0000
,  // measure 42
1001
0000
1001
0000
0000
1000
0100
0010
,  // measure 43
0000
1001
0000
0001
0010
0100
1100
0000
,  // measure 44
1100
0000
1100
0000
1000
0001
0000
1001
,  // measure 45
0000
1100
0010
1000
0100
0010
0100
0000
,  // measure 46
0011
0000
0011
0000
0000
0010
0101
0001
,  // measure 47
0000
0000
1010
0000
0000
0000
1000
0000
0100
0000
0010
0000
0001
0010
0100
1000
,  // measure 48
0001
1000
0010
0100
0001
0100
0010
1000
0001
0100
0001
0000
0000
0000
1001
0000
,  // measure 49
0000
1001
0000
0000
1001
0000
0000
0000
0110
0000
0000
0000
0001
0100
0010
1000
,  // measure 50
0010
0100
0001
0100
0001
1000
0001
1000
0010
0100
0001
0010
0100
1000
0010
0100
,  // measure 51
0001
0100
0010
1000
0001
0010
0100
1000
0010
0100
0001
1000
0100
0010
0001
0100
,  // measure 52
0010
1000
0100
0010
0001
1000
0010
0100
0001
0100
0010
1000
0010
1000
0001
0100
,  // measure 53
0010
1000
0001
0100
0010
1000
0001
0100
0010
0100
0001
1000
0001
1000
0100
0010
,  // measure 54
0001
0100
0010
1000
0100
0010
0001
0010
0100
1000
0001
0100
0010
1000
0001
0100
,  // measure 55
0010
1000
0001
0010
0100
1000
0100
0010
0001
1000
0100
0010
1001
0000
0000
0000
,  // measure 56
1001
0000
1001
0000
1001
0000
1001
1000
,  // measure 57
0001
0000
1000
0000
0001
1000
0001
1000
0001
1000
0001
0000
1000
0000
0100
0000
,  // measure 58
0010
0000
0000
0000
1000
0100
0000
0010
0000
0000
0000
0000
1001
0000
0010
0000
,  // measure 59
1100
0000
1000
0000
0001
0010
0000
0100
0000
1000
0000
0100
0010
0000
0001
0000
,  // measure 60
1100
0000
0000
0000
0001
0010
0000
0100
0000
0000
0000
0000
1001
0000
0100
0000
,  // measure 61
1001
0000
0001
0000
0100
0010
0000
1000
0000
0010
0000
1000
0001
0000
0100
0000
,  // measure 62
0011
0000
0000
0000
0001
0100
0000
0010
0000
0000
0000
0000
1100
0000
0100
0000
,  // measure 63
1010
0000
0001
0000
0100
0001
0000
0010
0000
0100
0000
0010
0001
0000
0010
0000
,  // measure 64
0101
0000
0000
0000
0001
1000
0000
0001
0000
0000
0000
0000
0001
1000
0001
0010
,  // measure 65
0001
0100
0001
1000
0001
0000
1000
0000
0001
0000
0010
0000
1010
0000
0001
0000
,  // measure 66
1010
0001
1010
0001
1010
0001
1000
0100
,  // measure 67
0110
0001
0000
1000
0100
0010
0101
1000
,  // measure 68
0011
0000
1000
0000
0101
0000
1000
0000
0011
0000
1000
0000
0000
0001
0000
0000
,  // measure 69
1000
0001
0010
0100
1000
0100
0010
0001
1000
0001
1000
0000
0011
0000
0100
0000
,  // measure 70
0011
0100
0011
0100
0011
0100
0001
1100
,  // measure 71
1001
0110
0000
1000
1100
0010
0000
0001
,  // measure 72
0000
0010
0000
0000
0101
0000
0000
0000
1001
0000
0001
0000
0000
0000
1001
0000
,  // measure 73
0000
1001
0000
0000
1001
0000
0010
0000
1001
0000
0010
0000
1100
0000
0001
0000
,  // measure 74
1100
0001
1100
0001
1100
0001
1000
0100
,  // measure 75
0010
0001
0000
1000
1100
0001
0110
1000
,  // measure 76
0110
0001
0110
1000
0101
1000
0001
0100
,  // measure 77
0010
1000
0000
0010
0000
0100
0000
0010
1000
0000
0001
0000
1001
0000
0100
0000
,  // measure 78
1001
0100
1001
0100
1001
0100
1000
0010
,  // measure 79
1000
0000
0001
0000
0000
0000
1000
0000
0101
0000
0010
0000
0001
0100
0010
1000
,  // measure 80
0001
0010
0100
1000
0010
0100
0001
0010
0100
1000
0001
0000
0000
0000
1001
0000
,  // measure 81
0000
0110
0000
0000
1001
0000
0000
0000
0000
0000
0000
0000
0000
0000
0000
0000
;
