#TITLE:SEÑORITA;
#SUBTITLE:(Speed Mix);
#ARTIST:Jenny Rom;
#TITLETRANSLIT:;
#SUBTITLETRANSLIT:;
#ARTISTTRANSLIT:;
#CREDIT:;
#BANNER:senoritabanner.png;
#BACKGROUND:Senorita-bg.png;
#LYRICSPATH:;
#CDTITLE:!jelloTitle.png;
#MUSIC:Senorita.mp3;
#OFFSET:-1.450;
#SAMPLESTART:37.493;
#SAMPLELENGTH:12.000;
#SELECTABLE:YES;
#BPMS:0.000=174.000,236.000=87.000,252.000=174.000;
#STOPS:;
#BGCHANGES:;
// cache tags:
#FIRSTBEAT:0.000;
#LASTBEAT:363.500;
#SONGFILENAME:Songs/All Songs/Senorita/Senorita.sm;
#HASMUSIC:1;
#HASBANNER:1;
#MUSICLENGTH:140.050;
// end cache tags

//---------------dance-single - ----------------
#NOTES:
     dance-single:
     :
     Hard:
     10:
     1.000,1.000,1.000,0.664,0.650,757.000,308.000,93.000,0.000,0.000:  // measure 1
1000
0001
1001
0000
0100
0010
1001
0000
,  // measure 2
1000
0100
0011
0000
0001
0010
1100
0000
,  // measure 3
0001
0010
1000
0100
0001
0010
0100
0001
,  // measure 4
1010
1001
0110
0011
,  // measure 5
1001
1010
0110
0101
,  // measure 6
1001
1001
0110
0110
0011
0011
1100
1100
,  // measure 7
1000
0110
0001
0101
0010
1010
0100
1001
,  // measure 8
0100
0010
0100
0010
0100
0010
0100
0010
,  // measure 9
0000
0000
0010
0000
0010
1100
0000
1001
,  // measure 10
0000
0000
1100
0000
0010
0100
0010
1000
,  // measure 11
0000
0010
1000
0010
0100
0001
0010
0100
,  // measure 12
1010
0000
1010
0000
0001
0010
0100
1000
0011
0000
0011
0000
1000
0100
0010
0001
,  // measure 13
1000
0000
0100
0000
0001
0000
0010
0100
0000
0001
0010
0000
1000
0000
0001
0010
,  // measure 14
1001
0000
1001
0000
0001
0100
0010
1000
0101
0000
0101
0000
0010
0100
0001
0010
,  // measure 15
1000
0000
0001
0000
0100
0000
0001
0010
0000
0010
0100
0000
1000
0000
0100
0010
,  // measure 16
1001
0000
1001
0000
1000
0010
0001
0100
1010
0000
1010
0000
0001
1000
0010
0001
,  // measure 17
1010
0000
0100
0000
0010
0000
1000
0100
0000
0001
0010
0000
1000
0000
0001
1000
,  // measure 18
0101
0000
0101
0000
0010
0100
0010
1000
0101
0000
0101
0000
0010
0100
0001
1000
,  // measure 19
0001
0000
1100
0000
0010
0000
0100
0010
0000
0100
0010
0000
0001
0000
1100
0000
,  // measure 20
0010
1000
0010
0000
0001
0100
0001
0000
0010
0100
0010
0000
1000
0010
1000
0000
,  // measure 21
0001
1000
0001
0100
0010
1000
0001
0010
0100
0001
1000
0010
0100
0001
1000
0000
,  // measure 22
1000
0010
1000
0000
0001
0100
0001
0000
0010
0001
1000
0000
0100
0010
1000
0000
,  // measure 23
0001
0010
0100
0010
1000
0001
0100
0010
0001
1000
0100
1000
0001
0100
0010
0000
,  // measure 24
0010
0100
0010
0000
0010
0001
1000
0000
1000
0010
0100
0000
0001
0100
0010
0000
,  // measure 25
1000
0100
0001
0010
0100
0010
1000
0001
0010
0001
0100
0000
1001
0000
0110
0000
,  // measure 26
1001
0110
1000
0101
1000
0101
1000
1000
,  // measure 27
0100
0100
0010
0010
0001
0001
1000
0001
,  // measure 28
1000
0100
0001
0000
0001
0010
1000
0000
1000
0100
0001
0000
0001
0010
1000
0000
,  // measure 29
1000
0010
0100
0010
0001
0100
0010
1000
0100
1000
0001
0010
0100
0001
0010
0000
,  // measure 30
1000
0001
0100
0000
0001
0100
1000
0000
0100
0001
0010
0000
0010
0100
0001
0000
,  // measure 31
1000
0100
0010
0001
0010
0100
0010
0100
1000
0001
0010
0100
1000
0010
0100
0000
,  // measure 32
0001
0010
0100
0000
0010
0100
1000
0000
0100
1000
0001
0000
1000
0001
0010
0000
,  // measure 33
1000
0100
0001
0010
0100
0010
1000
0010
0100
1000
0100
0000
0001
0000
0011
0000
,  // measure 34
0100
1001
1000
1100
0100
0110
0010
0011
,  // measure 35
0010
0110
0100
1100
0010
0110
0000
1001
,  // measure 36
1100
0110
0011
0101
1010
0110
1001
0011
,  // measure 37
0110
1010
0110
1001
0000
0110
0000
1001
,  // measure 38
1100
0011
0000
2002
3003
0000
0000
1100
,  // measure 39
0011
1001
0000
0220
0330
0000
0000
0110
,  // measure 40
1001
0011
0110
1010
0110
1001
0011
0110
,  // measure 41
1010
0101
0011
1010
0000
0000
0000
0000
,  // measure 42
1100
0000
0110
0000
0011
0000
0110
0000
0101
0000
0011
0000
,  // measure 43
2200
0000
3300
0000
0110
0011
1001
0220
,  // measure 44
0000
0330
2002
3003
1100
1010
0000
0220
,  // measure 45
0000
0330
2002
3003
0011
1010
0000
0022
,  // measure 46
0000
0033
2200
3300
0110
0101
0000
1100
,  // measure 47
0000
1010
1001
0110
1010
0101
0010
0220
,  // measure 48
0000
0330
2200
3300
0011
1001
0000
0022
,  // measure 49
0000
0033
2020
3030
1100
1100
0000
2002
,  // measure 50
0000
3003
0220
0330
0011
0011
0000
1100
,  // measure 51
0000
1001
1100
0110
1001
0011
0110
1001
,  // measure 52
1010
0000
1010
0000
0001
0010
1000
0100
0011
0000
0011
1000
0100
1000
0001
0000
,  // measure 53
1000
0000
0100
0000
0011
0000
0100
0010
0000
0100
1000
0000
0001
0000
1000
0100
,  // measure 54
0011
0000
0011
0000
0001
0010
0100
1000
0011
0000
0011
0000
1000
0100
0010
0001
,  // measure 55
1100
0000
0010
0000
1000
0000
0100
0010
0000
0100
0010
0000
1000
0000
0100
1000
,  // measure 56
0101
0000
0101
0000
1000
0001
0010
0100
1010
0000
1010
0000
0001
1000
0010
0100
,  // measure 57
0011
0000
1000
0000
0011
0000
1000
0100
0000
1000
0100
0000
0001
0000
1000
0100
,  // measure 58
0011
0000
0011
0000
0100
0010
1000
0010
0101
0000
0101
0000
0010
1000
0100
1000
,  // measure 59
0011
0000
0100
0000
1010
0000
0100
1000
0000
0100
1000
0000
0001
0000
0100
1000
,  // measure 60
0022
0000
0033
2200
3300
0000
0000
0011
0000
1100
0011
0101
1010
1100
0011
1100
,  // measure 61
2200
0000
3300
0022
0033
0000
0000
1001
0000
0110
1100
0101
1001
1010
0101
1001
,  // measure 62
2002
0000
3003
0220
0330
0000
0000
1001
0000
1001
0010
0100
0010
0100
0001
1000
,  // measure 63
0010
0100
0002
1000
0010
0100
2003
0010
0100
0001
3100
0020
0100
0001
1000
0031
,  // measure 64
1000
0001
1000
0000
0001
1000
0001
0000
0010
0100
0010
0000
0100
0010
0100
0000
,  // measure 65
1000
0010
0100
0001
0010
0001
1000
0100
0001
0010
1000
0100
0010
0001
0100
0000
,  // measure 66
1000
0010
0100
0000
0001
1000
0100
0000
0010
1000
0100
0000
0100
0001
0010
0000
,  // measure 67
1000
0100
0001
0010
0100
0001
1000
0100
0010
0001
0010
0100
1000
0001
0100
0000
,  // measure 68
0001
0010
1000
0000
1000
0100
0001
0000
1000
0010
0001
0000
0001
0010
1000
0000
,  // measure 69
1000
0100
0001
0100
0010
0001
1000
0010
0100
0010
0001
0000
1001
0000
0110
0000
,  // measure 70
1001
0110
0101
1010
0101
1010
1100
0011
,  // measure 71
1100
0011
1001
0110
1001
0110
0000
1001
,  // measure 72
0110
1100
1010
1001
0101
0110
1001
0110
,  // measure 73
1001
0011
0110
1001
0000
1001
0000
1010
,  // measure 74
1001
0022
0033
2200
3300
0000
0000
0011
,  // measure 75
1010
2200
3300
0022
0033
0000
0000
0011
,  // measure 76
1010
1100
1001
0101
1010
1100
1001
0101
,  // measure 77
0110
1001
1100
0022
0033
0000
0000
0000
,  // measure 78
1100
0000
0011
0000
1010
0000
1100
0000
0011
0000
1100
0000
,  // measure 79
0022
0000
0033
0000
1010
0101
0011
2200
,  // measure 80
0000
3300
0022
0033
1001
0110
0000
2200
,  // measure 81
0000
3300
0022
0033
1001
0110
0000
2200
,  // measure 82
0000
3300
0022
0033
1100
1100
0000
0110
,  // measure 83
0000
1001
1010
0110
1001
0110
1001
0220
,  // measure 84
0000
0330
2002
3003
0110
1001
0000
0022
,  // measure 85
0000
0033
2200
3300
1001
0110
0000
0202
,  // measure 86
0000
0303
2020
3030
1001
0110
0000
1001
,  // measure 87
0000
1001
0101
0110
1010
1001
0110
2002
,  // measure 88
0000
3003
0220
0330
1010
0101
0000
2002
,  // measure 89
0000
3003
0220
0330
1001
0110
0000
2200
,  // measure 90
0000
3300
0022
0033
0101
0110
0000
1001
,  // measure 91
0000
1001
0011
0101
1010
0110
1001
0011
;
