#TITLE:MAX 450;
#SUBTITLE:;
#ARTIST:OMEGA sped up by Nomad;
#TITLETRANSLIT:;
#SUBTITLETRANSLIT:;
#ARTISTTRANSLIT:;
#CREDIT:;
#BANNER:MAX 450.png;
#BACKGROUND:MAX 450-bg.png;
#LYRICSPATH:;
#CDTITLE:!konamiTitle.png;
#MUSIC:MAX 450.mp3;
#OFFSET:-0.582;
#SAMPLESTART:9.086;
#SAMPLELENGTH:12.000;
#SELECTABLE:YES;
#BPMS:0.000=450.000,290.000=435.000,290.250=420.000,290.500=405.000,290.750=390.000,291.000=375.000,291.250=360.000,291.500=345.000,291.750=330.000,292.000=315.000,292.250=300.000,292.500=285.000,292.750=270.000,293.000=255.000,293.250=240.000,293.500=225.000,293.750=210.000,294.000=195.000,294.250=180.000,294.500=165.000,294.750=150.000,295.000=450.000;
#STOPS:295.000=0.589
;
#BGCHANGES:;
// cache tags:
#FIRSTBEAT:16.000;
#LASTBEAT:435.000;
#SONGFILENAME:Songs/All Songs/Konami-Nomad - MAX 450/MAX 450.sm;
#HASMUSIC:1;
#HASBANNER:1;
#MUSICLENGTH:61.418;
// end cache tags

//---------------dance-single - ----------------
#NOTES:
     dance-single:
     :
     Hard:
     11:
     1.000,1.000,0.293,0.065,0.098,555.000,18.000,4.000,0.000,0.000:  // measure 1
0000
0000
0000
0000
,  // measure 2
0000
0000
0000
0000
,  // measure 3
0000
0000
0000
0000
,  // measure 4
0000
0000
0000
0000
,  // measure 5
0001
0000
0100
0000
0010
1000
0000
0010
,  // measure 6
1000
0000
0100
0000
0010
0001
0000
0010
,  // measure 7
0001
0000
1000
0000
0001
0100
0000
0010
,  // measure 8
1000
0001
0001
0000
,  // measure 9
1000
0000
0100
0000
0010
0001
0000
0010
,  // measure 10
0001
0000
0100
0000
0010
1000
0000
0010
,  // measure 11
1000
0000
0001
0000
1000
0100
0000
0010
,  // measure 12
0001
1000
1000
0000
,  // measure 13
0001
0000
1000
0100
1000
0100
1000
0100
,  // measure 14
1000
0000
0001
0100
0001
0100
0001
0100
,  // measure 15
0010
1000
0010
0000
0100
0001
0100
0000
,  // measure 16
0001
0010
0100
1000
0010
0100
0001
1000
,  // measure 17
0010
1000
0010
1000
,  // measure 18
0001
0100
0001
0100
,  // measure 19
0010
1000
0100
0010
,  // measure 20
0001
1000
0100
0010
,  // measure 21
0001
0010
0001
0010
0001
0010
0001
0010
,  // measure 22
0100
1000
0100
1000
0100
1000
0100
1000
,  // measure 23
0001
0010
0100
1000
0010
0100
0001
1000
,  // measure 24
0100
0010
0001
0100
0010
1000
0001
0100
,  // measure 25
0010
0100
0010
1000
,  // measure 26
0100
0010
0001
0100
,  // measure 27
0001
1000
0010
0100
,  // measure 28
0010
1000
0100
0010
,  // measure 29
0001
0100
0001
0100
0001
1000
0001
1000
,  // measure 30
0001
0010
0001
0010
0001
1000
0001
1000
,  // measure 31
0001
0000
0000
0101
0000
0000
1100
0000
,  // measure 32
0010
0001
1000
0100
,  // measure 33
0010
0001
0010
0000
0001
0100
0001
0000
,  // measure 34
0100
0010
1000
0001
,  // measure 35
1000
0010
1000
0000
0010
0100
0010
0000
,  // measure 36
0100
0001
1000
0010
,  // measure 37
1000
0001
1000
0000
0001
1000
0001
0000
,  // measure 38
1000
1000
0001
0001
,  // measure 39
0010
0000
0001
0100
0001
0000
0100
0010
,  // measure 40
0100
0001
1000
0010
,  // measure 41
1000
0000
0100
0010
0100
0000
0010
0001
,  // measure 42
0010
0100
1000
0001
,  // measure 43
1000
0000
0001
0100
0010
1000
0001
0100
,  // measure 44
0010
0010
0100
0100
,  // measure 45
0001
1000
0001
0000
1000
0001
1000
0000
,  // measure 46
0001
0100
0001
0000
0100
0010
0100
0000
,  // measure 47
0010
1000
0010
0000
1000
0100
1000
0000
,  // measure 48
0100
0010
0100
0000
0010
0001
0010
0000
,  // measure 49
0001
0100
0001
0000
1000
0100
1000
0000
,  // measure 50
0001
0010
0001
0000
1000
0100
1000
0000
,  // measure 51
0001
1000
0100
0000
0010
0001
0100
0000
,  // measure 52
0001
1000
0010
0000
0100
0001
1000
0000
,  // measure 53
0100
1000
0001
0000
0010
0001
1000
0000
,  // measure 54
0010
0100
0001
0000
1000
0100
0010
0000
,  // measure 55
0001
1000
0001
0000
1000
0000
0000
0000
,  // measure 56
1100
0000
0101
0000
,  // measure 57
1000
0000
0100
1000
0000
0001
0100
0001
,  // measure 58
1000
0000
0010
1000
0000
0001
0010
0001
,  // measure 59
0010
0000
0100
0000
1000
0001
1000
0001
,  // measure 60
1000
1100
0011
0000
,  // measure 61
0001
0000
0100
0001
0000
1000
0100
1000
,  // measure 62
0001
0000
0010
0001
0000
1000
0010
1000
,  // measure 63
0010
0000
0100
0000
0001
1000
0001
1000
,  // measure 64
0001
0101
1010
0000
,  // measure 65
0010
0000
1000
0001
1000
0100
1000
0001
,  // measure 66
0010
0000
0001
1000
0001
0100
0001
1000
,  // measure 67
0010
0000
1000
0100
0010
0001
0100
0010
,  // measure 68
1000
1100
0101
0000
,  // measure 69
1000
0000
0001
0100
0001
0100
0001
0100
,  // measure 70
0001
0000
1000
0100
1000
0100
1000
0100
,  // measure 71
1000
0000
0001
0000
1000
0000
0001
0000
1000
0000
0001
0000
,  // measure 72
0100
0000
2002
0000
,  // measure 73
0000
0000
0000
0000
,  // measure 74
0000
0000
0000
0000
0000
3003
0000
0000
,  // measure 75
1000
0000
0001
0000
0010
0100
1000
0001
,  // measure 76
1000
0100
0010
0001
1000
0001
0100
0000
,  // measure 77
0010
0000
1000
0100
1000
0001
1000
0000
,  // measure 78
0010
1000
0001
0100
0001
0000
0010
0100
,  // measure 79
1000
0100
1000
0001
1000
0010
1000
0001
,  // measure 80
0100
0000
0010
1000
0100
0010
0001
0000
,  // measure 81
0100
0001
0000
0000
1000
0000
0001
0100
,  // measure 82
0010
1000
0010
1000
0001
0000
1000
0000
,  // measure 83
0001
0100
0001
0100
0001
0000
1000
0100
,  // measure 84
1000
0100
1000
0000
0010
0100
0010
0100
,  // measure 85
0010
0000
1000
0001
1000
0001
1000
0000
,  // measure 86
0001
0100
0001
0010
0001
0000
1000
0100
,  // measure 87
1000
0010
1000
0000
0010
0100
0010
1000
,  // measure 88
0001
0000
1000
0001
1000
0010
0100
0000
,  // measure 89
0001
0010
0100
1000
0001
0000
1000
0100
,  // measure 90
1000
0010
1000
0001
1000
0010
1000
0100
,  // measure 91
0010
0000
0001
1000
0000
1000
0001
0000
,  // measure 92
0010
0000
0011
0000
0000
1100
0000
0000
,  // measure 93
0100
0000
1000
0001
0000
0001
1000
0000
,  // measure 94
0100
0000
1100
0000
0000
0011
0000
0000
,  // measure 95
0001
0000
0010
0100
0000
0100
0010
0000
,  // measure 96
0001
0000
0100
0010
0000
0010
0100
0000
,  // measure 97
0010
0000
1000
0001
0000
0001
1000
0000
,  // measure 98
0001
0000
1001
0000
0000
1001
0000
0000
,  // measure 99
0010
0000
0001
1000
0001
0000
0100
0000
,  // measure 100
0001
0000
0010
0100
0010
0000
0001
0000
,  // measure 101
0100
0000
0001
1000
0001
0000
0010
0000
,  // measure 102
1000
0000
0100
0010
0100
0000
1000
0000
,  // measure 103
0010
0100
0010
1000
0001
0100
0010
1000
,  // measure 104
0001
0010
0100
1000
0010
0100
0001
1000
,  // measure 105
0001
0000
0001
0000
0001
0000
0000
0000
0000
0000
0000
0000
,  // measure 106
1000
0000
1000
0000
1000
0000
0000
0000
0000
0000
0000
0000
,  // measure 107
0010
0000
0010
0000
0010
0000
0100
0000
0100
0000
0100
0000
,  // measure 108
2002
0000
0000
0000
,  // measure 109
0000
0000
0000
3003
;
