#TITLE:PARANOiA Survivor MAX;
#SUBTITLE:;
#ARTIST:290;
#TITLETRANSLIT:;
#SUBTITLETRANSLIT:;
#ARTISTTRANSLIT:;
#CREDIT:;
#BANNER:psm.png;
#BACKGROUND:psm-bg.png;
#LYRICSPATH:;
#CDTITLE:!konamiTitle.png;
#MUSIC:psm.mp3;
#OFFSET:-0.895;
#SAMPLESTART:19.980;
#SAMPLELENGTH:12.000;
#SELECTABLE:YES;
#BPMS:0.000=290.000,88.000=145.000,92.000=290.000,148.000=145.000,152.000=290.000,174.000=145.000,178.000=290.000,252.000=72.500,254.000=290.000,374.000=145.000,378.000=290.000;
#STOPS:;
#BGCHANGES:;
// cache tags:
#FIRSTBEAT:32.000;
#LASTBEAT:425.000;
#SONGFILENAME:Songs/All Songs/Paranoia Survivor MAX/psm.sm;
#HASMUSIC:1;
#HASBANNER:1;
#MUSICLENGTH:96.087;
// end cache tags

//---------------dance-single - ----------------
#NOTES:
     dance-single:
     :
     Hard:
     10:
     0.981,0.995,0.437,0.052,0.099,613.000,42.000,5.000,0.000,0.000:  // measure 1
0000
0000
0000
0000
,  // measure 2
0000
0000
0000
0000
,  // measure 3
0000
0000
0000
0000
,  // measure 4
0000
0000
0000
0000
,  // measure 5
0000
0000
0000
0000
,  // measure 6
0000
0000
0000
0000
,  // measure 7
0000
0000
0000
0000
,  // measure 8
0000
0000
0000
0000
,  // measure 9
0100
0010
0100
0001
0100
0010
1000
0000
,  // measure 10
0100
0010
0100
1000
0100
0010
0001
0000
,  // measure 11
0010
0100
0010
1000
0010
0100
0010
0001
,  // measure 12
0100
0010
1000
0000
0001
0010
0100
0000
,  // measure 13
0010
0001
0000
0010
1000
0000
0010
0001
,  // measure 14
0000
0010
1000
0000
0010
0100
0010
0000
,  // measure 15
0100
1000
0100
0010
0001
0010
0100
0000
,  // measure 16
1000
0001
1000
0001
0010
0000
0110
0000
,  // measure 17
0011
0000
1001
0000
1000
0100
0010
0001
,  // measure 18
0010
0100
1000
0001
0000
0100
0010
1000
,  // measure 19
0001
0100
1000
0100
0001
1000
0100
0000
,  // measure 20
0010
0011
0001
0101
,  // measure 21
1010
0000
1001
0000
0001
0100
0010
1000
,  // measure 22
0010
0100
0001
1000
0000
0100
0010
0001
,  // measure 23
1000
0001
0000
0001
1000
0001
0000
0001
0000
0100
0000
0100
0000
0010
0000
0010
,  // measure 24
1000
0100
1000
0001
1000
0010
0100
0000
,  // measure 25
1000
0000
0010
0000
0100
0001
1000
0000
,  // measure 26
0001
0100
0001
1000
0001
0010
0100
0000
,  // measure 27
0001
0000
0010
0000
0100
1000
0001
0000
,  // measure 28
1000
0100
1000
0100
0010
0001
0010
0001
,  // measure 29
1000
0001
1000
0001
0100
0010
0100
0000
,  // measure 30
0010
0000
1000
0001
0000
1000
0100
0000
,  // measure 31
0010
0000
0001
1000
0000
0000
0110
0000
,  // measure 32
0011
0000
1001
0000
0100
0001
0100
0000
,  // measure 33
0001
0100
0001
1000
0000
0010
0100
0000
,  // measure 34
1010
0000
1001
0000
0100
1000
0100
0000
,  // measure 35
1000
0100
1000
0001
0000
0010
0100
0000
,  // measure 36
1100
0000
1001
0000
0010
1000
0010
0000
,  // measure 37
1000
0010
1000
0001
0000
0110
0000
0000
,  // measure 38
1000
0010
1000
0010
0000
0000
0100
0001
0000
0001
0100
0000
0000
0000
0110
0000
,  // measure 39
1000
0000
0001
0000
1000
0100
1000
0000
,  // measure 40
0001
0000
1000
0000
0001
0100
0001
0100
,  // measure 41
0001
0000
1000
0001
1000
0000
0001
1000
,  // measure 42
0001
0000
1000
0100
1000
0000
0100
0010
,  // measure 43
0100
0010
0100
0000
0010
0001
0010
0000
,  // measure 44
0100
0000
1000
0000
0100
0000
0000
0000
0010
0100
0000
0000
1001
0000
0000
0000
,  // measure 45
0011
0000
1100
0000
0010
0100
0010
1000
,  // measure 46
0010
0000
0100
0001
0100
0010
0100
0000
,  // measure 47
0010
1000
0001
0000
1000
0001
0100
0000
,  // measure 48
0001
0100
0010
0000
0100
0010
0100
0001
,  // measure 49
1000
0000
1000
0100
0010
0000
0001
0100
,  // measure 50
0010
0000
1000
0001
1000
0000
0100
0010
,  // measure 51
0100
0001
1000
0000
0100
0010
0100
0000
,  // measure 52
1000
0100
1000
0000
0001
0010
0001
0000
,  // measure 53
0001
0100
0001
0000
1000
0010
1000
0000
,  // measure 54
0001
1000
0001
0000
0001
0100
0001
0000
,  // measure 55
0001
1000
0001
0000
0001
0010
0001
0000
,  // measure 56
1000
0001
1000
0000
1000
0100
1000
0000
,  // measure 57
1000
0001
1000
0000
1000
0010
1000
0000
,  // measure 58
0100
1000
0100
0010
0100
0000
0100
0001
,  // measure 59
0100
0010
0100
0000
0100
1000
0100
0010
,  // measure 60
0001
0000
0001
1000
0001
0100
0001
0000
,  // measure 61
0001
1000
0001
0010
0001
0000
0001
1000
,  // measure 62
0010
0100
0010
0000
0010
1000
0010
0100
,  // measure 63
0010
0000
0010
0001
0010
0100
0010
2000
,  // measure 64
0002
0000
0000
3003
1000
0100
0010
0001
,  // measure 65
1000
0000
1000
0000
0001
0100
0001
0000
,  // measure 66
0010
1000
0010
0000
0100
0001
0100
0010
,  // measure 67
0100
0001
1000
0000
1100
0000
1001
0000
,  // measure 68
1010
0000
0110
0000
0100
0001
0000
0100
,  // measure 69
0010
0000
0100
1000
0000
0100
0010
1000
,  // measure 70
0010
0000
1010
0000
1001
0000
0001
0100
,  // measure 71
0001
0000
0010
1000
0010
0100
0001
0000
,  // measure 72
0101
0000
1001
0000
0001
0100
0010
1000
,  // measure 73
0001
0000
0001
0000
1000
0100
1000
0000
,  // measure 74
0010
0001
0010
0000
0100
1000
0100
0010
,  // measure 75
0100
1000
0001
0000
0101
0000
1001
0000
,  // measure 76
0011
0000
0110
0000
0100
1000
0000
0100
,  // measure 77
0010
0000
0100
0001
0100
0000
0100
0010
,  // measure 78
0000
0100
1000
0000
0000
0110
0000
0110
,  // measure 79
0000
0100
0010
0000
1010
0000
1001
0000
,  // measure 80
0101
0000
0110
0000
0100
1000
0100
0010
,  // measure 81
1000
0001
0010
0100
0001
0100
1000
0010
,  // measure 82
0100
0001
1000
0100
0010
0001
1000
0100
,  // measure 83
0001
0100
0010
0001
0010
0100
1000
0001
,  // measure 84
0010
0100
0001
0000
0100
0001
0100
0010
,  // measure 85
0001
1000
0010
0100
1000
0100
0001
0010
,  // measure 86
0100
1000
0001
0100
0010
1000
0001
0100
,  // measure 87
1000
0100
0010
1000
0010
0100
0001
1000
,  // measure 88
0010
0100
0001
0000
0010
1000
0010
0100
,  // measure 89
1000
0001
0100
0010
0001
0010
1000
0100
,  // measure 90
0010
0001
1000
0010
0100
0001
1000
0010
,  // measure 91
0001
0010
0100
0001
0100
0010
1000
0001
,  // measure 92
0100
0010
0001
0000
0010
0001
0010
0100
,  // measure 93
0001
1000
0100
0010
1000
0010
0001
0100
,  // measure 94
0010
0000
1000
0000
0001
0000
0010
0000
0100
1000
0000
0100
0010
0000
0100
0001
,  // measure 95
0000
0100
0010
0000
0001
0100
0001
1000
0100
0000
0010
0000
0001
0000
0010
0000
,  // measure 96
0100
1000
0001
0000
0101
0000
1001
0000
,  // measure 97
1000
0100
1000
0000
1001
0000
1010
0000
,  // measure 98
0100
0010
0100
0001
1000
0100
1000
0001
,  // measure 99
0010
0100
1000
0000
0100
0010
0001
0010
,  // measure 100
0100
0000
1000
0000
0001
0010
0001
0000
,  // measure 101
1000
0100
1000
0000
0001
0100
0010
1000
,  // measure 102
0010
0100
0001
1000
0100
0010
0002
0000
,  // measure 103
0000
0000
0000
0003
0100
0010
0100
0010
,  // measure 104
0000
0000
1000
0001
0000
0010
0100
0000
,  // measure 105
1000
0001
1000
0001
0000
0000
2002
0000
,  // measure 106
0000
0000
0000
0000
,  // measure 107
0000
3003
0000
0000
;
