#TITLE:Geno's Woods;
#SUBTITLE:;
#ARTIST:Orkybash;
#TITLETRANSLIT:;
#SUBTITLETRANSLIT:;
#ARTISTTRANSLIT:;
#CREDIT:;
#BANNER:genoswoods-bn.png;
#BACKGROUND:genoswoods-bg.png;
#LYRICSPATH:;
#CDTITLE:!a0Title.png;
#MUSIC:genoswoods.mp3;
#OFFSET:-4.814;
#SAMPLESTART:38.350;
#SAMPLELENGTH:12.000;
#SELECTABLE:YES;
#BPMS:0.000=100.020;
#STOPS:;
#BGCHANGES:;
// cache tags:
#FIRSTBEAT:0.000;
#LASTBEAT:159.000;
#SONGFILENAME:Songs/All Songs/Geno's Woods/genoswoods.sm;
#HASMUSIC:1;
#HASBANNER:1;
#MUSICLENGTH:101.773;
// end cache tags

//---------------dance-single - ----------------
#NOTES:
     dance-single:
     :
     Hard:
     11:
     0.945,0.976,1.000,0.275,0.796,464.000,181.000,28.000,0.000,0.000:  // measure 1
1000
0000
0100
0000
0010
0000
0001
0000
1000
0000
0000
0000
0010
0000
0000
0000
0100
0000
0000
0000
0010
0000
0000
1000
0001
0000
0000
0000
0000
0000
0000
0000
,  // measure 2
0010
0000
0000
0000
1000
0000
0010
0000
0100
0000
0000
0000
0001
0000
0100
0000
0010
0000
0000
0000
1000
0000
0000
0000
0001
1000
0100
0000
0000
0000
0000
0000
,  // measure 3
1000
0100
0010
0001
1000
0000
0001
0010
0100
0000
1000
0100
0010
0000
0000
0000
,  // measure 4
1000
0000
0001
0010
0100
0000
1000
0100
0010
0000
0001
0010
0100
0000
0000
0000
,  // measure 5
1001
0000
0100
0000
0110
0000
0001
0000
1001
0000
0000
0000
0110
0000
0000
0000
0101
0000
0000
0000
0110
0000
0000
1000
0011
0000
0000
0000
1000
0000
0000
0000
,  // measure 6
0011
0000
0000
0000
1010
0000
0010
0000
0101
0000
0000
0000
0011
0000
0100
0000
1010
0000
0000
0000
0011
0000
0000
0000
0101
1000
0100
0000
1000
0000
0000
0000
,  // measure 7
1001
0100
0110
0001
1001
0000
0101
0010
0101
0000
1100
0100
0011
0000
1000
0000
,  // measure 8
1100
0000
1010
0100
0110
0000
0011
0010
0110
0000
1010
0100
0011
0000
1100
0000
,  // measure 9
2001
0100
0010
0001
0100
0000
0010
0000
0100
0000
0001
3100
0012
0000
1000
0003
,  // measure 10
2100
0000
0001
0010
0100
0000
0001
3000
0201
0000
1000
0000
0001
0000
0010
0300
,  // measure 11
1002
0010
0100
1000
0010
0000
1000
0000
0100
0000
0010
0103
1020
0000
0001
0030
,  // measure 12
1200
0000
0001
1000
0010
0000
0001
0300
2010
0000
0001
0000
0010
0000
0100
3000
,  // measure 13
1002
0010
0100
1000
0010
0000
0100
0000
1000
0010
0100
1000
0010
0000
0100
0000
,  // measure 14
1000
0010
0100
1000
0010
0000
0100
0000
1000
0010
0100
1000
0010
1000
0010
0103
,  // measure 15
1001
0100
0010
0011
1100
0000
0001
0000
1100
0000
1010
0000
0101
0000
0010
0000
,  // measure 16
1001
0000
1000
0110
0101
0000
0001
0100
0110
0000
1100
0000
0011
0000
0100
0000
,  // measure 17
1010
0100
0010
0101
1001
0000
0001
0010
0101
0000
1001
0100
1010
0000
0100
0000
,  // measure 18
1010
0000
0001
1010
0110
0000
1000
0100
1010
0000
1001
0010
0110
0000
0100
0000
,  // measure 19
1002
0103
0010
0011
1100
0000
0010
0000
1100
0000
1010
0000
0201
0300
0010
0000
,  // measure 20
1002
0003
1000
0110
0101
0000
0001
0100
0120
0030
1100
0000
0011
0000
0100
0000
,  // measure 21
1020
0130
0010
0101
1001
0000
0001
0010
0101
0000
1001
0100
1010
0000
0010
0000
,  // measure 22
2010
3000
0001
1010
0110
0000
1000
0100
1020
0030
1001
0010
0110
0000
0001
0000
,  // measure 23
1001
0010
0100
0001
1000
0010
0100
0001
1001
0010
0100
0001
1001
0010
0100
0001
,  // measure 24
1001
0100
0010
0001
1000
0100
0010
0001
1001
0100
0010
0001
1001
0100
0010
0001
,  // measure 25
0101
0010
1000
0001
0100
0010
1000
0001
0100
0010
1000
0001
0100
0010
1000
0001
,  // measure 26
0101
0010
1000
0001
0100
0010
1000
0001
0100
0010
1000
0001
0100
0010
1000
0100
,  // measure 27
1100
0000
0100
0000
0110
0000
0011
0000
1100
0000
0000
0000
0011
0000
0001
0000
1100
0000
0000
0000
1010
0000
0010
0100
1001
0000
0000
0000
0100
0000
0100
0000
,  // measure 28
1010
0000
0000
0000
1001
0000
0011
0000
1100
0000
0000
0000
0011
0000
0110
0000
1010
0000
0000
0000
1100
0000
0100
0000
1001
0010
0100
0000
0001
0000
0001
0000
,  // measure 29
1000
0100
0110
0101
1000
0000
1001
1010
1100
0000
1001
0101
1010
0000
0010
0010
,  // measure 30
1000
0000
0101
0110
1100
0000
1001
0101
1010
0000
1001
1010
1100
0000
0010
0010
,  // measure 31
1002
0103
0110
0101
1001
0000
0011
0001
1100
0000
0011
0110
1020
0030
0101
0001
,  // measure 32
2010
3000
1001
0011
1100
0000
0110
0100
2100
3000
0010
0010
1020
0030
0101
0001
,  // measure 33
1002
0103
0110
0101
1001
0000
0011
0001
1100
0000
0011
0110
2010
3000
0101
0001
,  // measure 34
1020
0030
1001
0011
1100
0000
0110
0100
1200
0300
0010
0010
1010
0000
0101
0001
,  // measure 35
1002
0103
0110
0101
1001
0000
0100
0100
1001
0100
0110
0101
1001
0000
0100
0100
,  // measure 36
1001
0100
0110
0101
1001
0000
0100
0100
1001
0100
0110
0101
1001
0000
0100
0100
,  // measure 37
2001
3100
0010
0001
1000
0000
0010
0000
1000
0100
0010
0001
1000
0000
0010
0000
,  // measure 38
1000
0100
0010
0001
1000
0000
0010
0000
1000
0100
0010
0001
1000
0000
0010
0000
,  // measure 39
0100
0001
0010
0100
2000
0000
0000
0000
0000
0000
0000
0000
0000
0000
0000
0000
0000
0000
0000
0000
0000
0000
0000
0000
0000
0000
0000
0000
0000
0000
0000
0000
,  // measure 40
0000
0000
0000
3000
;
