#TITLE:Healing Vision -Angelic Megamix-;
#SUBTITLE:;
#ARTIST:2MB remix by KOTARO CHUGANJI;
#TITLETRANSLIT:;
#SUBTITLETRANSLIT:;
#ARTISTTRANSLIT:;
#CREDIT:;
#BANNER:HVAMM.png;
#BACKGROUND:HVAMM-bg.png;
#LYRICSPATH:;
#CDTITLE:!title.png;
#MUSIC:HVAMM.mp3;
#OFFSET:-0.020;
#SAMPLESTART:9.800;
#SAMPLELENGTH:19.500;
#SELECTABLE:YES;
#BPMS:0.000=98.000,16.000=196.000,303.000=98.000;
#STOPS:238.500=0.360
;
#BGCHANGES:;
// cache tags:
#FIRSTBEAT:16.000;
#LASTBEAT:303.500;
#SONGFILENAME:Songs/All Songs/HVAMM/HVAMM.sm;
#HASMUSIC:1;
#HASBANNER:1;
#MUSICLENGTH:104.792;
// end cache tags

//---------------dance-single - MANIAC----------------
#NOTES:
     dance-single:
     MANIAC:
     Hard:
     9:
     0.729,0.688,0.410,0.010,0.029,491.000,43.000,1.000,0.000,0.000:
0000
0000
0000
0000
,
0000
0000
0000
0000
,
0000
0000
0000
0000
,
0000
0000
0000
0000
,
1100
0000
0001
0010
0001
0000
0100
0010
,
0000
1000
0100
0000
0010
0000
0001
0010
,
0100
0000
1000
0100
1000
0000
0010
0100
,
0000
0001
0010
0000
0100
0000
1000
0100
,
0010
0000
0001
1000
0001
0000
0100
0010
,
0000
0010
0100
0000
1001
0000
0100
0010
,
0100
0000
1000
0001
1000
0000
0010
0100
,
0000
0100
0010
0000
0110
0000
0001
1000
,
0001
0000
1000
0100
1000
0000
0100
1000
,
0100
0000
0010
0001
0010
0000
0011
0000
,
1100
0000
0010
0001
0010
0000
0001
0010
,
0001
0000
0100
1000
0100
0000
1100
0000
,
0011
0000
1000
0010
1000
0000
0010
1000
,
0010
0000
0100
0001
0100
0000
0101
0000
,
1010
0000
0001
0100
0001
0000
0100
0001
,
0100
0000
0010
1000
0010
0000
1010
0000
,
0101
0000
1000
0010
0100
0001
1000
0010
,
0100
0000
0001
0100
0010
1000
0001
0100
,
0010
0000
0100
0001
1000
0010
0100
0001
,
1000
0000
0010
1000
0001
0100
0010
1000
,
0001
0010
0100
1001
0000
0010
0100
0010
,
1000
0100
0010
1001
0000
0100
0010
0100
,
0001
1000
0001
1001
0000
0100
0010
0100
,
0001
0000
0010
0000
0100
0000
1000
0000
0100
0000
0010
0000
0001
1000
0001
1000
,
0001
0010
0001
0000
1100
0000
0011
0000
,
0100
0010
0100
0000
1000
0010
1000
0000
,
1000
0100
1000
0000
0011
0000
1100
0000
,
0010
0100
0010
0000
0001
0100
0001
0000
,
0100
0010
0100
0000
1001
0000
0110
0000
,
1000
0010
1000
0000
0001
0010
0001
0000
,
1000
0001
1000
1001
0000
0000
0100
0001
,
0100
0000
0000
0000
0010
0000
0001
0000
0010
0000
0000
0000
0001
1000
0001
1000
,
0001
0010
0100
1000
1001
0000
0100
0010
,
0001
0010
0100
1000
1001
0000
0010
0100
,
0010
0001
0010
0100
0110
0000
0100
0010
,
0100
1000
0100
0010
0110
0000
1001
0000
,
1000
0010
0100
0001
1001
0000
0001
1000
,
0001
0100
0010
1000
1001
0000
1000
0001
,
1000
0010
1000
0000
0001
0100
0001
0000
,
0100
0000
0010
0000
1000
0000
0001
0000
0100
0000
0010
0000
1000
0001
1000
0001
,
1000
0010
1000
0010
0100
0001
0100
0001
,
0010
1000
0010
1000
0101
0000
1010
0000
,
0100
0001
0100
0001
0010
1000
0010
1000
,
0010
0001
0010
0001
1100
0000
0011
0000
,
0100
0010
0100
0010
1000
0010
1000
0010
,
0100
0001
0100
0001
1010
0000
0101
0000
,
1000
0001
1000
0001
0100
1000
0100
1000
,
0010
0001
0010
0001
1001
0000
1001
0000
,
1000
0010
0100
1001
0000
0100
0010
1000
,
0001
0100
0001
1001
0000
0010
0100
0001
,
1000
0001
1000
1001
0000
1000
0001
0100
,
0010
1000
0001
1001
0000
0010
0100
0001
,
1000
0010
0100
1001
0000
0100
0010
1000
,
0001
0100
0010
1001
0000
0100
0010
1000
,
0001
0100
0010
1001
0000
1000
0100
1000
,
0100
0000
0001
0000
0010
0000
0001
0000
0020
0000
0000
0030
1000
0000
0010
0000
,
0100
0001
0010
1000
0001
0100
1000
0010
,
0100
0001
0010
1000
0001
0100
0010
0100
,
0001
0010
0100
0010
1000
0100
0010
0100
,
0001
0010
0100
0010
1000
0100
0001
0100
,
1000
0100
1000
0010
0001
0010
0100
0001
,
0100
1000
0100
1000
0010
0001
0010
0100
,
0010
0100
0001
0010
0100
0010
1000
0100
,
0010
0100
0001
0010
0100
0010
1000
0100
,
0010
0001
0100
0010
0100
1000
0010
0100
,
0010
0001
0100
0010
0100
1000
0010
0001
,
0100
0010
1000
0100
0001
0010
1000
0010
,
1000
0001
0100
0010
1000
0001
0100
0010
,
1000
0001
0010
0100
0001
1000
0010
0100
,
1000
0010
0100
0001
0010
0100
0001
1000
,
0010
0100
0001
1000
0010
0100
1000
0010
,
0100
0001
1000
0010
0100
0001
1000
1000
;

//---------------dance-single - TRICKY----------------
#NOTES:
     dance-single:
     TRICKY:
     Medium:
     7:
     0.586,0.579,0.573,0.010,0.000,369.000,60.000,1.000,0.000,0.000:
0000
0000
0000
0000
,
0000
0000
0000
0000
,
0000
0000
0000
0000
,
0000
0000
0000
0000
,
1100
0001
0001
0100
,
0100
0000
1000
0100
0010
0000
0001
0010
,
0100
1000
1000
0010
,
0010
0000
0001
0010
0100
0000
1000
0100
,
0010
0001
0001
0100
,
0100
0000
0010
0100
1000
0000
0100
0010
,
0001
1000
1000
0010
,
0010
0000
0100
0010
0001
0000
0010
0100
,
1000
1000
1000
0100
,
0100
0010
0010
0011
,
1100
0001
0001
0010
,
0010
0100
0100
1100
,
0011
1000
1000
0010
,
0010
0100
0100
0101
,
1010
0001
0001
0100
,
0100
0010
0010
1010
,
0101
0000
1000
0010
0100
0000
1000
0010
,
0100
0000
0001
0100
0010
0000
0101
0000
,
1010
0000
0100
0001
1000
0000
0100
0001
,
1000
0000
0010
1000
0001
0000
0010
0000
,
1001
0000
0000
1001
0000
0100
0010
0000
,
1001
0000
0000
1001
0000
0010
0100
0000
,
1001
0000
0000
1001
0000
0100
0010
0000
,
1001
0000
0110
0000
1001
0000
0100
0010
,
0100
0011
1100
0011
,
0100
0010
0100
0000
0100
0010
0100
0000
,
0010
1100
0011
1100
,
0010
0100
0010
0000
0010
0100
0010
0000
,
0100
0010
0001
0110
,
1000
0010
1000
0000
0001
0100
0001
0000
,
0010
0100
1000
0110
,
0001
0010
0001
0000
0110
0000
0100
0010
,
0100
0000
0100
1000
0100
0000
0010
0001
,
0010
0110
1001
0110
,
1001
0000
1000
0100
1000
0000
0001
0010
,
0001
0110
1001
0110
,
1001
0000
0100
0010
0100
0000
0010
0100
,
0010
1100
0011
1100
,
0011
0000
0100
1000
0100
0000
0010
0001
,
0010
0000
0100
0010
0100
0000
0010
0100
,
0010
0000
1000
0010
0100
0000
0010
0000
,
0001
0000
0010
0000
0100
0010
1000
0000
,
1001
0000
0001
0100
0010
0000
0100
0000
,
1000
0000
0100
0000
0010
0100
0001
0000
,
1001
0000
0100
1000
0010
0000
0001
0000
,
0010
0000
0100
0000
1000
0001
0100
0000
,
0110
0000
0010
0001
0100
0000
1000
0000
,
0100
0010
0001
1001
,
0010
0001
0010
0001
0000
0010
0001
0000
,
0100
1000
0100
1000
0000
0100
1000
0000
,
0010
0100
0010
0100
0000
0010
0100
0000
,
0001
1000
0001
1000
0000
0001
0000
1000
,
0001
0010
0001
0010
0001
0000
0110
0000
,
1000
0100
1000
0100
1000
0000
0110
0000
,
0001
0010
0100
0010
0001
0000
1001
0000
,
0010
0000
0100
0000
1000
0000
0100
0000
0020
0000
0000
0030
1000
0000
0100
0000
,
0010
0000
0001
0010
0100
0000
1000
0100
,
0010
0001
0010
0000
1010
0000
0001
0010
,
0100
0000
1000
0100
0010
0000
0100
0010
,
0001
0010
0100
0000
0101
0000
1000
0100
,
1000
0000
0010
0001
0010
0000
0100
0001
,
0100
1000
0100
0000
0110
0000
0010
0001
,
0010
0000
0100
1000
0100
0000
0100
0010
,
0001
0010
0100
0000
1001
0000
0100
0010
,
0100
0000
0001
0000
0101
0000
1000
0100
,
1000
0000
0100
0000
1100
0000
0010
0001
,
0010
0000
0010
0000
0101
0000
1000
0010
,
1000
0000
0100
0000
1010
0000
0100
0010
,
0100
0000
0010
0000
0101
0000
0010
0100
,
1000
0000
0100
0000
0110
0000
0001
1000
,
0010
0000
0001
0000
0110
0000
1000
0010
,
0100
0000
1000
0000
1100
0000
1000
1000
;

//---------------dance-single - BASIC----------------
#NOTES:
     dance-single:
     BASIC:
     Easy:
     5:
     0.440,0.471,0.305,0.048,0.000,286.000,32.000,5.000,0.000,0.000:
0000
0000
0000
0000
,
0000
0000
0000
0000
,
0000
0000
0000
0000
,
0000
0000
0000
0000
,
1100
0001
0100
0001
,
0100
1000
0010
1000
,
0010
0001
0100
0001
,
0100
1000
0010
1000
,
0010
0001
0010
0001
,
0010
0100
1000
0100
,
1000
0001
0010
0001
,
0010
1000
0100
1000
,
1001
0100
0010
0100
,
0010
1000
0001
1000
,
0001
0100
0010
0100
,
0010
1000
0001
1000
,
0001
1000
1000
0010
,
0010
0100
0100
0001
,
0001
1000
1000
0010
,
0010
0100
0100
0001
,
0001
0010
0010
1000
,
1000
0001
0001
0100
,
0100
0010
0010
1000
,
1000
0001
0001
0100
,
0110
0000
0000
0110
0000
0000
0000
0000
,
1001
0000
0000
1001
0000
0000
0000
0000
,
0110
0000
0000
0110
0000
0000
0000
0000
,
1001
0000
1001
0000
,
0100
0010
0100
0010
,
0100
0100
0010
0010
,
0100
0010
0100
0010
,
0100
0100
0010
0010
,
0100
0010
0001
0010
,
1000
1000
0001
0001
,
0010
0100
1000
0100
,
0001
1000
1001
0220
,
0330
0100
0100
0010
,
0010
0001
0011
1000
,
1100
1000
1000
0001
,
0001
0010
0011
0100
,
1100
0100
0100
0010
,
0010
0100
0110
0010
,
0110
0100
0100
0010
,
0010
0100
0110
0220
,
0330
1000
0100
0010
,
0001
0010
0100
1000
,
1001
0001
0010
0100
,
1000
0100
0010
0001
,
1001
0100
0010
0001
,
0010
0100
1000
0100
,
0110
0010
0100
1000
,
0100
0010
0001
1001
,
0010
0001
0010
0001
0000
0000
0000
0000
,
0100
1000
0100
1000
0000
0000
0000
0000
,
0010
0100
0010
0100
0000
0000
0000
0000
,
0001
1000
0001
1000
0000
0000
0000
0000
,
0001
0010
0001
0010
0000
0000
0000
0000
,
1000
0100
1000
0100
0000
0000
0000
0000
,
0010
0100
0010
0000
,
0010
0000
0000
0000
0100
0000
0000
0000
0020
0000
0000
0030
1000
0000
0000
0000
,
0100
0000
0010
0000
0001
0000
0010
0100
,
1000
0000
0010
0100
1000
0000
1000
0000
,
0100
0000
0010
0000
0001
0000
0100
0010
,
0001
0000
0100
0010
0001
0000
1000
0000
,
0010
0000
0100
0000
0001
0000
0100
0001
,
0100
0000
0100
1000
0100
0000
0001
0000
,
0100
0000
0010
0000
1000
0000
0010
0001
,
0010
0000
0010
0100
0010
0000
0100
0000
,
0100
0001
0101
1000
,
1000
0100
1100
0010
,
0010
0010
0101
1000
,
1000
0100
1010
0100
,
0100
0010
0101
0010
,
1000
0100
0110
0001
,
0010
0001
0110
1000
,
0100
0000
1000
0000
1100
0000
1000
1000
;
