#TITLE:Petrification;
#SUBTITLE:;
#ARTIST:KaW(Inspector K);
#TITLETRANSLIT:;
#SUBTITLETRANSLIT:;
#ARTISTTRANSLIT:;
#CREDIT:;
#BANNER:petrification.png;
#BACKGROUND:petrification-bg.png;
#LYRICSPATH:;
#CDTITLE:!renTitle.png;
#MUSIC:Petrification.mp3;
#OFFSET:-0.070;
#SAMPLESTART:21.786;
#SAMPLELENGTH:12.000;
#SELECTABLE:YES;
#BPMS:0.000=170.000,64.000=85.000,68.000=170.000,144.000=85.000,148.000=170.000,156.000=85.000,160.000=170.000,168.000=85.000,172.000=170.000,180.000=85.000,184.000=170.000;
#STOPS:;
#BGCHANGES:;
// cache tags:
#FIRSTBEAT:32.000;
#LASTBEAT:352.000;
#SONGFILENAME:Songs/All Songs/Petrification/petrification.sm;
#HASMUSIC:1;
#HASBANNER:1;
#MUSICLENGTH:137.383;
// end cache tags

//---------------dance-single - ----------------
#NOTES:
     dance-single:
     :
     Hard:
     11:
     1.000,1.000,1.000,0.269,0.833,780.000,244.000,37.000,0.000,0.000:  // measure 1
0000
0000
0000
0000
,  // measure 2
0000
0000
0000
0000
,  // measure 3
0000
0000
0000
0000
,  // measure 4
0000
0000
0000
0000
,  // measure 5
0000
0000
0000
0000
,  // measure 6
0000
0000
0000
0000
,  // measure 7
0000
0000
0000
0000
,  // measure 8
0000
0000
0000
0000
,  // measure 9
1001
1000
1001
0001
0011
1100
0101
2010
,  // measure 10
0000
0000
0000
3001
0110
0100
1100
1000
,  // measure 11
1001
0001
1001
1000
1010
0101
1100
0012
,  // measure 12
0000
0000
0000
1003
0110
0100
0011
0001
,  // measure 13
0110
0010
0110
0100
1001
0110
1100
0102
,  // measure 14
0000
0000
0000
1003
1010
0100
0011
0100
,  // measure 15
0110
0100
0110
0010
1001
0110
0011
2010
,  // measure 16
0000
0000
0000
3001
0101
0010
1100
0010
,  // measure 17
1001
0000
1000
0001
1000
0000
0110
0000
0001
1000
0001
0000
1000
0010
0100
0001
0010
0000
0000
0000
0000
0000
0002
0000
0020
0000
0003
0000
0200
0000
0330
0000
,  // measure 18
1001
0000
1000
0100
0010
0000
0110
0000
0100
0010
0001
0000
0011
0000
0010
0001
,  // measure 19
0100
0000
0101
0000
0001
0100
0010
1000
0002
0000
0000
0000
0013
0100
0010
0100
,  // measure 20
1001
0000
0010
1000
0100
0000
1001
0000
0010
0001
0100
0000
1000
0010
0101
0000
,  // measure 21
0000
0000
0001
0010
1100
0000
0000
0000
0100
0010
0100
0010
1001
0000
0000
0000
,  // measure 22
1001
0000
0001
0100
0010
0000
0110
0000
0100
0010
1000
0000
1010
0000
0010
1000
,  // measure 23
0100
0000
1100
0000
1000
0100
0010
0001
2000
0000
0000
0000
3010
0100
0010
0100
,  // measure 24
1001
0000
0010
0001
1000
0000
1001
0000
0010
1000
0001
0000
0001
0100
1010
0000
,  // measure 25
0000
0000
1000
0100
0011
0000
0100
0000
1001
0000
0100
0000
2002
0000
0000
3003
,  // measure 26
0011
1000
0001
0100
1000
0000
1010
0001
1000
0100
0001
0000
0110
1000
0100
0001
,  // measure 27
0010
0000
1001
0000
0001
0010
1000
0010
0002
0000
0000
0000
1003
0010
0001
0010
,  // measure 28
1001
0100
1000
0010
0001
0000
1001
0100
0001
0010
1000
0000
1001
0010
0101
0000
,  // measure 29
0000
0000
1001
0010
1100
0000
0000
0000
0101
1000
0001
1000
0011
0000
0000
0000
,  // measure 30
1100
0001
1000
0010
0001
0000
0101
1000
0001
0010
1000
0000
0110
0001
0010
1000
,  // measure 31
0100
0000
1001
0000
1000
0010
0001
0010
2000
0000
0000
0000
3001
0100
1000
0100
,  // measure 32
1001
0100
0001
0010
1000
0000
1001
0100
1000
0010
0001
0000
1001
0100
1010
0000
,  // measure 33
0000
0000
1001
0100
0011
0000
0001
0000
1010
0000
1000
0000
1100
0000
0101
0000
,  // measure 34
0220
0000
0000
0000
0000
0000
0000
0330
,  // measure 35
1001
0000
0001
0010
0100
0000
1000
0010
0100
0001
0010
0000
0110
0000
1010
0000
,  // measure 36
1001
0000
1000
0100
0010
0000
0001
0010
0100
1000
0010
0000
0110
0000
0011
0000
,  // measure 37
2002
0000
0000
0000
0000
0000
0000
0000
0000
0000
0000
0000
0000
0000
3003
0000
0010
1000
0001
0010
0100
0000
1100
0000
0101
0000
0010
0000
0100
0000
0010
0000
,  // measure 38
1001
0100
1000
0000
0011
0000
1000
0010
0100
0001
0100
0000
0011
0000
1010
0000
,  // measure 39
1001
0100
0001
0000
1010
0000
0001
0010
0100
1000
0100
0000
1010
0000
0011
0000
,  // measure 40
2002
0000
0000
0000
0000
0000
0000
0000
0000
0000
0000
0000
0000
0000
3003
0000
1000
0100
1000
0100
0010
0100
0010
0100
0010
0001
0010
0001
1000
0010
0100
0001
,  // measure 41
1001
0000
0001
0010
0100
1000
0001
0000
1100
0000
0101
0000
1100
0000
0101
0000
,  // measure 42
1001
0000
1000
0010
0100
0001
1000
0000
0101
0000
1100
0000
0101
0000
1100
0000
,  // measure 43
2002
0000
0000
0000
0000
0000
0000
0000
0000
0000
0000
0000
0000
0000
3003
0000
0010
0001
1000
0010
0100
0000
1010
0000
0011
0000
0100
0000
0010
0000
0100
0000
,  // measure 44
1001
0010
0001
0100
0010
1000
0001
0010
0100
1000
0010
0100
0001
0000
0110
0000
,  // measure 45
1001
0010
1000
0100
0010
0001
1000
0010
0100
0001
0010
0100
1000
0000
0110
0000
,  // measure 46
2002
0000
0000
0000
0000
0000
0000
0000
0000
0000
0000
0000
0000
0000
3003
0000
0001
0100
0001
0100
0010
0100
0010
0100
0010
1000
0010
1000
0001
0010
0100
1000
,  // measure 47
1001
1000
1001
0001
0011
1100
0101
2010
,  // measure 48
0000
0000
0000
3001
0110
0100
1100
1000
,  // measure 49
1001
0001
1001
1000
1010
0101
1100
0012
,  // measure 50
0000
0000
0000
1003
0110
0100
0011
0001
,  // measure 51
0110
0010
0110
0100
1001
0110
1100
0102
,  // measure 52
0000
0000
0000
1003
1010
0100
0011
0100
,  // measure 53
0110
0100
0110
0010
1001
0110
0011
2010
,  // measure 54
0000
0000
0000
3001
0101
0010
1100
0010
,  // measure 55
1001
0100
1100
0110
0011
1001
1010
0011
,  // measure 56
0010
1010
0110
0101
1100
0100
1001
0001
,  // measure 57
0110
0100
0101
0101
1010
1100
0110
0101
,  // measure 58
1000
0000
0011
0000
1010
0000
0011
0000
1001
0100
1001
0000
0110
0000
0010
0000
,  // measure 59
1001
0100
0101
0110
1010
1001
0011
1010
,  // measure 60
0010
0011
0110
1100
0101
0100
1001
1000
,  // measure 61
0110
0100
1100
1100
0011
0101
0110
1100
,  // measure 62
0001
0000
1010
0000
0011
0000
1010
0000
1001
0010
1001
0000
0110
0000
0100
0000
,  // measure 63
1001
0000
1000
0100
0010
0000
0110
0000
0100
0010
0001
0000
0011
0000
0010
0001
,  // measure 64
0100
0000
0101
0000
0001
0100
0010
1000
0002
0000
0000
0000
0013
0100
0010
0100
,  // measure 65
1001
0000
0010
1000
0100
0000
1001
0000
0010
0001
0100
0000
1000
0010
0101
0000
,  // measure 66
0000
0000
0001
0010
1100
0000
0000
0000
0100
0010
0100
0010
1001
0000
0000
0000
,  // measure 67
1001
0000
0001
0100
0010
0000
0110
0000
0100
0010
1000
0000
1010
0000
0010
1000
,  // measure 68
0100
0000
1100
0000
1000
0100
0010
0001
2000
0000
0000
0000
3010
0100
0010
0100
,  // measure 69
1001
0000
0010
0001
1000
0000
1001
0000
0010
1000
0001
0000
0001
0100
1010
0000
,  // measure 70
0000
0000
1000
0100
0011
0000
0100
0000
1001
0000
0100
0000
2002
0000
0000
3003
,  // measure 71
0011
1000
0001
0100
1000
0000
1010
0001
1000
0100
0001
0000
0110
1000
0100
0001
,  // measure 72
0010
0000
1001
0000
0001
0010
1000
0010
0002
0000
0000
0000
1003
0010
0001
0010
,  // measure 73
1001
0100
1000
0010
0001
0000
1001
0100
0001
0010
1000
0000
1001
0010
0101
0000
,  // measure 74
0000
0000
1001
0010
1100
0000
0000
0000
0101
1000
0001
1000
0011
0000
0000
0000
,  // measure 75
1100
0001
1000
0010
0001
0000
0101
1000
0001
0010
1000
0000
0110
0001
0010
1000
,  // measure 76
0100
0000
1001
0000
1000
0010
0001
0010
2000
0000
0000
0000
3001
0100
1000
0100
,  // measure 77
1001
0100
0001
0010
1000
0000
1001
0100
1000
0010
0001
0000
1001
0100
1010
0000
,  // measure 78
0000
0000
1001
0100
0011
0000
0001
0000
1010
0000
1000
0000
1100
0000
0101
0000
,  // measure 79
0220
0000
0000
0000
0000
0000
0000
0330
,  // measure 80
1001
0000
0010
1000
0001
0000
0010
1000
0001
0000
0010
1000
0001
0010
0100
1000
,  // measure 81
0010
0000
0001
1000
0100
0000
0001
1000
0100
0000
0001
1000
0100
0010
0001
1000
,  // measure 82
0010
0000
0100
0001
1000
0000
0100
0001
1000
0000
0100
0001
1000
0100
1000
0001
,  // measure 83
0010
0000
0001
0100
0010
0000
0001
0100
0010
0000
0001
0100
0010
1000
0001
0100
,  // measure 84
0010
0000
1000
0001
1000
0000
1000
0001
1000
0000
1000
0001
1000
0010
0100
0001
,  // measure 85
0010
0000
1000
0100
1000
0000
0100
0001
0100
0000
0010
0001
1000
0010
0100
0001
,  // measure 86
0010
0000
0001
0100
1000
0000
1000
0100
0001
0000
0001
0010
1000
0010
0001
0010
,  // measure 87
0100
0100
1000
1000
0000
0001
0001
0000
0000
0000
0000
0000
0000
0000
0000
0000
,  // measure 88
0220
0000
0000
0000
,  // measure 89
0330
0000
0000
0000
;
