#TITLE:Votum Stellarum;
#SUBTITLE:;
#ARTIST:Iconociasm;
#TITLETRANSLIT:;
#SUBTITLETRANSLIT:;
#ARTISTTRANSLIT:;
#CREDIT:;
#BANNER:votum.png;
#BACKGROUND:VOTUM-bg.png;
#LYRICSPATH:;
#CDTITLE:!mwerpTitle.png;
#MUSIC:votumstellarum.mp3;
#OFFSET:-1.432;
#SAMPLESTART:29.426;
#SAMPLELENGTH:12.000;
#SELECTABLE:YES;
#BPMS:0.000=137.000,14.000=150.000,15.000=160.000,16.000=147.000,320.000=146.000;
#STOPS:;
#BGCHANGES:;
// cache tags:
#FIRSTBEAT:13.000;
#LASTBEAT:384.500;
#SONGFILENAME:Songs/All Songs/Votum Stellarum/votumstellarum.sm;
#HASMUSIC:1;
#HASBANNER:1;
#MUSICLENGTH:164.655;
// end cache tags

//---------------dance-single - ----------------
#NOTES:
     dance-single:
     :
     Hard:
     11:
     0.823,1.000,0.431,0.705,0.893,762.000,71.000,116.000,0.000,0.000:  // measure 1
0000
0000
0000
0000
,  // measure 2
0000
0000
0000
0000
,  // measure 3
0000
0000
0000
0000
,  // measure 4
0000
0000
0000
0000
0001
1000
0100
0010
0001
1000
0100
0010
2000
0000
0000
0000
,  // measure 5
0000
0000
0000
3002
,  // measure 6
0000
2003
0000
3020
,  // measure 7
0000
0000
0000
0230
,  // measure 8
0000
0000
0000
0000
0320
0000
0000
0000
0000
0000
0000
0030
1002
0000
0000
0000
,  // measure 9
0103
0000
1000
0010
2000
0000
0000
0000
3001
0000
0000
0000
2100
0000
0000
0000
,  // measure 10
3010
0000
0001
0100
0002
0000
0000
0000
0103
0000
0000
0000
2010
0000
0000
0000
,  // measure 11
3010
0000
0001
0100
0010
1000
0100
1000
0010
0100
0001
0010
0001
0000
0001
0010
,  // measure 12
0100
1000
0010
0100
0001
0100
0010
1000
0100
1000
0001
0100
0010
1000
0001
1000
,  // measure 13
0001
1000
0010
0100
0001
1000
0100
1000
0001
1000
0100
1000
0001
0010
0100
1000
,  // measure 14
0010
0100
1000
0100
0010
1000
0100
0010
0001
0010
0100
1000
0011
1000
0100
1000
,  // measure 15
0010
1000
0001
1000
0011
1000
0100
1000
0001
1000
0010
1000
0011
1000
0100
1000
,  // measure 16
0011
1000
0100
1000
0101
1000
0010
1000
0101
1000
0010
0100
0001
0010
0100
1000
,  // measure 17
0010
0000
0101
0000
0011
0000
1000
0100
0000
0010
0001
1000
0010
0000
0100
0001
,  // measure 18
0000
1000
0010
0100
0001
1000
0000
0110
0000
1000
0001
0010
0001
1000
0000
0100
,  // measure 19
0010
0000
0001
0010
0000
1000
0010
0000
0001
0100
1000
0000
0100
0001
1000
0100
,  // measure 20
0010
0001
1000
0010
0000
0100
0001
1000
0001
0100
0010
0000
0110
0000
0000
0101
,  // measure 21
0000
0000
0100
0001
0000
1000
0100
0010
0001
0100
0010
0000
2000
0000
0000
0000
,  // measure 22
3001
0000
0000
1000
0100
0010
0001
0000
0010
0001
0010
0000
0002
0000
0000
0000
,  // measure 23
1003
0000
0000
0000
0020
0000
0000
0000
1030
0000
0000
0000
0001
0010
0100
1000
,  // measure 24
0100
0000
0000
0010
0000
0000
1000
0000
0000
0010
0000
0000
0100
0000
0000
1000
0000
0000
0000
0000
0000
0100
0000
0000
0010
0000
0000
0000
0000
0000
0100
0000
0010
0000
0100
0000
1001
0000
0000
0000
0000
0000
0000
0000
0000
0100
0000
0000
,  // measure 25
0000
0000
0100
0000
0010
0000
0000
1000
0000
0000
1000
0000
0100
1000
0001
0010
,  // measure 26
0100
0000
1000
0100
0000
0010
0001
0010
1000
0010
0000
1001
0000
0100
0001
0000
,  // measure 27
1000
0010
0000
0110
0000
0001
1000
0010
0100
0000
0001
1000
0000
0110
0000
0000
,  // measure 28
1010
0000
0101
0000
1000
0001
1000
0100
0010
0001
1000
0100
0000
1000
0100
0000
,  // measure 29
0100
0010
0000
1010
0000
0010
0100
0001
0010
0000
0110
0000
0001
1000
0010
0100
,  // measure 30
0001
1000
0100
0010
0001
1000
0010
0100
0001
1000
0100
1000
1001
1000
0100
1000
,  // measure 31
0001
0010
0001
0100
1001
0001
0010
0001
1000
0100
1000
0010
1001
1000
0010
0100
,  // measure 32
1001
0001
0010
0100
1001
0100
0010
0001
1001
0100
0010
1000
1002
0000
0000
0000
,  // measure 33
1003
0000
0100
0000
0010
0000
0001
0000
0010
0000
0100
0000
0000
2001
0000
0000
,  // measure 34
3100
0000
0010
0000
0001
1000
0001
0100
0000
0010
0000
0000
0000
0012
0000
0000
,  // measure 35
1003
0000
0100
0000
0010
0000
0001
0000
0010
0000
0100
0000
0000
2100
0000
0000
,  // measure 36
3100
0000
0010
0000
0001
1000
0001
0100
0000
0010
0000
1000
0000
0102
0000
0000
,  // measure 37
1003
0000
0100
0000
1000
0000
0001
0000
0100
0000
0010
0000
0000
2001
0000
0000
,  // measure 38
3100
0000
0010
0000
0001
0010
0100
1000
0000
0100
0000
0000
0000
1002
0000
0000
,  // measure 39
0013
0000
0100
0000
1000
0000
0001
0000
0010
0000
0001
0000
0000
2010
0000
0000
,  // measure 40
3001
0000
0010
0000
0100
1000
0100
0010
0000
0001
0000
0000
1002
0000
0000
0000
,  // measure 41
1003
0000
0100
0000
0010
0000
0001
0000
0010
0000
0100
0000
0000
2001
0000
0000
,  // measure 42
3100
0000
0010
0000
0001
1000
0001
0100
0000
0010
0000
0000
0000
0012
0000
0000
,  // measure 43
1003
0000
0100
0000
0010
0000
0001
0000
0010
0000
0100
0000
0000
2100
0000
0000
,  // measure 44
3100
0000
0010
0000
0001
1000
0001
0100
0000
0010
0000
1000
0000
0102
0000
0000
,  // measure 45
1003
0000
0100
0000
1000
0000
0001
0000
0100
0000
0010
0000
0000
2001
0000
0000
,  // measure 46
3100
0000
0010
0000
0001
0010
0100
1000
0000
0100
0000
0000
0000
1002
0000
0000
,  // measure 47
0013
0000
0100
0000
1000
0000
0001
0000
0010
0000
0001
0000
0000
2010
0000
0000
,  // measure 48
3001
0000
0010
0000
0100
1000
0100
0010
0001
0000
0010
0000
1002
0000
0000
0000
,  // measure 49
0000
2003
0000
3200
,  // measure 50
0000
0320
0000
0032
,  // measure 51
0000
0203
0000
0320
,  // measure 52
0000
0230
0000
0302
,  // measure 53
0000
0000
0203
0000
0010
0001
0320
0001
,  // measure 54
0100
0001
2030
0100
0010
0100
3002
0010
,  // measure 55
1000
0010
2003
0100
0010
0001
3200
1000
,  // measure 56
0010
0001
0320
0100
1000
0100
0032
0000
,  // measure 57
0020
0000
0000
0000
0000
0033
2000
0000
,  // measure 58
0020
0000
0000
0000
0000
3030
0002
0000
,  // measure 59
0200
0000
0000
0000
0000
0303
2000
0000
,  // measure 60
3200
0000
0000
0000
0010
0000
0001
0000
0010
0000
0000
0300
0010
0001
1000
0100
,  // measure 61
0010
0001
1000
0000
0000
0100
0000
0000
0010
0000
0001
0000
1000
0000
0100
0000
,  // measure 62
0010
0000
0001
0000
1000
0000
0100
0000
0010
0000
0001
1000
0100
0010
0001
1000
,  // measure 63
0100
0000
0010
0000
0001
0000
1000
0000
0100
0000
0010
0000
0001
0000
1000
0000
0100
0000
0010
0000
0001
0010
0100
1000
0001
0010
0100
1000
0001
0010
0100
1000
,  // measure 64
0001
0010
0100
1000
0001
0010
0100
1000
0001
0010
0100
1000
0001
0010
0100
1000
0001
0010
0100
1000
0001
0000
0100
0000
0010
0000
1000
0000
0100
0000
1000
0000
,  // measure 65
0001
0010
0100
1000
0010
0100
0010
0100
0001
1000
0001
0010
0001
1000
0010
0100
,  // measure 66
0001
0010
0001
1000
0010
1000
0001
0100
0010
1000
0100
0010
0001
0010
0001
1000
,  // measure 67
0100
0010
0001
0100
0010
0100
0001
0100
0010
1000
0001
0010
0100
1000
0001
0100
,  // measure 68
0010
0100
0001
0010
0100
1000
0001
0010
0100
1000
0100
0010
0100
1000
0001
0100
,  // measure 69
0001
0010
0001
1000
0100
1000
0001
0100
0001
1000
0100
1000
0001
0010
0001
0100
,  // measure 70
0010
1000
0100
0010
0100
1000
0001
0100
0010
1000
0100
0010
0001
0100
0001
1000
,  // measure 71
0100
0010
0001
0010
0100
1000
0010
0100
0001
0100
1000
0100
0001
0010
1000
0010
,  // measure 72
0001
1000
0100
0010
0001
0010
0100
0001
0100
0010
1002
0000
0000
0000
0013
0000
,  // measure 73
0000
0000
0100
1000
0000
0010
0001
0000
0000
0010
0000
0000
0000
0000
0000
2010
0000
0000
0000
0000
0000
3001
0000
0000
,  // measure 74
0000
0000
0001
0010
0000
0100
1000
0000
0000
0010
0000
0000
0000
0000
0000
1002
0000
0000
0000
0000
0000
0103
0000
0000
,  // measure 75
0000
0000
0001
1000
0000
0100
0010
0000
0000
0100
0000
0000
0000
0000
0000
2001
0000
0000
0000
0000
0000
3100
0000
0000
,  // measure 76
0000
0000
1000
0010
0000
0001
0010
0000
0000
1001
0000
0000
0010
0000
0000
1002
0000
0000
0000
0000
0000
0013
0000
0000
,  // measure 77
0000
0000
0100
1000
0000
0010
0001
0000
0000
0010
0000
0000
0000
0000
0000
2010
0000
0000
0000
0000
0000
3001
0000
0000
,  // measure 78
0000
0000
0001
0010
0000
0100
1000
0000
0000
0010
0000
0000
0000
0000
0000
1002
0000
0000
0000
0000
0000
0103
0000
0000
,  // measure 79
0000
0000
0001
1000
0000
0100
0010
0000
0000
0100
0000
0000
0000
0000
0000
2001
0000
0000
0000
0000
0000
3100
0000
0000
,  // measure 80
0000
0000
1000
0010
0000
0001
0010
0000
0000
1001
0000
0000
0010
0000
0000
0002
0000
0000
0000
0000
0000
0020
0000
0000
,  // measure 81
0000
0000
0000
0000
0033
2000
0000
0020
,  // measure 82
0000
0000
0000
0000
3030
0002
0000
0200
,  // measure 83
0000
0000
0000
0000
0303
2000
0000
0200
,  // measure 84
0000
0000
3300
0002
0000
0020
0000
0000
,  // measure 85
0000
0000
0000
0000
0033
0002
0000
0023
,  // measure 86
0000
0230
0000
2300
0000
3002
0000
0203
,  // measure 87
0000
0320
0000
2030
0000
3002
0000
2003
,  // measure 88
0000
0000
3200
0000
0000
0000
0320
0000
0000
0030
2002
0000
0000
0000
0000
0000
,  // measure 89
3003
0220
0000
0000
0330
0202
0000
0000
,  // measure 90
0303
2200
0000
0000
3300
0022
0000
0000
,  // measure 91
0033
0220
0000
0000
0330
2020
0000
0000
,  // measure 92
3030
2002
0000
0000
3003
0202
0000
0000
,  // measure 93
0303
2020
0000
0000
3030
0022
0000
0000
,  // measure 94
0033
2200
0000
0000
3300
2002
0000
0000
,  // measure 95
3003
0220
0000
0000
0330
0202
0000
0000
,  // measure 96
0303
2002
0000
0000
0000
0000
0000
0000
,  // measure 97
0000
3003
0000
0000
0000
0000
0000
0000
;
