#TITLE:Up 'N Down;
#SUBTITLE:(O2 Rhythm Mix);
#ARTIST:Dr. Flowershirts;
#TITLETRANSLIT:;
#SUBTITLETRANSLIT:;
#ARTISTTRANSLIT:;
#CREDIT:;
#BANNER:upndown.png;
#BACKGROUND:upndown-bg.png;
#LYRICSPATH:;
#CDTITLE:!moogycdtitle.png;
#MUSIC:Up N Down (O2 Rhythm Mix).mp3;
#OFFSET:-1.215;
#SAMPLESTART:41.520;
#SAMPLELENGTH:12.000;
#SELECTABLE:YES;
#BPMS:0.000=145.000;
#STOPS:;
#BGCHANGES:;
// cache tags:
#FIRSTBEAT:0.000;
#LASTBEAT:210.000;
#SONGFILENAME:Songs/All Songs/Moogy - Up 'N Down (O2 Rhythm Mix)/upndown.sm;
#HASMUSIC:1;
#HASBANNER:1;
#MUSICLENGTH:90.182;
// end cache tags

//---------------dance-single - ----------------
#NOTES:
     dance-single:
     :
     Hard:
     15:
     1.000,1.000,1.000,0.399,1.000,806.000,194.000,36.000,0.000,8.000:  // measure 1
1000
0100
0010
0001
1000
0000
0000
0000
1010
0000
0000
0000
0000
0000
0000
0000
0001
0010
0100
1000
0001
0000
0000
0000
0101
0000
0000
0000
0000
0000
0000
0000
,  // measure 2
1010
0000
0000
0100
1000
0000
0001
0000
0110
0000
0000
0000
0010
0000
0001
0000
1100
0000
0000
0000
0000
0000
0000
0000
1001
0000
0000
0000
0000
0000
0000
0000
,  // measure 3
1100
0000
1000
0100
0010
0001
0100
0000
1010
0000
0000
0000
0000
0000
0000
0000
0011
0000
1000
0001
1000
0001
0100
0000
1010
0000
0000
0000
0000
0000
0000
0000
,  // measure 4
1100
0000
0001
0010
0100
1000
0100
0010
0001
0010
0100
1000
0010
0000
0001
0000
1100
0000
0000
0000
0000
0000
0000
0000
1000
0100
1000
0100
1000
0000
0000
0000
,  // measure 5
2000
0000
0100
0000
3000
0000
0100
0000
0000
0000
0010
0000
0000
0000
0010
0000
0002
0000
1003
0000
0002
0000
2003
3000
0000
0000
0200
0000
0311
0000
0100
0000
,  // measure 6
0002
0000
1000
0000
0003
0000
0100
0000
2000
0000
0010
0000
3100
0010
0100
0010
0001
0000
0010
0000
1100
0000
0000
0000
0002
0000
1000
0000
0003
0000
0100
0000
,  // measure 7
2000
0010
0000
3001
2000
0010
3000
0100
0020
0001
2030
3002
0003
0100
0011
0100
,  // measure 8
2000
0001
0100
0001
0100
0001
0100
0001
0100
0001
0100
0001
0100
0001
0100
0001
0100
0001
0100
0001
0100
0001
0100
0001
0100
0001
0100
0001
0100
0001
0100
0001
,  // measure 9
3101
1000
0002
0100
0003
0010
1001
0100
0110
0001
0200
0010
0300
1000
0002
0100
,  // measure 10
1103
0010
0002
0100
0003
0010
1001
0100
0110
0001
0010
0100
2000
0010
3000
0100
,  // measure 11
0011
0100
0000
1000
0002
0100
1103
0010
0101
0100
0010
0100
2000
0010
3000
0100
,  // measure 12
1100
0010
1000
0100
0020
1000
1130
0010
0101
0010
0100
1000
0002
0100
0003
0010
,  // measure 13
1100
0010
0100
0001
2000
0010
3011
0100
1100
0010
0001
0100
0020
1000
0030
0001
,  // measure 14
1100
0010
0001
0010
2000
0010
3110
0001
1010
0100
0010
0100
0002
1000
0103
0011
,  // measure 15
1100
0010
1100
0010
0002
0100
1103
0010
0101
1000
0010
0100
0002
1000
0003
0010
,  // measure 16
1000
0001
0010
0100
1000
0001
0100
0010
2000
0100
0001
0010
3100
0001
0010
0100
2000
0010
0001
0100
3010
0001
1000
0010
0200
0001
1000
0010
1300
0001
0010
0100
,  // measure 17
1100
1100
0001
1100
1100
0010
1100
0010
0101
0101
0010
0100
1010
0100
0010
0001
,  // measure 18
0110
0110
0110
1000
0011
0011
0100
1100
0010
1100
0010
0101
1000
0011
0100
1000
,  // measure 19
0101
0101
0010
1100
1100
0001
1100
0010
1100
0001
0110
0001
1000
0100
0011
0011
,  // measure 20
0011
1100
0010
0100
0011
0011
0100
1000
0011
0000
0011
0100
0010
0100
1001
0000
,  // measure 21
0101
0101
0010
0101
1000
0110
0001
1100
1100
1100
0001
0010
1100
0010
0011
0100
,  // measure 22
1010
1010
0100
0011
0011
1000
0001
1100
0000
1100
0001
0010
1100
0010
0100
1000
,  // measure 23
0011
0011
0011
0100
1010
0000
0101
0010
0101
1000
0101
1100
1100
1100
0101
0010
,  // measure 24
1000
0010
0100
1000
0100
0001
0010
0100
1000
0010
0100
0001
0100
0010
1000
0010
0100
0001
0010
0100
1000
0010
0100
0001
1100
0000
0000
0000
0000
0000
0000
0000
,  // measure 25
0001
0000
0010
0000
0100
0000
1000
0000
0010
0000
0100
0000
0001
0000
0010
0000
0100
0000
1000
0001
1000
0001
1000
0001
1000
0010
0100
0010
0100
1000
0001
0010
,  // measure 26
0100
1000
0001
0010
0100
1000
0001
0010
0100
1000
0001
0010
0100
1000
0001
0010
0100
1000
0001
0010
0100
1000
0000
0000
0100
0000
1000
0000
0100
0000
1000
0000
,  // measure 27
0001
0000
1000
0000
0010
0000
0100
0000
0001
0000
0010
0000
0100
0000
1000
0000
0010
0000
0100
0010
0100
0010
0100
0010
0100
0001
1000
0001
1000
0100
1000
0100
,  // measure 28
0010
0001
1000
0100
0010
0001
1000
0100
0010
0001
1000
0100
0010
0001
1000
0100
0010
0001
1000
0100
0010
0001
0000
0000
0010
0000
0100
0000
0010
0000
0100
0000
,  // measure 29
1000
0010
0100
0000
0010
0000
0001
0000
1000
0000
0000
0000
0100
1000
0010
0000
0001
0000
0100
0000
0010
0100
1000
0010
1000
0000
0000
0000
0001
0100
0000
1000
,  // measure 30
0100
0000
0010
0001
0000
0000
0000
0000
0100
0000
0000
0000
0001
0000
0100
1000
0010
0000
0100
0010
1000
0000
0001
0000
0100
0000
1000
0000
0000
0000
0000
0000
,  // measure 31
0100
1000
0010
0100
0001
0000
1000
0000
0000
0000
0000
0000
0010
0000
0100
0000
1000
0010
0100
0010
0001
0000
0000
0000
0010
0000
1000
0000
0100
0000
0000
0000
,  // measure 32
2000
0000
0000
0000
3200
0000
0000
0000
0320
0000
0000
0000
0032
0000
0000
0003
,  // measure 33
1100
0010
0000
1000
0010
0100
0011
1000
0110
0001
0110
1000
0110
0010
1000
0100
,  // measure 34
0011
0010
0110
1000
0001
0010
1100
0001
0110
1000
0001
0100
0011
1000
0100
0010
,  // measure 35
1001
0100
1001
0000
0000
0000
0000
0010
1001
0100
1001
0000
0000
0000
0000
0010
,  // measure 36
1001
0100
1001
0000
0010
0000
0000
0000
1001
1001
1001
1001
1001
0000
0000
0000
,  // measure 37
1010
0000
0001
0000
0000
1000
0000
0000
0010
0001
0000
0100
0000
0000
1000
0000
,  // measure 38
0001
0000
0000
0010
0000
0000
0000
0100
0000
1000
0001
1000
0000
0000
1000
0010
,  // measure 39
0100
0001
1000
0000
0010
0000
0000
0001
0000
1000
0000
0100
0010
0000
0100
0000
,  // measure 40
1000
0000
0100
0010
1000
0000
0010
0000
0100
0000
0001
0000
1010
0000
0000
0011
,  // measure 41
0000
0000
1100
0000
0000
0001
0000
1000
0000
0001
0000
0100
0010
0001
0000
0010
,  // measure 42
0100
1000
0000
0010
0100
0000
0000
0000
1000
0001
0000
0010
0100
1000
0000
0000
,  // measure 43
0010
0100
0001
0000
0100
0001
0010
0000
0010
1000
0010
0000
0001
1000
0001
0000
,  // measure 44
0001
1000
0010
0100
0010
0001
0010
0100
1000
0100
1000
0100
0010
0100
0001
0010
0100
1000
0010
0100
0001
1000
0001
0100
0010
1000
0010
0100
0001
0010
0100
1000
,  // measure 45
0010
1100
1100
1100
0011
0000
1100
0010
0100
0011
0000
0001
0010
1100
0000
1000
,  // measure 46
0010
1000
0010
1000
0011
0000
0000
1100
1100
0000
0001
0110
1000
0110
0001
0000
,  // measure 47
0110
0110
0001
0110
0001
1100
0000
0011
0011
0011
0000
1100
1100
1100
0000
0000
,  // measure 48
0011
0011
0011
0011
1100
1100
1100
0110
0000
1000
0000
0000
1010
0001
0110
0000
,  // measure 49
1100
0110
0011
0110
1100
0110
0000
1100
0110
0011
0000
0011
0110
1100
0000
0000
,  // measure 50
0110
0110
0110
0110
0000
1001
1001
0000
0110
0000
0110
0000
0110
1001
0110
0000
,  // measure 51
1001
1001
0110
0110
0000
1001
0110
0000
0110
0110
0110
0000
1001
1001
1001
0000
,  // measure 52
1000
0010
0100
0001
1000
0010
0100
0001
1000
0010
0100
0010
0100
0001
1000
0001
0010
0100
1000
0100
0010
0001
1000
0100
1000
0010
0001
0010
0100
0010
0100
1000
,  // measure 53
0110
1001
0000
0000
1001
0000
0000
0000
;
