#TITLE:V;
#SUBTITLE:(Heavy Beat Remix);
#ARTIST:NAOKI feat. TaQ;
#TITLETRANSLIT:;
#SUBTITLETRANSLIT:;
#ARTISTTRANSLIT:;
#CREDIT:;
#BANNER:V (Heavy beat remix)-ban.png;
#BACKGROUND:V (Heavy beat remix)-bg.png;
#LYRICSPATH:;
#CDTITLE:!cmcmTitle.png;
#MUSIC:vheavybeatremix.mp3;
#OFFSET:-0.070;
#SAMPLESTART:2.830;
#SAMPLELENGTH:21.170;
#SELECTABLE:YES;
#DISPLAYBPM:170.000;
#BPMS:0.000=170.000,436.500=42.500;
#STOPS:;
#BGCHANGES:;
// cache tags:
#FIRSTBEAT:4.000;
#LASTBEAT:438.000;
#SONGFILENAME:Songs/All Songs/V (Heavy Beat Remix)/V (Heavy Beat Remix).sm;
#HASMUSIC:1;
#HASBANNER:1;
#MUSICLENGTH:157.252;
// end cache tags

//---------------dance-single - ----------------
#NOTES:
     dance-single:
     :
     Hard:
     10:
     1.000,1.000,1.000,0.083,1.000,1140.000,197.000,13.000,0.000,0.000:  // measure 1
0000
0000
0000
0000
,  // measure 2
1000
0001
1000
0001
1000
0001
1000
0001
1000
0001
1000
0001
1000
0001
1000
0001
,  // measure 3
0101
0100
0100
0100
,  // measure 4
0101
0100
0100
0100
,  // measure 5
1010
0010
0010
0010
,  // measure 6
1010
0010
0010
0010
,  // measure 7
1100
1000
1000
1000
,  // measure 8
0011
0000
0001
0000
0001
0000
0100
0010
,  // measure 9
1010
1000
1000
1000
,  // measure 10
1010
1000
1000
1000
,  // measure 11
1001
0001
0001
0001
,  // measure 12
1001
0001
0001
0001
,  // measure 13
0011
0010
0010
0010
,  // measure 14
0011
0010
0010
0010
,  // measure 15
0110
0100
0100
0100
,  // measure 16
0110
1000
1000
1000
,  // measure 17
0101
0010
1100
0010
,  // measure 18
1001
0110
1001
0110
,  // measure 19
1001
0010
0000
1000
0000
0001
0000
0100
0000
0010
0000
1000
0000
0001
0000
0100
,  // measure 20
0000
0010
1000
0001
0100
0010
1000
0001
0100
0010
1000
0001
0100
0010
1000
0001
,  // measure 21
0100
0010
1000
0100
1000
0010
1000
0100
1000
0010
1000
0100
1000
0010
1000
0100
,  // measure 22
1001
1001
1001
1001
,  // measure 23
1001
1001
1001
1001
,  // measure 24
1001
0001
0000
0010
0000
0100
0000
1000
0000
0001
0000
0010
0000
0100
0000
1000
,  // measure 25
0000
0001
0010
0100
1000
0001
0010
0100
1000
0001
0010
0100
1000
0001
0010
0100
,  // measure 26
1000
0001
0010
0001
0100
0001
0010
0001
0100
0001
0010
0001
0100
0001
0010
0001
,  // measure 27
0101
0101
0101
0101
,  // measure 28
0101
0101
0101
0101
,  // measure 29
0100
0001
0000
1000
0000
0010
0000
0100
0000
0001
0000
1000
0000
0010
0000
0100
,  // measure 30
0000
0001
1000
0010
0100
0001
1000
0010
0100
0001
1000
0010
0100
0001
1000
0010
,  // measure 31
0100
0001
0010
1000
0010
0001
0010
1000
0010
0001
0010
1000
0010
0001
0010
1000
,  // measure 32
0010
0100
0010
0100
0010
0100
0010
0100
0010
0100
0010
0100
0010
0100
0000
0000
,  // measure 33
0110
0110
0110
0110
,  // measure 34
0011
1100
0011
1100
0011
1100
0011
1100
,  // measure 35
1001
0001
0001
0001
,  // measure 36
0011
0010
0010
0010
,  // measure 37
0110
0100
0100
0100
,  // measure 38
1100
1000
1000
1000
,  // measure 39
1010
0101
1010
0101
1010
0101
1010
0101
,  // measure 40
1001
0000
0001
1000
0001
1000
0001
1000
0001
0000
0101
0000
0101
0000
0101
0000
,  // measure 41
0011
0101
0011
0101
0011
0101
0011
0101
,  // measure 42
0011
0000
0100
1000
0100
1000
0100
1000
0100
0000
1100
0000
1100
0000
1100
0000
,  // measure 43
1010
1100
1010
1100
1010
1100
1010
1100
,  // measure 44
1010
0000
0010
0100
0010
0100
0010
0100
0010
0000
0110
0000
0110
0000
0110
0000
,  // measure 45
1001
0110
1001
0110
1001
0110
1001
0110
,  // measure 46
1001
0000
1000
0001
1000
0001
1000
0001
1000
0000
0001
0100
0001
0000
1001
0000
,  // measure 47
0110
1001
0110
1001
0110
1001
0110
1001
,  // measure 48
1000
0001
0100
0010
1000
0001
0010
0100
1000
0001
0100
0010
1000
0001
0010
0100
,  // measure 49
1000
0001
0100
0010
1000
0001
0010
0100
1000
0001
0100
0010
1000
0001
0010
0200
,  // measure 50
0310
0000
1000
0100
1000
0010
0100
0001
1000
0100
1000
0100
0010
0001
1000
0100
,  // measure 51
0010
0001
1000
0100
0010
0001
1000
0100
0010
0001
1000
0100
0010
0001
1000
0100
,  // measure 52
1000
0001
0100
0010
1000
0001
0100
0010
1000
0001
0100
0010
1000
0001
0100
0020
,  // measure 53
1030
0000
0001
0100
0001
0010
0100
1000
0001
0100
0001
0100
0010
1000
0001
0100
,  // measure 54
0010
1000
0001
0100
0010
1000
0001
0100
0010
1000
0001
0100
0010
1000
0001
0100
,  // measure 55
0001
1000
0100
0010
0001
1000
0100
0010
0001
1000
0100
0010
0001
1000
0100
0020
,  // measure 56
0130
0000
0001
1000
0100
1000
0001
0010
0100
1000
0001
0010
0100
1000
0001
0010
,  // measure 57
0001
1000
0100
0010
0001
1000
0100
0010
0001
1000
0100
0010
0001
1000
0100
1000
,  // measure 58
0010
1000
0100
0010
0001
1000
0100
1000
0010
1000
0100
0010
0001
1000
0100
1000
,  // measure 59
0001
0100
0001
1000
0010
0100
0010
1000
0001
0100
0001
1000
0010
0100
0010
1000
,  // measure 60
0001
0100
0001
1000
0010
0100
0010
1000
0001
0100
0001
1000
0010
0100
0010
1000
,  // measure 61
0010
1000
0010
1000
0100
0010
0100
0010
0001
0100
0001
0100
0001
1000
0001
1000
,  // measure 62
0100
0010
0100
0010
0100
0010
0100
0010
0100
0010
0100
0010
0100
0010
0100
0020
,  // measure 63
0200
0000
0000
0000
0000
0000
0000
0330
,  // measure 64
0001
1000
0001
1000
0001
1000
0001
1000
0001
1000
0001
1000
0001
1000
0001
2000
,  // measure 65
0020
0000
0000
0000
0000
0000
0000
3030
,  // measure 66
0010
0001
0010
0001
0010
0001
0010
0001
0010
0001
0010
0001
0010
0001
0010
0002
,  // measure 67
2000
0000
0000
0000
0000
0000
0000
3003
,  // measure 68
0100
1000
0100
1000
0100
1000
0100
1000
0100
1000
0100
1000
0100
1000
0100
2000
,  // measure 69
0002
0000
0000
0000
0000
0000
0000
3003
,  // measure 70
1000
0001
1000
0001
1000
0001
1000
0001
1000
0001
1000
0001
1000
0001
1000
0001
,  // measure 71
0100
0001
0100
0001
0100
0001
0100
0001
0100
0001
0100
0001
0100
0001
0100
0001
,  // measure 72
0101
0011
0011
1001
1001
1100
1100
0101
,  // measure 73
1100
1001
1010
0110
,  // measure 74
1100
1010
1010
1001
1001
0101
0101
1100
,  // measure 75
0101
1001
0011
0110
,  // measure 76
1001
0011
1001
1010
1001
1100
1001
0101
,  // measure 77
1001
1100
1010
0011
,  // measure 78
0001
0010
0001
0010
0001
0010
0001
0010
0001
0010
0001
0010
0001
0010
0001
0010
,  // measure 79
0001
1000
0001
1000
0001
1000
0001
1000
0001
1000
0001
1000
0001
1000
0001
1000
,  // measure 80
0100
1000
0100
1000
0100
1000
0100
1000
0100
1000
0100
1000
0100
1000
0100
1000
,  // measure 81
0010
1000
0010
1000
0010
1000
0010
1000
0010
1000
0010
1000
0010
1000
0010
1000
,  // measure 82
0010
0100
0010
0100
0010
0100
0010
0100
0010
0100
0010
0100
0010
0100
0010
0100
,  // measure 83
0001
0100
0001
0100
0001
0100
0001
0100
0001
0100
0001
0100
0001
0100
0001
0100
,  // measure 84
0001
1000
0100
1000
0100
1000
0100
1000
0100
1000
0100
1000
0100
1000
0100
1000
,  // measure 85
0001
0100
0001
0100
0001
0100
0001
0100
0001
0100
0001
0100
0001
0100
0001
0100
,  // measure 86
0010
1000
0010
1000
0010
1000
0010
1000
0001
1000
0001
1000
0001
1000
0001
1000
,  // measure 87
0001
0100
0001
0100
0001
0100
0001
0100
0010
0100
0010
0100
0010
0100
0010
0100
,  // measure 88
0010
0100
0010
0100
0010
0100
0010
0100
0001
1000
0001
1000
0001
1000
0001
1000
,  // measure 89
0001
1000
0001
1000
0001
1000
0001
1000
0010
0100
0010
0100
0010
0100
0010
0100
,  // measure 90
0010
0100
0010
0100
0010
0100
0010
0100
0001
1000
0001
1000
0001
1000
0001
1000
,  // measure 91
0100
1000
0100
1000
0100
1000
0100
1000
0001
1000
0001
1000
0001
1000
0001
1000
,  // measure 92
0010
1000
0010
1000
0010
1000
0010
1000
0010
0100
0010
0100
0010
0100
0010
0100
,  // measure 93
0001
0010
0001
0010
0001
0010
0001
0010
0100
0010
0100
0010
0100
0010
0100
0010
,  // measure 94
0100
1000
0100
1000
0100
1000
0100
1000
0001
1000
0001
1000
0001
1000
0001
1000
,  // measure 95
0010
1000
0010
1000
0010
1000
0010
1000
0001
0100
0001
0100
0001
0100
0001
0100
,  // measure 96
1001
0000
0001
0010
0001
0100
0001
0010
0001
0000
0001
0000
0001
0000
0001
0000
,  // measure 97
1010
0101
0011
1100
1010
0101
0011
1100
,  // measure 98
0101
0000
0010
1000
0001
0100
0001
1000
0010
0000
0010
0000
0010
0000
0010
0000
,  // measure 99
1001
0011
1001
1010
1001
0101
1001
1100
,  // measure 100
1010
0000
0100
0001
0010
0100
1000
0010
0100
0000
0100
0000
0100
0000
0100
0000
,  // measure 101
1010
1100
1010
1100
0011
0101
0011
0101
,  // measure 102
0110
0000
0001
1000
0010
1000
0001
0010
0001
0000
1000
0000
1000
0000
1000
0000
,  // measure 103
1000
0010
0001
0010
1000
0100
0001
0100
1000
0010
0001
0010
1000
0100
0001
0100
,  // measure 104
0110
0000
0010
0001
1000
0100
0010
0001
0100
0000
0110
0000
1001
0000
0110
0000
,  // measure 105
1001
0000
0010
1000
0001
0100
0010
1000
0100
0000
0011
0000
1100
0000
0011
0000
,  // measure 106
1100
0000
0100
0001
1000
0010
0100
0001
1000
0000
0101
0000
1010
0000
0101
0000
,  // measure 107
1010
0000
0100
1000
0001
0010
0100
1000
0001
0000
1100
0000
0011
0000
1100
0000
,  // measure 108
0011
0000
1000
0001
0010
0100
0010
0001
1000
0000
0110
0000
1001
0000
0110
0000
,  // measure 109
1001
0000
0010
0100
0001
1000
0001
0100
0010
0000
1001
0000
0110
0000
1001
0000
,  // measure 110
0000
0220
0000
0000
0330
0000
0000
0000
;
