#TITLE:Beautiful Child;
#SUBTITLE:(Hiver and Hammer Mix);
#ARTIST:Madelyne;
#TITLETRANSLIT:;
#SUBTITLETRANSLIT:;
#ARTISTTRANSLIT:;
#CREDIT:;
#BANNER:Beautifulchild-bn.png;
#BACKGROUND:Beautifulchild-bg.png;
#LYRICSPATH:;
#CDTITLE:!joe.png;
#MUSIC:Beautiful Child.mp3;
#OFFSET:0.179;
#SAMPLESTART:110.000;
#SAMPLELENGTH:12.000;
#SELECTABLE:YES;
#BPMS:0.000=140.000;
#STOPS:;
#BGCHANGES:;
// cache tags:
#FIRSTBEAT:1.000;
#LASTBEAT:493.000;
#SONGFILENAME:Songs/All Songs/-joe- - Beautiful Child (Hiver and Hammer Mix)/beautifulchild.sm;
#HASMUSIC:1;
#HASBANNER:1;
#MUSICLENGTH:211.286;
// end cache tags

//---------------dance-single - ----------------
#NOTES:
     dance-single:
     :
     Hard:
     11:
     1.000,0.933,1.000,0.028,1.000,1268.000,232.000,6.000,0.000,0.000:  // measure 1
0000
0000
1001
0100
1000
0001
1001
1000
,  // measure 2
0011
0000
0110
0000
0101
1000
0101
0110
,  // measure 3
1001
0001
1000
0011
1000
0100
0010
1001
,  // measure 4
0110
1000
0100
0001
1100
0001
0100
0010
,  // measure 5
1001
0010
0011
1000
0001
0010
1100
0011
,  // measure 6
1001
0100
0001
0100
0010
1000
0101
1001
,  // measure 7
0020
0000
0000
1030
1010
0001
1001
0001
,  // measure 8
1010
0000
0010
0000
0101
0000
0010
0000
1000
0001
0100
0010
1000
0100
0010
0100
,  // measure 9
0010
0001
0010
0100
1001
0000
0001
0000
1100
0000
0010
0000
0110
0000
0011
0000
,  // measure 10
1010
0000
1000
0100
0011
0000
0001
0000
0110
0000
0001
0000
0110
0000
0001
0000
,  // measure 11
0110
0000
0001
0010
1100
0000
0001
0000
1010
0000
0001
0000
0110
0000
0011
0000
,  // measure 12
1100
0000
0001
0100
1010
0000
1000
0000
0011
0000
0001
0000
1100
0000
1000
0000
,  // measure 13
0101
0000
1000
0010
0101
0000
0100
0000
0110
0000
0001
0000
1001
0000
0110
0000
,  // measure 14
1100
0000
1000
0010
0101
0000
0100
0000
1100
0000
0001
0000
0110
0000
0001
0000
,  // measure 15
1100
0000
1000
0010
1001
0000
1000
0000
1100
0000
0010
0000
0101
0000
0011
0000
,  // measure 16
1100
0000
0001
0100
0010
0000
1001
0000
0101
0000
0011
0000
1100
0000
1000
0000
,  // measure 17
2002
0000
0000
0000
3003
0000
0001
0010
0100
0000
0000
0000
1100
0000
0000
0000
,  // measure 18
0011
0110
1100
0011
,  // measure 19
0000
0000
0000
0011
0000
0000
0000
0000
0000
0000
0000
1100
0000
0000
0000
0000
1100
0000
0000
0000
0000
0000
0000
0000
0101
0000
0000
0000
0000
0000
0000
0000
,  // measure 20
0110
0110
1001
0101
,  // measure 21
0000
0000
0000
1001
0000
0000
0000
0000
0000
0000
0000
0110
0000
0000
0000
0000
0011
0000
0000
0000
0000
0000
0000
0000
1100
0000
0000
0000
0000
0000
0000
0000
,  // measure 22
0110
0011
1010
1001
,  // measure 23
0000
0000
0000
1100
0000
0000
0000
0000
0000
0000
0000
0101
0000
0000
0000
0000
0011
0000
0000
0000
0000
0000
0000
0000
0101
0000
0000
0000
0000
0000
0000
0000
,  // measure 24
1100
1001
0011
0101
,  // measure 25
0000
0000
0000
0110
0000
0000
0000
0000
0000
0000
0000
0000
0011
0000
0000
0000
0100
0000
0000
0000
1100
0000
0000
0000
0010
0000
0000
0000
0000
0000
0000
0000
,  // measure 26
1100
0000
0001
0000
1100
0001
0110
0000
,  // measure 27
0100
0001
0000
1000
0001
0000
0011
0000
,  // measure 28
1000
0000
1100
0000
0000
1100
0011
0000
,  // measure 29
0000
0001
0000
0001
1000
0001
1010
0001
,  // measure 30
0100
2000
0000
3000
0110
0100
1001
0000
,  // measure 31
1002
0000
0000
1003
1001
0000
0101
0000
,  // measure 32
1100
0011
1100
1001
,  // measure 33
0000
0011
0000
1100
0110
0001
0011
0000
,  // measure 34
1100
0000
1001
0000
0110
1000
0011
0000
,  // measure 35
1100
0011
0000
1100
0101
0011
1100
0000
,  // measure 36
0011
0000
2100
0000
0000
3100
1100
0000
,  // measure 37
0000
1001
0000
0110
0001
1100
1001
0000
,  // measure 38
0000
0000
0011
1010
0101
1000
0110
0000
,  // measure 39
0011
0000
1001
0110
1000
0100
1001
0010
,  // measure 40
0001
0000
1100
0000
0001
0100
0010
0100
0001
0010
0100
1000
0001
0100
0010
1000
,  // measure 41
0001
1000
0100
0010
1001
0000
1100
0000
0100
0000
0001
0000
0110
0000
0001
0000
,  // measure 42
0110
1000
0101
0010
0101
1100
0011
0010
,  // measure 43
1100
1010
1001
0010
1100
0011
1100
0100
,  // measure 44
0011
0000
0110
0000
1010
0000
0010
0001
1100
0000
1010
0000
0101
0000
0010
0000
,  // measure 45
1001
0000
0011
0000
0110
0000
0010
0100
0011
0000
1100
0000
0011
0000
0100
0000
,  // measure 46
1010
0000
0101
0000
1001
0000
0100
1000
0001
0000
0110
0000
0010
0000
0100
0000
,  // measure 47
0011
0000
1001
0000
0100
0000
0010
0001
0110
0000
1100
0000
0100
0000
1000
0000
,  // measure 48
0110
0000
0011
0000
0010
0000
0001
0100
1000
0000
0101
0000
0010
0000
0001
0000
,  // measure 49
0110
0000
1100
0000
0100
0000
0001
0010
1100
0000
0011
0000
0100
0000
0001
0000
,  // measure 50
0110
0000
1100
0000
1001
0000
1000
0100
0011
0000
0101
0000
0010
0000
0010
0000
,  // measure 51
0101
0000
1100
0000
0010
0000
0100
0001
1100
0000
0011
0000
0100
0000
0100
0000
,  // measure 52
0011
0000
0101
0000
1000
0000
0001
0100
1010
0000
1100
0000
0001
0000
0001
0000
,  // measure 53
1100
0000
0011
0000
0100
0000
0001
0010
1100
0000
0101
0000
1000
0000
0001
0000
,  // measure 54
0011
0000
1010
0000
0001
0000
1000
0100
0011
0000
0110
0000
1000
0000
0010
0000
,  // measure 55
1100
0000
0011
0000
1000
0000
1000
0001
1010
0000
1100
0000
0001
0000
0100
0000
,  // measure 56
1001
0000
0110
0000
1000
0000
0001
1000
0101
0000
0110
0000
0001
0000
0010
0000
,  // measure 57
1100
0000
0011
0000
0100
0000
0001
0010
1100
0000
1001
0000
0001
0000
0010
0000
,  // measure 58
0110
0000
1001
0000
1000
0000
0010
0001
0110
0000
1001
0000
0001
0000
0010
0000
,  // measure 59
0101
0000
1001
0000
0100
0000
0010
0100
1000
0000
1100
0000
0100
0000
0010
1000
,  // measure 60
0101
0000
1001
0000
0100
0000
0001
0010
1000
0000
0110
0000
0100
0000
1000
0001
,  // measure 61
0110
0000
1001
0000
0010
0000
0100
1000
0001
0000
0101
0000
1000
0000
0001
0100
,  // measure 62
1010
0000
0001
0000
0100
0000
1000
0001
0100
0000
0010
0000
0001
0000
0100
0010
,  // measure 63
1001
0000
1000
0000
0001
0000
1000
0100
0010
0000
0001
0000
0100
0000
0001
0100
,  // measure 64
1001
0000
0010
0000
0001
0000
1000
0100
0001
0000
1000
0000
0010
0000
1000
0010
,  // measure 65
1001
0000
0010
0100
0010
1000
0010
1000
0001
0100
0001
1000
0010
0100
0010
0100
,  // measure 66
0001
0010
1000
0100
1001
0000
0001
1000
0000
0001
1000
0010
0100
0001
0100
0001
,  // measure 67
1000
0000
0010
0100
0001
0000
0100
0010
0000
0100
0001
1000
0010
0100
0001
0010
,  // measure 68
0100
0000
0010
0100
0010
0000
0100
1000
0000
0001
1000
0010
0100
0001
0010
0100
,  // measure 69
1000
0000
1000
0001
0010
0000
0001
0010
0000
0001
1000
0010
1000
0001
0010
0100
,  // measure 70
1000
0000
0001
1000
0010
0000
0100
0001
0000
1000
0010
1000
0001
0100
0001
0100
,  // measure 71
0001
0000
0010
0100
0010
0000
0100
0010
0000
0001
0100
0001
1000
0010
1000
0010
,  // measure 72
0100
0000
0100
0001
0100
0000
0010
1000
0000
0001
0100
0010
1000
0001
0100
0010
,  // measure 73
0100
0000
0010
1000
0010
0000
1000
0010
0000
0100
0001
0100
0010
0100
0001
0100
,  // measure 74
0010
0000
0001
0100
0010
0000
1000
0010
0000
0100
0010
1000
0001
0100
0001
1000
,  // measure 75
0100
0000
1000
0001
0100
0000
1000
0001
0000
0100
0001
1000
0010
0100
0001
1000
,  // measure 76
0010
0000
0001
1000
0010
0000
0100
0001
0000
0010
1000
0001
0100
0010
1000
0001
,  // measure 77
1000
0000
0001
0010
0100
0000
0010
0100
0000
0001
1000
0010
0100
0001
0100
0010
,  // measure 78
0100
0000
0001
0100
0010
0000
0100
0001
0000
0001
1000
0100
0010
0100
1000
0010
,  // measure 79
0100
0000
0001
0100
0001
0000
0001
0010
0000
0001
1000
0010
0100
0001
0100
0010
,  // measure 80
1000
0000
0001
0100
0010
0000
1000
0001
0000
0001
1000
0100
1000
0001
0100
0001
,  // measure 81
1000
0000
1000
0100
0010
0001
0100
0010
1000
0100
0010
0001
0010
0100
0010
0001
,  // measure 82
0100
0010
0100
0001
0100
0010
1000
0001
0100
0010
1000
0001
1000
0001
0100
0001
,  // measure 83
0010
0100
1000
0001
0100
0010
1000
0010
0100
0010
0100
0001
0100
0001
1000
0010
,  // measure 84
0100
0001
1000
0010
0100
0000
1000
0100
0000
0100
0010
0001
1000
0100
1000
0010
,  // measure 85
0100
0000
0001
1000
0001
0000
1000
0001
0000
1000
0001
1000
0100
0010
0100
1000
,  // measure 86
0010
0000
0001
1000
0001
0000
0001
0010
0000
0100
1000
0001
1000
0100
0010
0001
,  // measure 87
0010
0000
0010
0100
1000
0000
0001
1000
0000
0100
0010
0001
0010
0001
1000
0001
,  // measure 88
0100
0000
0010
1000
0001
0000
0100
0010
0000
0100
0001
1000
0100
1000
0001
0010
,  // measure 89
0100
0000
0001
1000
0001
0000
0001
0010
0000
0100
1000
0010
0100
0010
1000
0010
,  // measure 90
0100
0000
1000
0100
1000
0000
0010
1000
0000
0001
0100
0010
1000
0001
0010
0100
,  // measure 91
1000
0000
0100
1000
0001
0100
0010
1000
0100
0010
0001
1000
0100
1000
0001
0100
,  // measure 92
0010
0000
0100
0001
1000
0000
0010
1000
0000
0010
1000
0001
1000
0100
1000
0010
,  // measure 93
0100
0000
0001
0100
0010
0000
1000
0001
0000
1000
0100
1000
0001
0100
0010
1000
,  // measure 94
0001
0000
0001
1000
0001
0000
1000
0001
0000
0100
0010
0100
0001
1000
0001
0100
,  // measure 95
0001
0000
0100
0001
1000
0000
0100
0010
0000
0001
1000
0001
0100
0010
1000
0001
,  // measure 96
0100
0000
1000
0001
0100
0000
0010
0100
0000
0001
0100
0001
1000
0100
0010
0100
,  // measure 97
1000
0000
0001
0010
0100
0000
1000
0100
0000
1000
0010
0100
0001
1000
0010
0100
,  // measure 98
0001
0000
0001
0100
0010
0000
1000
0001
0000
0010
0100
0001
1000
0010
0100
0001
,  // measure 99
1000
0000
0100
0001
0100
0000
0010
1000
0000
0001
1000
0010
0100
0001
0010
0100
,  // measure 100
1000
0000
0010
1000
0001
0000
0100
0010
0000
1000
0100
0010
0001
1000
0001
0100
,  // measure 101
0010
0000
0100
0010
1000
0000
0010
0100
0000
0100
0010
1000
0001
0100
0001
0100
,  // measure 102
0001
0000
0001
0010
0100
0000
0010
0100
0000
1000
0100
1000
0010
1000
0001
1000
,  // measure 103
0100
0000
1000
0001
0100
0000
0001
0010
0000
1000
0100
0010
0001
0100
0010
1000
,  // measure 104
0100
0000
0100
1000
0010
0000
1000
0001
0000
0010
0100
0001
1000
0100
0010
0001
,  // measure 105
0100
0000
0010
1000
0001
0000
1000
0010
0000
1000
0001
0100
0010
1000
0100
0010
,  // measure 106
0001
0000
0100
0010
1000
0000
0001
1000
0000
0001
0100
0010
1000
0001
0010
0100
,  // measure 107
1000
0000
0001
1000
0010
1000
0001
0100
0001
1000
0100
0010
0001
1000
0010
1000
,  // measure 108
0001
0100
0010
1000
0001
0000
0001
1000
0000
0001
1000
0010
0100
0001
0100
0001
,  // measure 109
1000
0000
0010
0100
0010
0000
0100
0001
0000
1000
0010
0100
0001
1000
0100
0010
,  // measure 110
0001
0000
0010
0100
0010
0000
1000
0001
0000
1000
0010
1000
0001
0100
0001
1000
,  // measure 111
0010
0000
1000
0001
0010
0000
0001
0010
0000
0001
1000
0010
1000
0001
0100
0010
,  // measure 112
1000
0000
0001
1000
0010
0000
0100
0001
0000
1000
0010
1000
0001
0100
0010
0100
,  // measure 113
0001
0000
0010
0100
1000
0000
0001
0100
0000
0001
1000
0100
0010
0001
0010
0100
,  // measure 114
1000
0000
0100
0001
0100
0000
0001
0100
0000
0001
0100
0001
1000
0001
0100
0001
,  // measure 115
1000
0000
0010
1000
0010
0000
0100
0001
0000
1000
0010
0100
0001
0010
0100
1000
,  // measure 116
0001
0000
0010
1000
0001
0000
0100
0010
0000
1000
0010
0100
0001
0100
0010
1000
,  // measure 117
0001
0000
0001
1000
0010
0000
1000
0001
0000
0100
0010
0100
0001
0100
0010
1000
,  // measure 118
0100
0000
0001
1000
0100
0000
0001
1000
0000
0001
1000
0010
0100
0001
0100
0010
,  // measure 119
0100
0000
0001
1000
0001
0000
1000
0010
0000
0100
0010
0100
0001
0010
0001
1000
,  // measure 120
0100
0000
1000
0100
0010
0000
0100
0010
0000
1000
0010
1000
0001
0100
0001
0100
,  // measure 121
0001
0000
1000
0001
0010
0000
0001
0010
0000
0001
1000
0010
1000
0001
0010
0100
,  // measure 122
1000
0000
0001
1000
0010
0000
0100
0001
0000
1000
0010
1000
0001
0100
0010
1000
,  // measure 123
0001
0000
0010
0100
0010
0000
0001
0100
0010
1000
0010
0100
0001
0010
0001
0100
,  // measure 124
0010
1000
0001
1000
0110
0000
0000
0000
0000
0000
0000
0000
0000
0000
0000
0000
;
