#TITLE:Burning Heat!;
#SUBTITLE:(Full Option Mix);
#ARTIST:Mr.T with Motoaki.F;
#TITLETRANSLIT:;
#SUBTITLETRANSLIT:;
#ARTISTTRANSLIT:;
#CREDIT:;
#BANNER:Burning Heat! (Full Option MIX).png;
#BACKGROUND:Burning Heat! (Full Option MIX)-bg.png;
#LYRICSPATH:;
#CDTITLE:!fusi0nTitle.png;
#MUSIC:Burning Heat! (Full Option Mix).mp3;
#OFFSET:-0.426;
#SAMPLESTART:35.841;
#SAMPLELENGTH:20.000;
#SELECTABLE:YES;
#BPMS:0.000=166.000,208.000=83.000,217.000=166.000,281.667=120.000;
#STOPS:63.750=0.700
,280.750=0.700
;
#BGCHANGES:;
// cache tags:
#FIRSTBEAT:0.000;
#LASTBEAT:287.000;
#SONGFILENAME:Songs/All Songs/Fusi0n - Burning Heat! (Full Option Mix)/Burning Heat!.sm;
#HASMUSIC:1;
#HASBANNER:1;
#MUSICLENGTH:115.559;
// end cache tags

//---------------dance-single - ----------------
#NOTES:
     dance-single:
     :
     Hard:
     10:
     0.881,1.000,1.000,0.061,1.000,556.000,150.000,7.000,0.000,0.000:  // measure 1
1001
0000
0000
0000
,  // measure 2
0000
0000
0000
0000
,  // measure 3
0110
0000
0000
0000
,  // measure 4
0011
0000
0000
0000
,  // measure 5
0101
0000
0000
0000
,  // measure 6
0000
0000
0000
0000
,  // measure 7
1010
0000
0000
0000
,  // measure 8
1100
0000
0000
0000
,  // measure 9
1001
0100
0010
1000
0100
0010
1000
0100
0010
1000
0100
0010
,  // measure 10
0001
0010
0100
0001
0010
0100
0001
0010
0100
0001
0010
0100
,  // measure 11
0110
0001
1000
0010
0001
1000
0010
0001
1000
0010
0001
1000
,  // measure 12
0110
1000
0001
0100
1000
0001
0100
1000
0001
0100
1000
0001
,  // measure 13
0110
0010
0100
0010
0100
0010
0100
1000
0001
1000
0001
1000
,  // measure 14
0010
1000
0010
1000
0010
1000
0100
0001
0100
0001
0100
0001
,  // measure 15
1001
0100
0010
0001
0010
0100
1000
0100
0010
0001
0010
0100
,  // measure 16
1001
0000
0000
0000
1000
0000
0000
0000
0010
0000
0000
0000
0100
0000
0000
0000
0001
0000
0000
0000
1000
0000
0000
0000
0010
0000
0000
0000
0100
0000
0000
0000
0001
0000
0000
0000
1000
0000
0000
0000
0010
0000
0000
0000
2002
3003
0000
0000
,  // measure 17
0001
0010
0100
0001
0010
0100
0000
0000
0000
0100
0010
0100
,  // measure 18
0010
0100
0010
0001
0000
0000
0010
0100
0010
0001
0000
0000
,  // measure 19
0100
1000
0100
0010
0000
0000
0000
0000
0000
0010
0001
1000
,  // measure 20
0010
0100
0010
0001
0000
0000
0010
0100
1000
0100
0000
0000
,  // measure 21
0010
0000
0000
0000
0010
0001
1001
0000
0110
0000
0011
0000
,  // measure 22
1100
0000
0101
0000
1010
0000
1001
0000
0000
0000
0000
0000
,  // measure 23
1000
0000
0100
0000
0010
0000
0100
0000
0000
0000
0000
0000
0000
0000
0000
1000
0100
0010
0001
0000
0010
0000
0100
0000
,  // measure 24
0010
0001
0010
0100
0000
0000
0000
0000
0000
0100
0010
0001
,  // measure 25
1001
0000
0000
1001
0100
0010
1001
0000
0000
1001
0000
0000
,  // measure 26
0110
0000
0000
0110
1000
0001
0110
0000
1000
0110
0001
0000
,  // measure 27
0011
0000
0000
0011
0100
1000
0011
0000
0000
0011
0100
0010
,  // measure 28
1001
0000
0110
0000
1100
0000
0011
0000
0101
0000
1010
0000
,  // measure 29
1100
0000
0000
1100
0010
0001
1100
0000
0000
1100
0000
0000
,  // measure 30
0101
0000
0000
0101
0010
1000
0101
0000
0010
0101
1000
0000
,  // measure 31
1001
0000
0000
1001
0100
0010
1001
0000
0000
1001
0000
0000
,  // measure 32
0000
1100
1100
1100
0000
0000
0000
0011
0000
0011
0000
0000
,  // measure 33
1001
0100
0010
0100
0010
0100
1001
0000
0000
0000
0000
0000
,  // measure 34
0110
0000
0000
1000
0100
0001
0110
0001
0100
0010
0000
1000
,  // measure 35
0011
0000
0000
0000
0100
0010
0011
0000
0000
0000
0010
0100
,  // measure 36
1100
0000
0000
0000
0000
0000
1100
0010
0100
0010
0001
0010
,  // measure 37
0101
1000
0100
0010
0001
0010
0101
0010
0100
1000
0100
0010
,  // measure 38
1010
0000
0000
1000
0100
0001
1010
0100
0010
0001
0000
0100
,  // measure 39
1001
0000
0000
0000
0010
0001
1001
0000
0000
0000
0000
0000
,  // measure 40
0110
0000
0000
0000
0000
0000
0110
1000
0100
0010
0100
0010
,  // measure 41
1001
0000
0010
0000
1000
0000
0100
0000
0010
0000
0001
0010
0001
0000
0100
0000
1000
0000
0100
0000
0010
0000
0001
0000
,  // measure 42
0010
0000
0000
0001
0010
0100
0010
0000
0010
0000
0000
0000
,  // measure 43
0000
0000
0000
0001
0010
0100
0010
0000
0100
0010
0000
0001
,  // measure 44
0010
0001
0000
0001
1000
0000
0001
0000
0000
0000
0001
0000
0000
0000
0000
0000
0000
0000
0000
0000
0000
0000
0000
0000
,  // measure 45
0000
0000
0000
0000
0000
0000
0000
0000
0000
0000
0000
0000
0000
0000
0000
0000
0000
0000
0000
0000
0000
0000
0000
0000
0000
0000
0000
0000
0000
0000
0000
0000
1000
0000
0000
0000
0000
0000
0000
0000
0000
0000
0000
0000
0000
0000
0000
0000
0001
0000
0000
0000
0000
0000
0000
0000
0000
0000
0000
0000
0000
0000
0000
0000
0000
0000
0000
0000
0000
0000
0000
0000
0100
0000
0000
0000
0000
0000
0000
0000
0000
0000
0000
0000
0000
0000
0000
0000
0000
0000
0000
0000
0000
0000
0000
0000
0000
0000
0000
0000
0000
0000
0010
0000
0000
0000
0000
0000
0000
0000
0000
0000
0000
0000
0000
0000
0000
0000
0000
0000
0000
0000
0000
0000
0000
0000
0000
0000
0010
0000
0000
0000
0000
0000
0000
0000
0000
0000
0000
0000
0000
0000
0000
0000
0100
0000
0000
0000
0000
0000
0000
0000
0000
0000
0000
0000
0000
0000
0000
0000
0000
0000
0000
0000
0000
0000
0000
0000
0000
0000
0000
0000
0000
0000
0000
0000
0100
0000
0000
0000
0000
0000
0000
0000
0000
0000
0000
0000
0000
0000
0000
0000
,  // measure 46
0010
0000
0010
0001
0000
0001
1000
0000
0001
0000
0000
0000
,  // measure 47
0000
0000
0000
0000
0000
0000
0000
0000
0000
0000
0000
1000
0000
0001
0010
0001
0000
0000
1000
0100
1000
0000
0001
0010
,  // measure 48
0001
0000
0010
0000
0100
1000
0000
0000
0100
0010
0100
0000
0000
0001
0000
0100
0010
0000
0002
0000
0000
0000
0000
0000
,  // measure 49
1000
0100
0010
0100
0010
1003
0000
0000
0000
0100
0010
0100
,  // measure 50
0010
0001
0010
0100
0000
0000
1000
0100
1000
0010
0000
0000
,  // measure 51
0001
0010
0001
0100
0000
0000
0000
0000
0000
1000
0100
1000
,  // measure 52
0010
0100
0010
0001
0000
0000
0010
0100
1000
0100
0000
0000
,  // measure 53
1001
0000
0000
0000
0010
0100
1001
0000
0110
0000
0011
0000
1100
0000
0101
0000
1010
0000
1001
0000
0000
0000
0000
0000
,  // measure 54
1000
0000
0100
0000
0010
0000
0100
0000
0000
0000
0000
0000
0000
0000
0000
1000
0100
0010
0001
0000
0010
0000
0001
0000
0100
0000
0010
0000
1000
0000
0100
0000
0000
0000
0000
0000
0000
0000
0000
0000
0000
0000
0010
0000
1000
0000
0100
0000
,  // measure 55
0001
0010
0100
1000
0100
0010
1001
0000
0000
0000
0000
0000
1001
0000
0100
0000
0010
0000
1001
0000
0000
0000
0000
0000
,  // measure 56
1001
0000
0000
0110
0000
0000
0110
0001
1000
0110
0000
0001
,  // measure 57
0110
1000
0000
1100
0000
0000
1100
0010
0001
1100
0000
0000
,  // measure 58
1100
0010
0100
1001
0000
0110
0000
1100
0000
0011
0000
1010
,  // measure 59
0000
0101
0000
0011
0000
0000
0011
0100
1000
0011
0000
0000
,  // measure 60
0011
0000
0000
0101
0000
0000
0101
0010
1000
0101
0000
1000
,  // measure 61
0101
0010
0000
1010
0000
0000
1010
0100
0010
1010
0000
0000
,  // measure 62
1010
0000
0000
0000
1001
1001
1001
0000
0000
0000
0110
0000
,  // measure 63
0110
0000
0000
1001
0100
0010
1001
0100
0010
1001
0100
0010
,  // measure 64
1001
0100
0010
0110
0001
1000
0110
0001
1000
0110
0001
1000
,  // measure 65
0110
0001
1000
0011
0100
1000
0011
0100
1000
0011
0100
1000
,  // measure 66
0011
0100
1000
1100
0010
0001
1100
0010
0001
1100
0010
0001
,  // measure 67
1100
0010
0001
0101
0010
1000
0101
0010
1000
0101
0010
1000
,  // measure 68
0101
0010
1000
1010
0100
0001
1010
0100
0001
1010
0100
0001
,  // measure 69
1010
0100
0001
0110
1000
0001
0110
1000
0001
0110
1000
0001
,  // measure 70
0110
1000
0001
1001
0010
0100
1001
0100
0010
1001
0010
0100
,  // measure 71
1001
0000
0000
0000
0100
0000
0000
0000
2002
3003
0000
0000
1001
0000
0000
0000
0000
0000
0000
0000
2002
0000
0000
0000
0000
0000
0000
0000
0000
0000
0000
0000
0000
0000
0000
0000
0000
0000
0000
0000
0000
0000
0000
0000
0000
0000
0000
0000
,  // measure 72
0000
0000
0000
3003
;
