#TITLE:Dokudenpa;
#SUBTITLE:;
#ARTIST:SharpnelSound;
#TITLETRANSLIT:;
#SUBTITLETRANSLIT:;
#ARTISTTRANSLIT:;
#CREDIT:;
#BANNER:dokudenpa.png;
#BACKGROUND:dokudenpa-bg.png;
#LYRICSPATH:;
#CDTITLE:!skorTitle.png;
#MUSIC:dokudenpa.mp3;
#OFFSET:2.475;
#SAMPLESTART:123.500;
#SAMPLELENGTH:12.000;
#SELECTABLE:YES;
#BPMS:0.000=188.140;
#STOPS:;
#BGCHANGES:;
// cache tags:
#FIRSTBEAT:8.000;
#LASTBEAT:685.750;
#SONGFILENAME:Songs/All Songs/dokudenpa/dokudenpa.sm;
#HASMUSIC:1;
#HASBANNER:1;
#MUSICLENGTH:216.293;
// end cache tags

//---------------dance-single - ----------------
#NOTES:
     dance-single:
     :
     Hard:
     11:
     1.000,1.000,0.374,0.005,1.000,1611.000,81.000,1.000,0.000,0.000:  // measure 1
0000
0000
0000
0000
,  // measure 2
0000
0000
0000
0000
,  // measure 3
1001
0100
0010
0100
0100
0010
0100
0100
,  // measure 4
0010
0000
0100
0000
0100
0000
0010
0000
0100
0001
0010
0000
0110
0000
0010
0000
,  // measure 5
1001
1000
0001
1000
1000
0001
1100
1000
,  // measure 6
0101
0000
1000
0000
1000
0000
0001
0000
1000
0100
0001
0000
0001
0000
0001
0000
,  // measure 7
0101
1000
0010
1000
1000
0010
1000
1000
,  // measure 8
0010
0000
1000
0000
1000
0000
0010
0000
1000
0001
0010
0000
0011
0000
0010
0000
,  // measure 9
1100
0001
0100
0001
0001
0100
0011
0001
,  // measure 10
0110
0001
0001
0100
1001
0000
0000
0000
,  // measure 11
0010
0000
0100
0000
1000
0000
0001
0000
0100
0000
0001
0000
0100
0001
0010
0000
,  // measure 12
0100
0000
1000
0000
0010
0000
0100
0001
0100
0001
0010
0000
0100
1000
0010
0100
,  // measure 13
0010
0000
1000
0000
0100
0000
0010
0000
0100
0000
1000
0000
0001
0100
0010
0000
,  // measure 14
1000
0000
0100
0000
1000
0000
1000
0010
0100
0010
1000
0000
0001
0100
0010
0100
,  // measure 15
0001
0000
0100
0000
0001
0000
1000
0000
0100
0000
1000
0000
0010
0100
0001
0000
,  // measure 16
0100
0000
0010
0000
1000
0000
0100
0010
1000
0010
0100
0000
1000
0010
0001
0010
,  // measure 17
1000
0000
0100
0000
0010
0000
0001
0000
0100
0000
0010
0000
0100
0001
0010
0000
,  // measure 18
0100
0000
0010
0000
1000
0000
0001
1000
0010
1000
0001
0000
1000
0001
0010
0001
,  // measure 19
1000
0100
0000
0010
0000
0001
0000
0010
,  // measure 20
0000
0100
0000
1000
0000
0001
0000
0100
,  // measure 21
0010
1000
0000
0010
0000
0100
0000
0001
,  // measure 22
0000
0010
0000
0100
0000
1000
0000
0001
,  // measure 23
1000
0100
0000
1000
0000
0001
0000
0010
,  // measure 24
0000
0001
0000
0100
0000
0001
0000
1000
,  // measure 25
0020
1000
0000
0000
,  // measure 26
0000
1000
0000
0000
0000
0000
0030
0000
,  // measure 27
0000
0000
0000
0000
,  // measure 28
0000
0000
0100
0000
0010
1000
0010
0100
,  // measure 29
0001
0100
0001
0000
1000
0010
1000
0000
0001
0000
0100
0000
0010
0000
0100
0000
,  // measure 30
0001
0010
0100
0000
0010
0100
1000
0100
1000
0000
0100
0000
0010
0000
0100
0000
,  // measure 31
1000
0010
0100
0000
0010
0100
0001
0000
1000
0000
0001
0000
0100
0000
0010
0000
,  // measure 32
0100
0001
0010
0000
0001
0010
0100
1000
0001
0000
0100
0000
0001
0000
1000
0000
,  // measure 33
0010
0100
0001
0000
0010
0100
1000
0000
0001
0000
1000
0000
0100
0000
1000
0000
,  // measure 34
0010
0100
0010
0000
1000
0100
1000
0100
1000
0000
0001
0000
0010
0000
0001
0000
,  // measure 35
0100
0010
1000
0000
0100
0010
0001
0000
0100
0000
1000
0000
0001
0000
1000
0000
,  // measure 36
0100
0001
0010
0000
0001
0100
0010
1000
0001
0000
0100
0000
0001
0000
0010
0000
,  // measure 37
0100
0010
0001
0000
0010
0100
1000
0000
0001
0000
0010
0000
0001
0000
0100
0000
,  // measure 38
0001
1000
0010
0000
0100
0010
1000
0100
1000
0000
0001
0000
0010
0000
0001
0000
,  // measure 39
1000
0001
0010
0000
0001
1000
0010
0000
1000
0000
0001
0000
0010
0000
0001
0000
,  // measure 40
1000
0001
0010
0000
0001
1000
0010
1000
0001
0000
1000
0000
0100
0000
1000
0000
,  // measure 41
0001
1000
0100
0000
1000
0001
0100
0000
0001
0000
1000
0000
0100
0000
1000
0000
,  // measure 42
0001
1000
0100
0000
1000
0001
0100
0001
1000
0000
0100
0000
0010
0000
0100
0000
,  // measure 43
1000
0010
0100
0000
0010
1000
0100
0000
1000
0100
0010
0001
0100
0010
1000
0100
,  // measure 44
0010
0001
0100
0010
1000
0100
0010
0001
1000
0000
1000
0000
1000
0000
0000
1000
,  // measure 45
0000
0000
1000
0000
1000
0000
1000
0000
0100
0000
0100
0000
0100
0000
0000
0100
,  // measure 46
0000
0000
0100
0000
0100
0000
0100
0000
1000
0000
1000
0000
1000
0000
0000
1000
,  // measure 47
0000
0000
1000
0000
1000
0000
1000
0000
0010
0000
0010
0000
0010
0000
0000
0010
,  // measure 48
0000
0000
0010
0000
0010
0000
0010
0000
0001
0000
0001
0000
0001
0000
0000
0001
,  // measure 49
0000
0000
0001
0000
0001
0000
0001
0000
0010
0000
0010
0000
0010
0000
0000
0010
,  // measure 50
0000
0000
0010
0000
0100
0000
0100
0000
0001
0000
0001
0000
0001
0000
0000
0001
,  // measure 51
0000
0000
0001
0000
0001
0000
0001
0000
1000
0000
1000
0000
1000
0000
0000
1000
,  // measure 52
0000
0000
1000
0000
1000
0000
1000
0000
0001
0000
0001
0000
0001
0100
0000
0001
,  // measure 53
0000
0000
0010
0000
0100
0010
0100
0000
0010
0000
0010
0000
0010
0001
0000
1000
,  // measure 54
0000
0000
0001
0000
0100
0010
0100
0000
0010
0000
0010
0000
0010
1000
0000
0010
,  // measure 55
0000
0000
0100
0000
0001
0100
0001
0000
0010
0000
0010
0000
0010
0000
0000
0010
,  // measure 56
0000
0000
0010
0000
0010
0000
0010
0000
1000
0000
1000
0000
1000
0100
0000
0001
,  // measure 57
0000
0000
0100
0000
1000
0010
1000
0000
0010
0000
0100
0000
0001
0010
0000
0100
,  // measure 58
0000
0000
0010
0000
0001
0100
0001
0000
1000
0000
1000
0000
1000
0100
0000
1000
,  // measure 59
0000
0000
1000
0000
1000
0000
1000
0000
0010
0000
0010
0000
0010
0000
0000
0010
,  // measure 60
0000
0000
0010
0000
0010
0000
0010
0000
0001
0000
1000
0001
1000
0010
0000
0100
,  // measure 61
0000
0000
0010
0000
1000
0100
1000
0000
0010
0000
0100
0010
1000
0001
0000
0100
,  // measure 62
0000
0000
0001
0000
0010
0100
1000
0000
0010
0000
0100
0010
1000
0010
0000
0100
,  // measure 63
0000
0000
1000
0000
0100
0001
0010
0000
0100
0000
0010
0001
1000
0001
0000
0010
,  // measure 64
0000
0000
0001
0000
1000
0010
0100
0001
0010
0000
0100
0010
0001
0010
0000
0001
,  // measure 65
0000
0000
0100
0000
0010
1000
0010
0000
0100
0000
0010
1000
0001
1000
0000
0001
,  // measure 66
0000
0000
0100
0000
0010
1000
0010
0000
0100
0000
0001
0010
0100
0010
0000
0100
,  // measure 67
0000
0000
1000
0000
0010
0100
0001
0000
0010
0100
0010
0000
0010
0000
0000
0001
,  // measure 68
0100
0001
0100
0000
0001
0000
0001
0000
1000
0100
1000
0010
0100
0001
0000
1000
,  // measure 69
0000
0000
0100
1000
0001
0010
0100
0000
0010
0001
0010
0100
1000
0010
0000
0100
,  // measure 70
0000
0000
0001
1000
0001
0100
0010
0000
0100
0010
1000
0100
0010
0001
0000
1000
,  // measure 71
0000
0000
0001
0100
0001
0010
0100
0000
0010
0001
0100
0001
0100
0010
0000
0100
,  // measure 72
0000
0000
0010
0100
0001
0100
0010
0000
1000
0100
0010
0100
1000
0010
0000
0100
,  // measure 73
0000
0000
0010
1000
0100
0010
0100
0000
1000
0010
1000
0100
1000
0010
0000
0100
,  // measure 74
0000
0000
0001
0100
0010
1000
0010
0000
0100
0010
1000
0100
0010
0001
0000
1000
,  // measure 75
0000
0000
0001
0100
0001
0010
0100
0000
0010
0000
0010
0000
0010
0000
0000
0010
,  // measure 76
0100
0100
0100
0100
1000
0000
0010
0000
,  // measure 77
0010
0000
0100
0010
1000
0000
0001
0000
,  // measure 78
0010
0000
0001
0000
1000
0100
1000
0000
,  // measure 79
0001
0000
0010
0000
0001
1000
0001
0010
,  // measure 80
0100
0000
1000
0000
0001
0000
0100
0010
,  // measure 81
1000
0000
1000
0100
1000
0001
0010
0100
,  // measure 82
1000
0001
0100
0001
,  // measure 83
1000
0000
0010
0000
1000
0000
0001
0100
,  // measure 84
0001
0010
0100
0010
,  // measure 85
0010
0000
0001
0000
1000
0000
0100
0010
,  // measure 86
0001
1000
0001
0010
0100
0000
0001
0000
,  // measure 87
0010
0100
1000
0001
,  // measure 88
0100
0010
1000
0100
,  // measure 89
0010
0001
1000
0100
,  // measure 90
0010
0001
1000
0010
,  // measure 91
0100
0000
0001
0000
1000
0000
0001
0100
,  // measure 92
0010
1000
0010
1000
0100
0000
1000
0000
0001
0100
0001
0000
1000
0100
1000
0000
,  // measure 93
0010
0100
0010
0000
1000
0100
1000
0000
0001
0010
0001
0000
0100
0010
0100
0000
,  // measure 94
0001
0100
0001
0000
1000
0010
1000
0000
0100
0010
0100
0000
0010
0001
0010
0000
,  // measure 95
0001
0100
0001
0000
1000
0010
1000
0000
0001
0010
0001
0000
0100
0010
0100
0000
,  // measure 96
0010
1000
0010
0000
0100
0010
0100
0000
1000
0100
1000
0000
0010
0001
0010
0000
,  // measure 97
1000
0100
1000
0000
0010
0001
0010
0000
0001
0100
0001
0000
0010
1000
0010
0000
,  // measure 98
0001
0100
0001
0000
0010
1000
0010
0000
0100
0001
0100
0000
0010
1000
0010
0000
,  // measure 99
0100
0001
0100
0000
0010
1000
0010
0000
0001
1000
0001
0000
0010
0100
0010
0000
,  // measure 100
0001
0010
0001
0000
0100
1000
0100
0000
1000
0100
0010
0000
0001
0100
0010
0000
,  // measure 101
1000
0001
0100
0000
0001
0100
0010
0000
1000
0001
0100
0000
0010
1000
0100
0000
,  // measure 102
1000
0010
0100
0000
0010
1000
0100
0000
1000
0100
0010
0000
0100
0010
0001
0000
,  // measure 103
1000
0001
0100
0000
0001
0100
0010
0000
0100
0010
1000
0000
0010
0100
0001
0000
,  // measure 104
1000
0001
0100
0000
0010
1000
0001
0000
1000
0100
0010
0000
0100
0010
0001
0000
,  // measure 105
0010
0001
0100
0000
0001
0100
0010
0000
1000
0100
0010
0000
0100
0010
0001
0000
,  // measure 106
0010
0001
0100
0000
0001
0100
0010
0000
1000
0010
0100
0000
0010
0100
0001
0000
,  // measure 107
0100
0001
0010
0000
0001
0010
0100
0000
0010
0100
1000
0000
0100
1000
0001
0000
,  // measure 108
0010
0100
0010
0100
0001
0000
1000
0000
0001
0100
0001
0100
0010
1000
0010
1000
,  // measure 109
0100
0010
0100
0010
0001
1000
0001
1000
0001
0100
0001
0100
0010
1000
0010
1000
,  // measure 110
0100
0010
0100
0010
0001
1000
0001
1000
0100
1000
0100
1000
0001
1000
0001
1000
,  // measure 111
0010
1000
0010
1000
0001
1000
0001
1000
0010
0100
0010
0100
0001
1000
0001
1000
,  // measure 112
0010
0100
0010
0100
0001
1000
0001
1000
0010
1000
0010
1000
0001
0100
0001
0100
,  // measure 113
0001
0010
0001
0010
0100
1000
0100
1000
0001
0010
0001
0010
0100
1000
0100
1000
,  // measure 114
0010
0100
0010
0100
0001
1000
0001
1000
0010
0100
0010
0100
0001
0010
0001
0010
,  // measure 115
0100
1000
0100
1000
0010
0100
0010
0100
0001
0010
0001
0010
0001
0100
0001
0100
,  // measure 116
0010
1000
0010
1000
0100
1000
0100
1000
0001
0100
0001
0100
0010
1000
0010
1000
,  // measure 117
0100
1000
0100
1000
0010
0100
0010
0100
0001
0100
0001
0100
0001
0010
0001
0010
,  // measure 118
0100
1000
0100
1000
0001
0100
0001
0100
0010
1000
0010
1000
0100
0010
0100
0010
,  // measure 119
0100
1000
0100
1000
0010
0100
0010
0100
0001
1000
0001
1000
0010
0100
0010
0100
,  // measure 120
0001
1000
0001
1000
0100
0010
0100
0010
0001
1000
0001
1000
0010
1000
0010
1000
,  // measure 121
0100
1000
0100
1000
0010
1000
0010
1000
0001
1000
0001
1000
0010
1000
0010
1000
,  // measure 122
0100
1000
0100
1000
0010
1000
0010
1000
0001
1000
0001
1000
0001
0100
0001
0100
,  // measure 123
0001
0010
0001
0010
0001
0100
0001
0100
0001
1000
0001
1000
0001
0000
0100
0000
,  // measure 124
0010
1000
0010
1000
0001
0000
0100
0000
1000
0100
0010
0001
0100
0010
0100
0001
,  // measure 125
0010
0100
1000
0010
0100
0010
1000
0100
0010
0001
0100
0001
1000
0010
1000
0100
,  // measure 126
0010
0100
1000
0001
0010
0100
0010
0001
0100
0010
1000
0100
1000
0010
0100
0010
,  // measure 127
0100
0001
0010
0100
0010
0100
1000
0001
1000
0010
0100
0001
0010
0100
1000
0001
,  // measure 128
0100
0010
1000
0100
0010
0001
0100
0010
1000
0100
0010
0001
0100
0010
1000
0001
,  // measure 129
0100
0001
1000
0010
1000
0001
0100
0001
0100
0010
1000
0100
1000
0001
0010
0001
,  // measure 130
1000
0100
1000
0001
0010
0100
0010
0001
0100
0010
0100
0001
1000
0100
0010
0100
,  // measure 131
1000
0010
0100
0010
1000
0001
1000
0100
0010
0100
1000
0001
1000
0001
0100
0010
,  // measure 132
0100
0001
0010
0100
1000
0010
1000
0100
1000
0001
0100
0010
1000
0100
1000
0010
,  // measure 133
1000
0001
0010
0100
0010
0001
0100
0001
1000
0001
0100
0001
0010
0100
1000
0010
,  // measure 134
0100
0010
1000
0100
0010
0001
1000
0100
0010
0100
0010
0001
1000
0100
0010
0100
,  // measure 135
0010
0100
0010
0001
0100
0010
1000
0010
0100
0001
0010
0001
0100
0001
1000
0010
,  // measure 136
0100
0001
0100
0010
1000
0100
0010
0100
1000
0010
0100
0010
0100
0010
1000
0001
,  // measure 137
0010
0100
1000
0001
1000
0100
0010
0001
1000
0001
0010
0100
1000
0001
1000
0100
,  // measure 138
0010
0001
0100
0010
1000
0001
1000
0010
0100
0001
1000
0001
0100
0010
1000
0001
,  // measure 139
1000
0010
0100
0001
0100
0010
1000
0100
0010
0001
0010
0100
1000
0010
0100
0001
,  // measure 140
0010
0100
1000
0100
0010
0001
0100
0010
1000
0000
0000
0000
1000
0000
0000
1000
,  // measure 141
0000
0000
1000
0000
0000
0000
1000
0000
1000
0000
0000
0000
1000
0000
0000
1000
,  // measure 142
0000
0000
1000
0000
0000
0000
1000
0000
0100
0000
0000
0000
0100
0000
0000
0100
,  // measure 143
0000
0000
0100
0000
0000
0000
0100
0000
0100
0000
0000
0000
0100
0000
0000
0100
,  // measure 144
0000
0000
0100
0000
0000
0000
0100
0000
0010
0000
0000
0000
0010
0000
0000
0010
,  // measure 145
0000
0000
0010
0000
0000
0000
0010
0000
0010
0000
0000
0000
0010
0000
0000
0010
,  // measure 146
0000
0000
0010
0000
0000
0000
0010
0000
0010
0000
0000
0000
0010
0000
0000
0010
,  // measure 147
0000
0000
0010
0000
0000
0000
0010
0000
0010
0000
0000
0000
0010
0000
0000
0010
,  // measure 148
0000
0000
0010
0000
0000
0000
0010
0000
0001
0000
0000
0000
0001
0000
0000
0001
,  // measure 149
0000
0000
0001
0000
0000
0000
0001
0000
0001
0000
0000
0000
0001
0000
0000
0001
,  // measure 150
0000
0000
0001
0000
0000
0000
0001
0000
0100
0000
0000
0000
0100
0000
0000
0100
,  // measure 151
0000
0000
0100
0000
0000
0000
0100
0000
0100
0000
0000
0000
0100
0000
0000
0100
,  // measure 152
0000
0000
0100
0000
0000
0000
0100
0000
0001
0000
0000
0000
0001
0000
0000
0001
,  // measure 153
0000
0000
0001
0000
0000
0000
0001
0000
0001
0000
0000
0000
0001
0000
0000
0001
,  // measure 154
0000
0000
0001
0000
0000
0000
0001
0000
0010
0000
0000
0000
0010
0000
0000
0010
,  // measure 155
0000
0000
0010
0000
0000
0000
0010
0000
0010
0000
0000
0000
0010
0000
0000
0010
,  // measure 156
0000
0000
0010
0000
0000
0000
0010
0000
1100
0000
0000
0000
0011
0000
0000
0101
,  // measure 157
0000
0000
0011
0000
0000
0000
0101
0000
1001
0000
0000
0000
1010
0000
0000
1100
,  // measure 158
0000
0000
1010
0000
0000
0000
0101
0000
0011
0000
0000
0000
1001
0000
0000
0011
,  // measure 159
0000
0000
0110
0000
0000
0000
0110
0000
1100
0000
0000
0000
0101
0000
0000
1010
,  // measure 160
0000
0000
1100
0000
0000
0000
1010
0000
0110
0000
0000
0000
0101
0000
0000
1010
,  // measure 161
0000
0000
1001
0000
0000
0000
0101
0000
1001
0000
0000
0000
1100
0000
0000
0011
,  // measure 162
0000
0000
0101
0000
0000
0000
1001
0000
0011
0000
0000
0000
1100
0000
0000
1001
,  // measure 163
0000
0000
1100
0000
0000
0000
1001
0000
1100
0000
0000
0000
1010
0000
0000
1100
,  // measure 164
0000
0000
1100
0000
0000
0000
1100
0000
0011
0000
0000
0000
0101
0000
0000
0011
,  // measure 165
0000
0000
0011
0000
0000
0000
0101
0000
0011
0000
0000
0000
0101
0000
0000
0011
,  // measure 166
0000
0000
0011
0000
0000
0000
0011
0000
1100
0000
0000
0000
1100
0000
0000
1010
,  // measure 167
0000
0000
1100
0000
0000
0000
1100
0000
1010
0000
0000
0000
1100
0000
0000
1010
,  // measure 168
0000
0000
1100
0000
0000
0000
1100
0000
1001
0000
0000
0000
0110
0000
0000
1001
,  // measure 169
0000
0000
1001
0000
0000
0000
0110
0000
1001
0000
0000
0000
0110
0000
0000
1001
,  // measure 170
0000
0000
1001
0000
0000
0000
1001
0000
0010
1000
0100
0010
0001
0100
0001
0010
,  // measure 171
0100
1000
0010
1000
0100
0010
0001
0100
0010
1000
0100
0010
0001
0100
0001
0010
,  // measure 172
0100
1000
0010
0100
0001
0100
0010
1000
0000
0000
0000
0000
0000
0000
0000
0000
;
