#TITLE:Blazing;
#SUBTITLE:;
#ARTIST:Banya;
#TITLETRANSLIT:;
#SUBTITLETRANSLIT:;
#ARTISTTRANSLIT:;
#CREDIT:;
#BANNER:Blazing.png;
#BACKGROUND:Blazing-bg.png;
#LYRICSPATH:;
#CDTITLE:!vivaldiTitle.png;
#MUSIC:Blazing.mp3;
#OFFSET:-3.112;
#SAMPLESTART:48.586;
#SAMPLELENGTH:12.000;
#SELECTABLE:YES;
#BPMS:0.000=158.000;
#STOPS:;
#BGCHANGES:;
// cache tags:
#FIRSTBEAT:0.000;
#LASTBEAT:240.000;
#SONGFILENAME:Songs/All Songs/Vivaldi Amuro - Blazing/Blazing.sm;
#HASMUSIC:1;
#HASBANNER:1;
#MUSICLENGTH:96.000;
// end cache tags

//---------------dance-single - ----------------
#NOTES:
     dance-single:
     :
     Hard:
     10:
     1.000,0.969,1.000,0.031,1.000,597.000,107.000,3.000,0.000,0.000:  // measure 1
1000
0001
1000
0001
0000
0001
1000
0000
0001
0000
0010
0000
0100
0000
1000
0000
,  // measure 2
0010
1000
0000
1010
0000
0000
0011
0000
0000
0000
1000
0000
1010
0000
1000
0010
,  // measure 3
1000
0000
0000
0011
0000
0000
0010
0000
0100
0000
0000
1010
0000
0000
0001
0000
,  // measure 4
1000
0000
1000
0001
0000
0000
1010
0000
0100
0000
1000
0000
1000
0000
0001
0000
,  // measure 5
0001
0000
0010
0000
0001
0000
0010
0000
0001
0000
0100
0000
0001
0000
1000
0100
0010
0001
0000
0000
0000
0000
0010
0000
0000
0000
0000
0000
0011
0000
0000
0000
,  // measure 6
1100
0000
0000
0100
0000
0000
0011
0000
0110
0000
0001
0000
1000
0000
0000
0000
,  // measure 7
1001
0000
0001
1000
0000
1000
0001
0000
1000
0001
0000
0001
1000
0000
1000
0000
,  // measure 8
1001
0000
0000
0110
0000
0000
1001
0000
0001
0100
0010
1000
0010
1000
0010
0000
,  // measure 9
0101
0010
0100
1000
0100
0010
0001
0000
0010
0001
0010
0001
0000
0010
0100
0000
,  // measure 10
1010
0000
0100
0000
0010
0000
0001
0000
0010
0000
0100
0000
1000
0000
0000
0000
1100
0000
0000
0001
0000
0000
1100
0000
0000
0001
0000
0000
0000
0000
0000
0000
,  // measure 11
1001
0000
0011
0000
0110
0000
1100
0000
0011
0000
0000
1000
0001
0010
0100
1000
,  // measure 12
0010
1000
0001
1000
0100
0010
0001
0010
0001
0000
0001
0000
0011
0000
1100
0000
,  // measure 13
1000
0100
1000
0100
0010
0001
0010
0000
0011
0000
0000
0000
0001
0000
1000
0100
,  // measure 14
0010
0000
0011
0000
0100
0010
0001
0000
0100
0000
1000
0000
1001
0000
0000
0000
,  // measure 15
1000
0100
0010
0000
0100
0010
0100
0000
0100
0010
0001
0000
0001
0100
0000
0010
,  // measure 16
0000
0000
1010
0000
0000
0000
1000
0000
0010
0000
0100
0000
0010
0000
0000
0000
1100
0000
0000
0011
0000
0000
0000
0000
1000
0000
0001
0000
1000
0000
0000
0000
,  // measure 17
1001
0000
0100
1000
0000
1000
0100
0000
0100
0001
0000
1000
0001
0000
0100
0000
,  // measure 18
1010
0000
0000
0110
0000
0000
1001
0000
0001
0010
0001
0100
0010
1000
0100
0010
,  // measure 19
0101
0000
0100
0010
0000
0010
1100
0000
0000
1001
0000
0000
1000
0000
0001
0000
,  // measure 20
1010
0000
1000
0100
0000
0010
0101
0000
0000
0001
0000
0000
0011
0000
0000
0000
,  // measure 21
0001
0010
0100
1000
0000
1100
0000
0110
0000
0001
1000
0001
0010
0100
0010
0000
,  // measure 22
0001
1000
0100
1000
0000
1001
0000
1100
0000
0010
0001
1000
0100
1000
0100
0000
,  // measure 23
0001
0010
0100
1000
0100
0010
0000
0000
0000
0001
0010
0100
1000
0001
0010
0100
,  // measure 24
1000
0100
1000
0100
1000
0000
0001
0010
0001
0100
0001
0010
0001
0010
0100
0000
,  // measure 25
0001
0010
0100
1000
0001
0010
0100
1000
0001
0010
0100
1000
0100
0010
0001
0000
,  // measure 26
0100
1000
0010
0100
1000
0001
0010
0100
1000
0001
1000
0001
1000
0001
1000
0000
,  // measure 27
0100
0010
0100
0010
0100
0000
0000
0000
0000
1000
0010
1000
0100
0010
0001
0010
,  // measure 28
0100
0000
0010
0001
1000
0000
0100
1000
0001
0000
0001
1000
0100
0010
0001
0010
,  // measure 29
0001
0000
0001
0100
0000
0000
0110
0000
0000
1000
0000
0000
1100
0000
0000
0100
,  // measure 30
1001
0000
0010
0001
0000
0000
1000
0000
0001
1000
0001
1000
0101
0000
0000
0000
,  // measure 31
0011
1000
0011
1000
0011
0110
1100
1000
,  // measure 32
1100
0001
1100
0001
1100
0110
1010
0010
,  // measure 33
1000
0100
0010
0001
0000
0000
1001
0000
1000
0000
0001
0000
1000
0000
0010
0000
,  // measure 34
0001
0010
0100
1000
0001
0010
0001
0100
1000
0010
0100
0001
0000
0000
0000
0000
,  // measure 35
0001
0000
0001
1000
0000
0000
0100
0000
0000
1000
0001
0000
1000
0001
1000
0000
,  // measure 36
1001
0000
0000
1100
0000
0000
0001
0000
1000
0100
0010
0001
0010
0001
0000
0000
,  // measure 37
1001
0000
0010
0001
0000
0001
0010
0000
0010
0100
0000
0100
1000
0000
0001
0000
,  // measure 38
1001
0000
0000
1001
0000
0000
1001
0000
0110
0000
1000
0100
0010
0001
0010
0100
,  // measure 39
1010
0000
0000
0000
1100
0000
0000
0000
1000
0100
0000
0000
1001
0000
0001
0000
,  // measure 40
1001
0000
1000
0000
0001
0000
0100
1000
0010
0000
0010
0001
0010
0002
0000
0000
,  // measure 41
0013
0000
0000
0000
1010
0000
0000
0000
0010
1000
0000
0000
0011
0000
0001
0000
,  // measure 42
0001
0010
0100
0000
0000
0100
0010
0001
0000
0001
1000
0010
1000
0001
1000
0001
,  // measure 43
1010
0000
0001
0000
0001
0010
0000
0010
1000
0000
1000
0010
0101
0000
1100
0000
,  // measure 44
1010
0000
0000
0000
0010
1000
0000
0100
0001
0000
0100
0000
0001
0100
0001
0100
,  // measure 45
0002
0000
0000
0000
0103
1000
0000
0100
1010
0000
0101
0000
1100
0000
0000
0000
,  // measure 46
0010
0000
1000
0010
1000
0010
0100
0001
0000
0000
0010
0100
1000
0100
0010
0000
,  // measure 47
0011
0000
0000
0000
0010
0100
0000
1000
0010
0000
1000
0000
0010
1000
0010
1000
,  // measure 48
0001
0000
1000
0100
0010
0001
1000
0001
0000
0000
0001
0010
0100
0010
0001
0000
,  // measure 49
1001
0000
1000
0001
1000
0000
1001
0000
1001
0000
1000
0001
0000
0001
0010
0000
,  // measure 50
0000
0000
0010
0000
0100
0000
1000
0000
0001
0010
0000
0010
0001
0000
0001
0010
,  // measure 51
0000
0010
0001
0000
0011
0000
0011
0000
0001
0010
0000
0010
0100
0000
0100
0000
,  // measure 52
1010
0000
0000
1010
0000
0000
1100
0000
0001
0010
0100
0000
1000
0100
0010
0000
,  // measure 53
0001
0000
0010
0000
0100
0000
0000
0000
0001
0000
0010
0000
0001
0000
1000
0000
0110
0000
0000
0000
1000
0000
0001
0000
1000
0000
0010
0000
1000
0100
0010
0001
,  // measure 54
0000
0000
0000
0010
0000
0000
0011
0000
0101
0000
0000
1000
0000
0000
1010
0000
,  // measure 55
1001
0000
0000
0000
0001
1000
0001
0000
1001
0000
0100
0010
0000
0010
1000
0000
,  // measure 56
1000
0010
0000
0010
0100
0000
0001
0000
0101
0000
0000
1100
0000
0000
1001
0000
,  // measure 57
1000
0000
0001
0000
1000
0000
0001
0000
1000
0000
0000
0001
0000
0000
1000
0000
0011
0000
0000
0000
0010
0000
0100
0000
0000
0000
0100
0000
0001
0000
0000
0000
,  // measure 58
0001
1000
0000
1000
0010
0000
1010
0000
1010
0000
0000
0110
0000
0000
0101
0000
,  // measure 59
0110
1000
0001
0010
0001
0100
0001
0010
0100
0000
0000
0110
0000
0000
0001
0000
,  // measure 60
1001
0000
0000
0000
0001
1000
0000
0000
0012
0000
0000
0000
0000
0000
0000
0000
,  // measure 61
0003
0000
0000
0000
;
