#TITLE:felys;
#SUBTITLE:(long version);
#ARTIST:onoken;
#TITLETRANSLIT:;
#SUBTITLETRANSLIT:;
#ARTISTTRANSLIT:;
#CREDIT:;
#BANNER:felyslong-banner.png;
#BACKGROUND:felyslong-bg.png;
#LYRICSPATH:;
#CDTITLE:!cynicTitle.png;
#MUSIC:felyslong.mp3;
#OFFSET:-10.727;
#SAMPLESTART:77.376;
#SAMPLELENGTH:11.980;
#SELECTABLE:YES;
#BPMS:0.000=90.000,32.000=180.000,156.000=45.000,172.000=90.000,187.500=100.000,187.750=110.000,188.000=120.000,188.250=130.000,188.500=140.000,188.750=150.000,189.000=160.000,189.250=170.000,189.500=215.600,191.000=180.000,319.000=90.000,351.000=180.000,415.000=85.000,428.000=45.000,428.250=67.260,428.500=86.780,428.750=107.200,429.000=128.700,429.250=155.880,429.500=173.940,429.750=198.580,430.000=230.040,430.250=264.640,430.500=267.100,430.750=268.540,431.000=278.440,431.250=284.040,431.500=291.660,431.750=299.860,432.000=307.279,432.250=315.699,432.500=325.299,432.750=338.519,433.000=349.539,434.500=17.000,435.500=160.000;
#STOPS:91.500=1.340
;
#BGCHANGES:;
// cache tags:
#FIRSTBEAT:0.000;
#LASTBEAT:435.500;
#SONGFILENAME:Songs/All Songs/felys-long/felyslong.sm;
#HASMUSIC:1;
#HASBANNER:1;
#MUSICLENGTH:210.889;
// end cache tags

//---------------dance-single - ----------------
#NOTES:
     dance-single:
     :
     Hard:
     11:
     1.000,1.000,0.744,0.138,1.000,1330.000,157.000,29.000,0.000,0.000:  // measure 1
0010
0000
1000
0000
0100
0000
0010
0000
0001
0000
0100
0000
0010
0000
1000
0000
0100
0000
0010
0000
0001
0000
0100
0000
0001
0000
1000
0000
0010
0100
0001
0000
,  // measure 2
0100
0000
0001
0000
0010
0000
0100
0000
1000
0000
0010
0000
0100
0000
0001
0000
0010
0000
0100
0000
1000
0000
0010
0000
1000
0000
0101
0000
0100
0010
1000
0000
,  // measure 3
0010
0000
1000
0000
0100
0000
0010
0000
0001
0000
0100
0000
0010
0000
1000
0000
0100
0000
0010
0000
0001
0000
0100
0000
0001
0000
1000
0000
0010
0100
0001
0000
,  // measure 4
0100
0000
0001
0000
0010
0000
0100
0000
1000
0000
0010
0000
0100
0000
0001
0000
0010
0000
0100
0000
1001
0000
0010
0000
1001
0000
0100
0000
0110
0001
1000
0000
,  // measure 5
0100
0000
0001
0000
0010
0000
0100
0000
1000
0000
0010
0000
0100
0000
0001
0000
0010
0000
0100
0000
1000
0000
0010
0000
1000
0000
0001
0000
0100
0010
1000
0000
,  // measure 6
0010
0000
1000
0000
0100
0000
0010
0000
0001
0000
0100
0000
0010
0000
1000
0000
0100
0000
0010
0000
0001
0000
0100
0000
0001
0000
1010
0000
0010
0100
0001
0000
,  // measure 7
0100
0000
0001
0000
0010
0000
0100
0000
1000
0000
0010
0000
0100
0000
0001
0000
0010
0000
0100
0000
1000
0000
0010
0000
1000
0000
0001
0000
0100
0010
1000
0000
,  // measure 8
0010
0000
1000
0000
0100
0000
0010
0000
0001
0000
0100
0000
0010
0000
1000
0000
0100
0000
0010
0000
1001
0000
0100
0000
1001
0000
0010
0000
0110
1000
0001
0000
,  // measure 9
0100
0000
0100
0000
0110
0000
0010
1000
0001
1000
0001
1000
0010
0000
1000
0001
,  // measure 10
0100
0000
0100
0000
0001
0010
0100
0000
1000
0000
0100
0010
0001
0100
0001
0100
,  // measure 11
0010
0000
0010
0000
0110
0000
0100
0001
1000
0001
1000
0001
0100
0000
0001
1000
,  // measure 12
0010
0000
0010
0000
1000
0100
0010
0000
0001
0000
0010
0100
1000
0010
1000
0010
,  // measure 13
0100
0000
0001
0000
1000
0010
0100
0000
0001
0010
0100
0010
0100
0000
1000
0001
,  // measure 14
0100
0000
0101
0000
1010
0000
0010
0100
0001
0010
0100
0010
0100
1000
0001
0100
,  // measure 15
0010
0000
1000
0000
0001
0100
0010
0000
1000
0100
0010
0100
0010
0000
0001
1000
,  // measure 16
0010
0000
1010
0000
0101
0000
0100
0010
1000
0100
0010
0100
0010
0001
1000
0010
,  // measure 17
0110
0000
0100
0001
1000
0000
1001
0000
0001
1000
0001
0000
0101
0000
0100
1000
,  // measure 18
0100
0000
1100
0000
0100
0010
0001
0000
0011
0000
1000
0010
0100
0001
0100
0010
,  // measure 19
1001
0000
0001
0010
0100
0000
0110
0000
0010
0100
0010
0000
0011
0000
0001
0100
,  // measure 20
0001
0000
0101
0000
0001
1000
0010
0000
1010
0000
0100
1000
0001
0010
0001
1000
,  // measure 21
1001
0000
0001
0010
0100
0000
0110
0000
0010
0100
0010
0000
0011
0000
0001
0100
,  // measure 22
0001
0000
0101
0000
0001
1000
0010
0000
1010
0000
0100
1000
0001
0010
0001
1000
,  // measure 23
1001
0000
0001
0010
0100
0000
0110
0000
0010
0100
0010
0000
0011
0000
1010
0000
,  // measure 24
1001
0000
0100
0000
0110
0000
2002
0000
3000
0000
0100
0000
0103
0000
0001
0100
,  // measure 25
0001
0010
0100
1000
0100
1000
0010
0100
0001
0010
0100
0010
0001
0100
1000
0100
,  // measure 26
0001
1100
1100
0010
0101
0101
0010
1000
,  // measure 27
0001
1000
0100
1000
0010
0100
0001
0010
0100
0010
0001
0010
0001
0100
1000
0100
,  // measure 28
0001
0010
0100
0000
1100
0000
0011
0000
0100
0000
0001
0000
1001
0000
1100
0000
,  // measure 29
0100
0010
0001
1000
0100
0010
0100
0010
0001
0100
0010
1000
0001
0010
0100
1000
,  // measure 30
0001
0000
1000
0001
0100
0000
0001
0000
0011
0000
1100
0000
0100
0000
0110
0000
,  // measure 31
0100
1000
0010
0100
0001
0100
0010
1000
0100
0010
0001
1000
0100
0010
0001
0100
,  // measure 32
0201
0301
1020
1030
1000
1100
0011
0010
,  // measure 33
0100
1000
0001
0100
1000
0100
0001
0010
1000
0010
0001
0100
0010
1000
0100
0010
,  // measure 34
0110
0000
0100
0010
0100
0000
1001
0000
0100
0000
0110
0000
1001
0000
0100
0000
,  // measure 35
0001
0100
0001
0010
0100
1000
0100
1000
0010
0100
0010
0100
0001
0010
0100
1000
,  // measure 36
0101
0000
2000
0000
3010
0000
0101
0000
0001
1000
0100
0000
0100
0000
1000
0000
,  // measure 37
0010
0100
0001
0010
0100
0010
0001
0100
1000
0100
0010
1000
0100
0001
0100
0010
,  // measure 38
0001
1010
0100
0022
0033
0100
0100
1000
,  // measure 39
0001
0010
0001
0010
0100
1000
0100
1000
0001
0010
0100
1000
0010
0100
0001
1000
,  // measure 40
1001
0000
0000
0001
1000
0000
0000
0001
1000
0000
0000
0001
1000
0000
0000
0001
1000
0000
0000
0001
0000
0000
0000
0000
1000
0000
0000
0001
0000
0000
0000
0000
,  // measure 41
2000
0000
0000
0002
0000
0000
0000
0000
0000
0000
0000
0000
0000
0000
0000
0000
0000
0000
0000
0000
0000
0000
0000
0000
0000
0000
0000
0000
0000
0000
3003
0000
,  // measure 42
0001
0100
0010
1000
0000
1000
0010
1000
0100
0010
0001
0100
0001
0010
0100
1000
0001
0100
0010
1000
0000
0100
0010
0001
0010
0100
1000
0010
0100
0010
0100
0001
,  // measure 43
1000
0100
0010
0001
0000
0010
0100
0010
0001
0100
0010
1000
0100
0010
0100
0010
0001
0100
0010
1000
0000
0100
1000
0010
0100
0001
0100
0001
0100
0001
1000
0100
,  // measure 44
1001
0000
1000
0000
0011
0000
0010
0100
1000
0001
0100
0000
0110
0000
0100
0100
,  // measure 45
0001
0000
0001
0000
1010
0000
0010
0010
0000
0100
0001
0000
0011
0000
0010
0100
,  // measure 46
1000
1000
0100
0000
0011
0000
0010
0100
1000
0001
0100
0000
0110
0000
0100
0000
,  // measure 47
2002
0000
0000
0000
0000
0000
3003
0000
0200
0000
0000
0020
0000
0000
0000
0000
,  // measure 48
0000
0000
0000
0000
0000
0330
0100
0100
,  // measure 49
0110
0000
0010
1000
0001
1000
0001
1000
0010
0000
1000
0001
0100
0000
0100
0000
,  // measure 50
0001
0010
0100
0000
1000
0000
0100
0010
0001
0100
0001
0100
0010
0000
0010
0000
,  // measure 51
0110
0000
0100
0001
1000
0001
1000
0001
0100
0000
0001
1000
0010
0000
0010
0000
,  // measure 52
1000
0100
0010
0000
0001
0000
0010
0100
1000
0010
1000
0010
0100
0000
0001
0000
,  // measure 53
1000
0010
0100
0000
0001
0010
0100
0010
0100
0000
1000
0001
0100
0000
0101
0000
,  // measure 54
1010
0000
0010
0100
0001
0010
0100
0010
0100
1000
0001
0100
0010
0000
1000
0000
,  // measure 55
0001
0100
0010
0000
1000
0100
0010
0100
0010
0000
0001
1000
0010
0000
1010
0000
,  // measure 56
0101
0000
0100
0010
1000
0100
0010
0100
0010
0001
1000
0010
0110
0000
0100
0001
,  // measure 57
1000
0000
1001
0000
0001
1000
0001
0000
0101
0000
0100
1000
0100
0000
1100
0000
,  // measure 58
0100
0010
0001
0000
0011
0000
1000
0010
0100
0001
0100
0010
1001
0000
0001
0010
,  // measure 59
0100
0000
0110
0000
0010
0100
0010
0000
0011
0000
0001
0100
0001
0000
0101
0000
,  // measure 60
0001
1000
0010
0000
1010
0000
0100
1000
0001
0010
0001
1000
1001
0000
0001
0010
,  // measure 61
0100
0000
0110
0000
0010
0100
0010
0000
0011
0000
0001
0100
0001
0000
0101
0000
,  // measure 62
0001
1000
0010
0000
1010
0000
0100
1000
0001
0010
0001
1000
1001
0000
0001
0010
,  // measure 63
0100
0000
0110
0000
0010
0100
0010
0000
0011
0000
1010
0000
0001
0100
0010
1000
,  // measure 64
0001
0100
0010
1000
0001
0100
0010
1000
0100
0010
0001
1000
0010
0000
0010
0000
,  // measure 65
0110
0000
0100
0001
1000
0001
1000
0001
0100
0000
0001
1000
0010
0000
0010
0000
,  // measure 66
1000
0100
0010
0000
0001
0000
0010
0100
1000
0010
1000
0010
0100
0000
0100
0000
,  // measure 67
0110
0000
0010
1000
0001
1000
0001
1000
0010
0000
1000
0001
0100
0000
0100
0000
,  // measure 68
0001
0010
0100
0000
1000
0000
0100
0010
0001
0100
0001
0100
0010
0000
1000
0000
,  // measure 69
0001
0100
0010
0000
1000
0100
0010
0100
0010
0000
0001
1000
0010
0000
1010
0000
,  // measure 70
0101
0000
0100
0010
1000
0100
0010
0100
0010
0001
1000
0010
0100
0000
0001
0000
,  // measure 71
1000
0010
0100
0000
0001
0010
0100
0010
0100
0000
1000
0001
0100
0000
0101
0000
,  // measure 72
1010
0000
0010
0100
0001
0010
0100
0010
0100
1000
0001
0100
0110
0000
0010
1000
,  // measure 73
0001
0000
1001
0000
1000
0001
1000
0000
1010
0000
0010
0001
0010
0000
0011
0000
,  // measure 74
0010
0100
1000
0000
1100
0000
0001
0100
0010
1000
0010
0100
1001
0000
1000
0100
,  // measure 75
0010
0000
0110
0000
0100
0010
0100
0000
1100
0000
1000
0010
1000
0000
1010
0000
,  // measure 76
1000
0001
0100
0000
0101
0000
0010
0001
1000
0100
1000
0001
1001
0000
1000
0100
,  // measure 77
0010
0000
0110
0000
0100
0010
0100
0000
1100
0000
1000
0010
1000
0000
1010
0000
,  // measure 78
1000
0001
0100
0000
0101
0000
0010
0001
1000
0100
1000
0001
1001
0000
1000
0100
,  // measure 79
0010
0000
0110
0000
0100
0010
0100
0000
1100
0000
0101
0000
1010
0000
0011
0000
,  // measure 80
1010
0000
0011
0000
0001
0010
0100
1000
0100
0010
0001
1000
1001
0000
0100
0020
,  // measure 81
0000
0000
0130
0000
0001
1000
0100
0010
0001
0010
0001
0100
0010
0000
1000
0200
,  // measure 82
0000
0000
0310
0000
0001
0010
0100
1000
0001
0100
0010
1000
0001
0000
1000
0020
,  // measure 83
0000
0000
0130
0000
0001
0010
0100
1000
0001
0010
0100
1000
0001
0000
0100
0010
,  // measure 84
0000
0010
0100
0010
1000
0100
0010
0001
0100
0001
0010
0001
1001
0000
0100
0001
,  // measure 85
0011
0000
0010
0100
1000
0001
0100
0100
0110
0000
0010
1000
0100
0000
0100
0000
,  // measure 86
0110
0000
0000
0000
0010
0000
0001
0000
1000
0000
0010
0000
0100
0000
0001
0000
1100
0000
0000
0000
1000
0000
0001
0000
1000
0100
1000
0000
0000
0000
0000
0000
,  // measure 87
0001
0010
0001
0000
0000
0000
0000
0000
1000
0001
0100
0000
0101
0000
1100
0000
0101
0000
0000
0000
0000
0000
0000
0000
0100
0000
0100
0000
0001
0000
1000
0000
,  // measure 88
0100
0000
0100
0000
1000
0000
0001
0000
0100
0001
0100
0000
0001
0000
1000
0000
0100
0000
0010
0000
0001
0000
1000
0000
0010
0000
0100
0000
0010
0000
0000
0000
,  // measure 89
0110
0000
0100
0001
1000
0001
1000
0001
0100
0010
0001
1000
0010
0100
0010
0100
,  // measure 90
1000
0100
0010
0100
0001
0100
0010
0100
1000
0010
1000
0010
0100
1000
0100
0000
,  // measure 91
0110
0000
0010
1000
0001
1000
0001
1000
0010
0100
1000
0001
0100
1000
0100
0010
,  // measure 92
0001
0010
0100
0010
1000
0010
0100
0010
0001
0100
0001
0100
0010
0100
1000
0100
,  // measure 93
0001
0100
0010
0100
1000
0100
0010
0100
0010
0100
0001
1000
0010
0000
1010
0000
,  // measure 94
0101
0000
0100
0010
1000
0100
0010
0100
0010
0001
1000
0010
0100
0010
0001
0100
,  // measure 95
1000
0010
0100
0010
0001
0010
0100
0010
0100
0010
1000
0001
0100
0000
0101
0000
,  // measure 96
1010
0000
0010
0100
0001
0010
0100
0010
0100
1000
0001
0100
0110
0000
0010
1000
,  // measure 97
0001
0000
1001
0000
1000
0001
1000
0000
1010
0000
0010
0001
0010
0000
0011
0000
,  // measure 98
0010
0100
1000
0000
1100
0000
0001
0100
0010
1000
0010
0100
1001
0000
1000
0100
,  // measure 99
0010
0000
0110
0000
0100
0010
0100
0000
1100
0000
1000
0010
1000
0000
1010
0000
,  // measure 100
1000
0001
0100
0000
0101
0000
0010
0001
1000
0100
1000
0001
1001
0000
1000
0100
,  // measure 101
0010
0000
0110
0000
0100
0010
0100
0000
1100
0000
1000
0010
1000
0000
1010
0000
,  // measure 102
1000
0001
0100
0000
0101
0000
0010
0001
1000
0100
1000
0001
1001
0000
1000
0100
,  // measure 103
0010
0000
0110
0000
0100
0010
0100
0000
1100
0000
0101
0000
1000
0100
0010
0001
,  // measure 104
1000
0100
0010
0001
1000
0100
0010
0001
1000
0100
0010
0001
2000
0000
0000
0000
,  // measure 105
0000
0000
0000
0000
0200
3000
0020
0300
,  // measure 106
0002
0030
0200
0003
0020
0300
2000
0030
,  // measure 107
0002
0000
3000
0000
0200
0003
0000
0001
0300
0000
0010
0000
0020
0000
0000
0000
,  // measure 108
0200
0000
0000
0000
,  // measure 109
0000
0000
0000
0000
0330
2002
0000
3003
;
