#TITLE:SNOW;
#SUBTITLE:;
#ARTIST:RAM;
#TITLETRANSLIT:;
#SUBTITLETRANSLIT:;
#ARTISTTRANSLIT:;
#CREDIT:;
#BANNER:snow.png;
#BACKGROUND:snow-bg.png;
#LYRICSPATH:;
#CDTITLE:!cynicTitle.png;
#MUSIC:snow.mp3;
#OFFSET:-0.180;
#SAMPLESTART:33.444;
#SAMPLELENGTH:12.000;
#SELECTABLE:YES;
#BPMS:0.000=180.005;
#STOPS:;
#BGCHANGES:;
// cache tags:
#FIRSTBEAT:16.000;
#LASTBEAT:319.500;
#SONGFILENAME:Songs/All Songs/snow/snow.sm;
#HASMUSIC:1;
#HASBANNER:1;
#MUSICLENGTH:107.292;
// end cache tags

//---------------dance-single - ----------------
#NOTES:
     dance-single:
     :
     Hard:
     12:
     1.000,1.000,1.000,0.019,1.000,939.000,187.000,2.000,0.000,0.000:  // measure 1
0000
0000
0000
0000
,  // measure 2
0000
0000
0000
0000
,  // measure 3
0000
0000
0000
0000
,  // measure 4
0000
0000
0000
0000
,  // measure 5
1000
0000
1000
0000
0010
0000
0100
0001
1000
0100
1000
0001
0100
0000
0110
0000
,  // measure 6
1000
0000
0001
0010
0100
1000
0001
1000
0001
0000
1010
0000
0100
0000
0011
0000
,  // measure 7
0100
0000
0001
0000
0010
0100
1000
0001
0100
0010
1000
0001
0010
0000
0100
0000
,  // measure 8
1001
0000
0110
0000
0101
0000
0001
0010
0100
1000
0001
0010
0001
1000
0100
0010
,  // measure 9
0100
0000
1000
0100
0000
0010
0001
0000
1000
0010
0100
0001
1000
0001
0010
0100
,  // measure 10
1000
0000
0001
0000
1000
0000
0001
0010
0100
0010
0100
1000
0010
0100
0001
1000
,  // measure 11
0100
0000
0010
0001
0000
1000
0100
0000
0010
0001
1000
0010
0100
0001
1000
0001
,  // measure 12
0010
0000
0001
0010
0000
0100
1000
0000
0001
0100
0010
1000
0001
1000
0100
0010
,  // measure 13
0001
0000
1000
0000
0001
0000
1000
0100
0010
0100
0010
0001
0100
0010
1000
0001
,  // measure 14
0010
0000
0100
1000
0000
0001
0010
0000
0100
1000
0001
0100
0010
1000
0001
1000
,  // measure 15
0001
0000
0100
0010
0000
1000
0001
0000
1000
0010
0100
0010
1000
0000
0001
0000
,  // measure 16
1000
0001
1000
0001
0100
0010
0100
0010
1000
0100
0010
0001
1000
0100
0010
0001
,  // measure 17
1000
0000
0100
0010
0000
0001
1000
0000
0010
0100
0000
0001
1000
0100
0010
0001
,  // measure 18
1000
0000
0010
0100
0000
0001
0100
0000
0010
0100
0000
0001
1000
0001
1000
0010
,  // measure 19
0100
0000
0001
0010
0000
0100
0010
0000
0001
0010
0000
0001
1000
0010
0100
0001
,  // measure 20
1000
0000
0100
0010
0000
0001
1000
0000
0010
0100
0000
0001
1000
0100
0010
0001
,  // measure 21
1000
0000
0010
0100
0000
0001
0100
0000
0010
0100
0000
0001
1000
0001
1000
0010
,  // measure 22
0100
0000
0001
0010
0000
0100
0010
0000
0001
0010
0000
0001
1000
0010
0100
0001
,  // measure 23
1000
0000
0010
0100
0000
0001
1000
0000
0100
0010
0000
0001
0010
0100
1000
0001
,  // measure 24
0100
0000
0001
1000
0000
0100
0010
0000
0001
0100
0000
0010
1000
0100
0010
0001
,  // measure 25
1010
0000
0100
0010
0000
0001
1000
0000
0011
0100
0000
0001
1000
0100
0010
0001
,  // measure 26
1100
0000
0010
0100
0000
0001
0100
0000
0011
0100
0000
0001
1000
0001
1000
0010
,  // measure 27
1100
0000
0001
0010
0000
0100
0010
0000
1001
0010
0000
0001
1000
0010
0100
0001
,  // measure 28
1010
0000
0100
0010
0000
0001
1000
0000
1010
0100
0000
0001
1010
0100
0010
0001
,  // measure 29
1100
0000
0010
0100
0000
0001
0100
0000
1010
0100
0000
0001
1000
0001
1000
0010
,  // measure 30
0101
0000
0001
0010
0000
0100
0010
0000
0101
0010
0000
0001
1000
0010
0100
0001
,  // measure 31
1010
0000
0010
0100
0000
0001
1000
0000
0101
0010
0000
0001
0010
0100
1000
0001
,  // measure 32
0110
0000
0001
1000
0000
0100
0010
0000
1001
0100
0000
0010
1000
0100
0010
0001
,  // measure 33
1010
0100
1000
0000
1010
0000
0101
0010
0001
0000
1100
0000
0011
0100
0010
0000
,  // measure 34
1001
0100
0010
0000
1010
0000
0101
0010
1000
0000
0011
0000
1100
0000
0100
0010
,  // measure 35
1100
0001
0100
0000
1100
0000
0011
1000
0010
0000
0101
0000
1010
0001
1000
0000
,  // measure 36
0110
0001
1000
0000
1100
0000
0011
1000
0100
0000
1010
0000
0101
0000
0001
1000
,  // measure 37
0101
0010
0001
0000
0101
0000
1010
0100
1000
0000
0011
0000
1100
0010
0100
0000
,  // measure 38
1001
0010
0100
0000
0101
0000
1010
0100
0001
0000
1100
0000
0011
0000
0010
0100
,  // measure 39
0011
1000
0010
0000
0011
0000
1100
0001
0100
0000
1010
0000
0101
1000
0001
0000
,  // measure 40
0110
1000
0001
0000
0011
0000
1100
0001
0010
0000
0101
0000
1010
0000
1000
0001
,  // measure 41
1001
0010
1000
0000
1001
0000
0110
0001
0100
0000
1010
0000
0101
0010
0001
0000
,  // measure 42
1100
0010
0001
0000
1001
0000
0110
0001
1000
0000
0101
0000
1010
0000
0010
0001
,  // measure 43
1010
0100
0010
0000
1010
0000
0101
1000
0001
0000
0110
0000
1001
0100
1000
0000
,  // measure 44
0011
0100
1000
0000
1010
0000
0101
1000
0010
0000
1001
0000
0110
0000
0100
1000
,  // measure 45
0110
0001
0100
0000
0110
0000
1001
0010
1000
0000
0101
0000
1010
0001
0010
0000
,  // measure 46
1100
0001
0010
0000
0110
0000
1001
0010
0100
0000
1010
0000
0101
0000
0001
0010
,  // measure 47
0101
1000
0001
0000
0101
0000
1010
0100
0010
0000
1001
0000
0110
1000
0100
0000
,  // measure 48
0011
1000
0100
0000
0101
0000
1010
0100
0001
0000
0110
0000
1001
0000
1000
0100
,  // measure 49
1000
0001
1000
0001
1000
0000
0100
0010
0100
0010
0100
1000
0001
1000
0001
1000
,  // measure 50
0001
0010
0100
1000
0001
0010
0100
1000
0001
0010
0100
1000
0001
0010
0100
1000
,  // measure 51
0001
1000
0001
1000
0001
0000
0100
0010
0100
0010
0100
0001
1000
0001
1000
0001
,  // measure 52
1000
0010
0100
0001
1000
0010
0100
0001
1000
0010
0100
0001
1000
0010
0100
0001
,  // measure 53
0100
0010
0100
0010
0100
0000
0001
1000
0001
1000
0001
0100
0010
0100
0010
0100
,  // measure 54
0010
1000
0001
0100
0010
1000
0001
0100
0010
1000
0001
0100
0010
1000
0001
0100
,  // measure 55
0010
0100
0010
0100
0010
0000
0001
1000
0001
1000
0001
0010
0100
0010
0100
0010
,  // measure 56
0100
1000
0001
0010
0100
1000
0001
0010
0100
1000
0001
0010
0100
1000
0001
0010
,  // measure 57
0001
1000
0011
1000
0001
0000
0010
0100
0011
0100
0010
0001
1000
0001
1010
0001
,  // measure 58
1000
0100
0010
0001
1000
0100
0010
0001
1000
0100
0010
0001
1000
0100
0010
0001
,  // measure 59
1000
0001
1010
0001
1000
0000
0010
0100
0011
0100
0010
1000
0001
1000
0011
1000
,  // measure 60
0001
0100
0010
1000
0001
0100
0010
1000
0001
0100
0010
1000
0001
0100
0010
1000
,  // measure 61
0010
0100
0011
0100
0010
0000
1000
0001
1100
0001
1000
0010
0100
0010
1100
0010
,  // measure 62
0100
0001
1000
0010
0100
0001
1000
0010
0100
0001
1000
0010
0100
0001
1000
0010
,  // measure 63
0100
0010
0101
0010
0100
0000
1000
0001
1010
0001
1000
0100
0010
0100
0011
0100
,  // measure 64
0010
0001
1000
0100
0010
0001
1000
0100
0010
0001
1000
0100
0010
0001
1000
0100
,  // measure 65
1001
0100
0001
0000
1001
0000
0110
1000
0010
0000
0101
0000
1010
0100
1000
0000
,  // measure 66
0011
0100
1000
0000
1001
0000
0110
1000
0001
0000
1010
0000
0101
0000
0100
1000
,  // measure 67
0101
0010
0100
0000
0101
0000
1010
0001
1000
0000
0110
0000
1001
0010
0001
0000
,  // measure 68
1100
0010
0001
0000
0101
0000
1010
0001
0100
0000
1001
0000
0110
0000
0010
0001
,  // measure 69
0110
1000
0010
0000
0110
0000
1001
0100
0001
0000
1010
0000
0101
1000
0100
0000
,  // measure 70
0011
1000
0100
0000
0110
0000
1001
0100
0010
0000
0101
0000
1010
0000
1000
0100
,  // measure 71
1010
0001
1000
0000
1010
0000
0101
0010
0100
0000
1001
0000
0110
0001
0010
0000
,  // measure 72
1100
0001
0010
0000
1010
0000
0101
0010
1000
0000
0110
0000
1001
0000
0001
0010
,  // measure 73
0110
0001
0100
0000
0110
0000
1001
0010
1000
0000
0101
0000
1010
0001
0010
0000
,  // measure 74
1100
0001
0010
0000
0110
0000
1001
0010
0100
0000
1010
0000
0101
0000
0001
0010
,  // measure 75
0101
1000
0001
0000
0101
0000
1010
0100
0010
0000
1001
0000
0110
1000
0100
0000
,  // measure 76
1001
0100
0010
0001
1000
0100
0010
0001
1000
0100
0010
0001
1000
0100
0010
0001
,  // measure 77
0110
0001
0100
0000
0110
0000
1001
0010
1000
0000
0101
0000
1010
0001
0010
0000
,  // measure 78
1100
0001
0010
0000
0110
0000
1001
0010
0100
0000
1010
0000
0101
0000
0001
0010
,  // measure 79
0101
1000
0001
0000
0101
0000
1010
0100
0010
0000
1001
0000
0110
1000
0100
0000
,  // measure 80
2002
0000
0000
0000
0000
0000
0000
3003
;
