#TITLE:Green Greens;
#SUBTITLE:;
#ARTIST:Kirby's Dream Land;
#TITLETRANSLIT:;
#SUBTITLETRANSLIT:;
#ARTISTTRANSLIT:;
#CREDIT:;
#BANNER:banner.jpg;
#BACKGROUND:background.jpg;
#LYRICSPATH:;
#CDTITLE:!kilgacdtitle.png;
#MUSIC:06 GREEN GREENS.mp3;
#OFFSET:-6.980;
#SAMPLESTART:22.060;
#SAMPLELENGTH:12.000;
#SELECTABLE:YES;
#BPMS:0.000=179.100;
#STOPS:;
#BGCHANGES:;
// cache tags:
#FIRSTBEAT:0.000;
#LASTBEAT:152.000;
#SONGFILENAME:Songs/All Songs/Kilgamayan - Green Greens/Green Greens.sm;
#HASMUSIC:1;
#HASBANNER:1;
#MUSICLENGTH:64.888;
// end cache tags

//---------------dance-single - ----------------
#NOTES:
     dance-single:
     :
     Hard:
     11:
     1.000,0.996,0.940,0.000,1.000,472.000,61.000,0.000,0.000,0.000:  // measure 1
0110
0000
0010
0100
0010
0000
1000
0001
1000
0000
0001
0010
0100
1000
0100
0010
,  // measure 2
0101
0000
1000
0010
0100
0000
0010
0100
0001
0000
0001
1000
0001
0010
0100
0010
,  // measure 3
1001
0000
0001
1000
0001
0000
1000
0001
1100
0000
0010
0100
0010
1000
0100
1000
,  // measure 4
0011
0000
0100
1000
0100
0000
0010
0001
0010
0000
0001
1000
0010
0100
0001
1000
,  // measure 5
0110
0000
0001
0100
0010
0000
1000
0010
0100
0000
1000
0010
0100
0001
0010
0100
,  // measure 6
1001
0000
0010
1000
0001
0000
0100
0001
1000
0000
0010
0100
1000
0100
0010
0001
,  // measure 7
0110
0000
0100
0001
0100
0000
0010
1000
0011
0000
0010
0100
1000
0100
0010
0001
,  // measure 8
1100
0001
1000
0001
0100
0001
0010
0001
0010
1000
0001
1000
0010
1000
0100
1000
,  // measure 9
0011
0000
0100
0001
0100
0000
0010
1000
0010
0000
1001
0000
0000
0000
0000
0000
,  // measure 10
1001
0000
0010
0100
0010
0000
0010
0100
0010
0000
0001
1000
0010
0001
0010
0100
,  // measure 11
1001
0000
0100
0010
0100
0000
0100
0010
0100
0000
1000
0001
0100
1000
0100
0010
,  // measure 12
0101
0000
0001
1000
0001
1000
0001
0000
0110
0000
1000
0100
0010
0001
0100
0000
,  // measure 13
1010
0000
0010
0100
0001
1000
0010
0000
1001
0000
0010
0100
1000
0001
0100
0000
,  // measure 14
0011
0000
0100
0001
0100
1000
0010
0000
1001
0000
0001
0010
1000
0100
0001
0000
,  // measure 15
1100
0000
0010
0100
1000
0010
0100
0000
0110
0000
0001
1000
0100
1000
0010
0000
,  // measure 16
0101
0000
0001
0010
0100
1000
0001
0000
1010
0000
0100
0010
0100
0001
1000
0000
,  // measure 17
0011
0000
0100
0010
0100
0001
0010
0000
1100
0000
0001
1000
0010
0100
1000
0000
,  // measure 18
0110
0000
0001
0010
0100
0010
0100
0000
1001
0000
0010
1000
0100
0001
0010
0000
,  // measure 19
0110
0000
1000
0001
0010
0100
1000
0000
1001
0000
0000
0000
0010
0000
0000
0010
,  // measure 20
1001
0000
0010
0001
0010
0000
0010
1000
0010
0000
1000
0100
0001
1000
0100
0001
,  // measure 21
1010
0000
0001
0010
0100
0000
1000
0100
0010
0000
0001
1000
0001
1000
0010
0100
,  // measure 22
0011
0000
1000
0010
0100
0000
1000
0100
0011
0000
0100
1000
0100
0010
0001
0010
,  // measure 23
1100
0000
0001
0010
0001
0000
1000
0100
1000
0000
0010
0100
0001
1000
0010
0100
,  // measure 24
1001
0000
0010
0100
0001
0000
1000
0100
0001
0000
0010
1000
0100
1000
0001
1000
,  // measure 25
0101
0000
0001
0100
0010
0000
0001
1000
0100
0000
0010
0100
0010
0001
0010
0100
,  // measure 26
1001
0000
0100
0001
0100
0000
0010
0100
1001
0000
0001
0010
0100
1000
0100
0010
,  // measure 27
0101
1000
0001
1000
0010
1000
0100
1000
0010
0001
1000
0001
0100
0001
0010
0001
,  // measure 28
1100
0000
0010
0100
0010
0000
0001
1000
0001
0000
0110
0000
0000
0000
0000
0000
,  // measure 29
1001
0000
0010
0100
0010
0000
0100
0010
0100
0000
0001
0010
0100
1000
0100
0010
,  // measure 30
1001
0000
0100
0010
0100
0000
0010
0100
0010
0000
1000
0100
0010
0001
0010
0100
,  // measure 31
1001
0000
0010
0100
1000
0001
0010
0000
1100
0000
0010
0001
0010
0100
0010
0000
,  // measure 32
0101
0000
0010
1000
0001
1000
0100
0000
1010
0000
0001
0010
0100
1000
0100
0000
,  // measure 33
0110
0000
0001
1000
0100
0010
1000
0000
0011
0000
0100
1000
0100
0010
0001
0000
,  // measure 34
1001
0000
0010
0001
0010
1000
0100
0000
0011
0000
1000
0001
1000
0100
0010
0000
,  // measure 35
1100
0000
0010
0100
1000
0100
0010
0000
0101
0000
0010
1000
0100
0010
0001
0010
,  // measure 36
1100
0000
0001
0010
0001
0100
0001
0000
0110
0000
1000
0010
0100
0001
0010
0100
,  // measure 37
1001
0000
0010
0100
1000
0001
0100
0000
1010
0000
0100
0001
0100
0010
0100
1000
,  // measure 38
0011
0000
0100
0100
0100
0000
0010
0010
0110
0000
0000
0000
0100
0000
0000
0100
,  // measure 39
1001
0000
0000
0000
;
