#TITLE:B4U;
#SUBTITLE:(but 4F73R SGX);
#ARTIST:NAOKI vs SuperGreenX;
#TITLETRANSLIT:;
#SUBTITLETRANSLIT:;
#ARTISTTRANSLIT:;
#CREDIT:;
#BANNER:B4U 4F73R SGX - banner.PNG;
#BACKGROUND:B4U4F73RM3-bg.PNG;
#LYRICSPATH:;
#CDTITLE:;
#MUSIC:B4U (but 4F73R SGX).mp3;
#OFFSET:-12.440;
#SAMPLESTART:38.710;
#SAMPLELENGTH:12.000;
#SELECTABLE:YES;
#BPMS:0.000=155.000;
#STOPS:;
#BGCHANGES:;
// cache tags:
#FIRSTBEAT:0.000;
#LASTBEAT:307.500;
#SONGFILENAME:Songs/All Songs/B4U (but 4F73R SGX)/B4U.sm;
#HASMUSIC:1;
#HASBANNER:1;
#MUSICLENGTH:134.791;
// end cache tags

//---------------dance-single - ----------------
#NOTES:
     dance-single:
     :
     Challenge:
     9:
     0.539,0.570,0.274,0.067,0.000,463.000,37.000,9.000,0.000,5.000:  // measure 1
1001
0110
1001
0110
,  // measure 2
1100
0011
1100
0011
,  // measure 3
0100
0100
0100
0100
,  // measure 4
0010
0010
0010
0010
,  // measure 5
1001
1001
1000
1000
,  // measure 6
0001
0001
1000
1000
,  // measure 7
0100
1000
0100
1000
0100
1000
0100
1000
,  // measure 8
0001
0000
0100
0000
0010
0100
0010
0100
,  // measure 9
0001
0001
1000
1000
0100
0100
0010
0010
,  // measure 10
1000
0000
1000
0000
1000
0000
0001
0001
,  // measure 11
0001
0100
0100
0010
0010
0100
0100
0100
,  // measure 12
0001
0001
1000
1000
0100
0100
0010
0010
,  // measure 13
2002
0000
0000
0000
,  // measure 14
3103
0000
0100
0000
0100
0000
0010
0010
,  // measure 15
0010
0000
0001
0001
1000
0000
0100
0100
,  // measure 16
0010
0000
1000
0100
0100
0100
0100
0100
,  // measure 17
0001
0001
0100
0100
1000
1000
0100
0100
,  // measure 18
0001
0001
0100
0100
1000
1000
0100
0100
,  // measure 19
0001
0001
0100
0100
1000
1000
0100
0100
,  // measure 20
0001
0001
0100
0100
1000
1000
0100
0100
,  // measure 21
0001
1000
0001
1000
0001
1000
0001
1000
,  // measure 22
0010
0100
0010
0100
0010
0100
0010
0100
,  // measure 23
1000
0100
1000
0100
1000
0100
1000
0100
,  // measure 24
0001
0010
0001
0010
0001
0010
0001
0010
,  // measure 25
0001
0100
0100
0100
0010
0010
1000
1000
,  // measure 26
0100
0100
0001
0001
1000
1000
0010
0010
,  // measure 27
0100
0100
0001
0001
1000
1000
0010
0010
,  // measure 28
0100
0100
0100
0100
0100
0100
0100
0100
,  // measure 29
0010
0010
1000
1000
0100
0100
0010
0010
,  // measure 30
1000
1000
0100
0100
0010
0010
0010
0010
,  // measure 31
0001
0001
0100
0100
0010
0010
1000
1000
,  // measure 32
0100
0000
1001
0000
0110
1001
0110
1001
,  // measure 33
0100
0100
0010
0010
,  // measure 34
1100
0011
0101
1010
,  // measure 35
1100
0000
0000
0011
0000
0001
0100
0000
,  // measure 36
1010
1000
1000
1000
,  // measure 37
0001
1000
0001
1000
0001
1000
0001
1000
,  // measure 38
0100
1000
0100
1000
0100
1000
0100
1000
,  // measure 39
0010
1000
0010
1000
0010
1000
0010
1000
,  // measure 40
0001
1000
0001
1000
0001
1000
0001
1000
,  // measure 41
1001
0100
0110
0010
,  // measure 42
0110
1001
1100
0010
,  // measure 43
0110
0011
0101
0010
,  // measure 44
1000
0010
1000
0001
1000
0000
0100
0000
,  // measure 45
0100
0010
0100
0010
0100
0010
0100
0010
,  // measure 46
0001
0000
0001
0000
0001
0000
1000
1000
,  // measure 47
1000
0100
1000
0100
1000
0100
1000
0100
,  // measure 48
1000
1000
1000
1000
1000
1000
1000
1000
,  // measure 49
0100
0000
0000
0100
0000
0000
0100
0000
,  // measure 50
0100
0000
0100
0000
0001
0001
1000
1000
,  // measure 51
0100
0100
0010
0010
1000
0100
0010
0001
,  // measure 52
1000
0100
0010
0001
0001
0010
0100
1000
,  // measure 53
0001
0001
1000
1000
,  // measure 54
0100
0010
0001
1000
,  // measure 55
0001
1000
0001
1000
0010
0100
0010
0100
,  // measure 56
0010
0100
0010
0000
1000
1000
2002
0000
,  // measure 57
0100
0000
0100
0000
0100
0000
0100
3003
,  // measure 58
1000
0100
0001
0100
1000
0100
0001
0001
,  // measure 59
0001
0000
1000
0100
0001
0100
1000
0100
,  // measure 60
0010
0010
0010
0010
1000
1000
1000
1000
,  // measure 61
0100
0100
0100
0100
,  // measure 62
0001
1000
0001
1000
0001
0000
0010
0010
,  // measure 63
0100
0000
0100
0000
0100
0100
0100
0000
,  // measure 64
0001
1000
0001
1000
0001
1000
0000
0000
,  // measure 65
0100
0100
0100
0100
,  // measure 66
1000
0100
1000
0100
1000
0100
1000
0100
,  // measure 67
0001
0000
0001
0000
0001
0000
0011
0011
,  // measure 68
0011
0000
0100
0001
0100
0001
0100
0001
,  // measure 69
0010
0010
0010
0010
0100
0100
0100
0100
,  // measure 70
2002
0000
0000
0003
3020
0000
0000
0000
,  // measure 71
0100
0030
0100
0000
0100
0000
0001
1000
,  // measure 72
0100
0000
0010
0100
0010
0000
0001
1000
,  // measure 73
0100
1000
0001
1000
0100
1000
0001
1000
,  // measure 74
0100
0100
0000
1000
1000
1000
1000
0000
,  // measure 75
2002
0000
0000
0000
,  // measure 76
0000
0000
0000
0000
,  // measure 77
0000
0000
0000
0000
0000
0000
0000
3003
;
