#TITLE:Karma;
#SUBTITLE:;
#ARTIST:TaQ;
#TITLETRANSLIT:;
#SUBTITLETRANSLIT:;
#ARTISTTRANSLIT:;
#CREDIT:;
#BANNER:karma.png;
#BACKGROUND:KARMAbg.png;
#LYRICSPATH:;
#CDTITLE:!cynicTitle.png;
#MUSIC:01-Karma-TaQ.mp3;
#OFFSET:0.100;
#SAMPLESTART:7.700;
#SAMPLELENGTH:12.000;
#SELECTABLE:YES;
#BPMS:0.000=200.040,4.000=100.020,12.000=200.040,331.000=100.020;
#STOPS:20.000=0.300
,23.000=0.300
,26.000=0.300
,29.000=0.300
,32.000=0.300
,35.000=0.300
,38.000=0.300
,43.000=0.300
,138.500=0.300
;
#BGCHANGES:;
// cache tags:
#FIRSTBEAT:4.000;
#LASTBEAT:345.000;
#SONGFILENAME:Songs/All Songs/karma (cynic and ren)/karma.sm;
#HASMUSIC:1;
#HASBANNER:1;
#MUSICLENGTH:113.640;
// end cache tags

//---------------dance-single - ----------------
#NOTES:
     dance-single:
     :
     Hard:
     11:
     1.000,1.000,1.000,0.097,0.444,669.000,303.000,11.000,0.000,0.000:  // measure 1
0000
0000
0000
0000
,  // measure 2
2002
0000
0000
0000
,  // measure 3
0000
0000
0000
0000
,  // measure 4
0000
0000
0000
0000
,  // measure 5
0000
0000
3000
0013
,  // measure 6
1001
0000
0000
0110
0000
0000
1001
0000
,  // measure 7
0000
0000
0001
0000
1010
0000
0000
1000
,  // measure 8
0000
0000
0101
0000
0000
0011
1000
0000
,  // measure 9
1100
0001
0000
0100
0000
0000
1001
0000
,  // measure 10
0000
1010
0001
0000
0101
1000
0000
0100
,  // measure 11
0000
0000
0010
1001
0100
1001
0020
0130
,  // measure 12
0100
0000
1001
0010
0011
0001
0110
0000
,  // measure 13
1100
0000
0110
1000
1010
0010
0110
0000
,  // measure 14
1001
0000
1001
0010
1010
1000
0110
0000
,  // measure 15
0011
0000
0110
0001
0011
0010
0110
0100
,  // measure 16
1001
0000
0011
1000
0000
1100
0001
0000
,  // measure 17
0110
0000
1010
0001
0000
0101
1000
0000
,  // measure 18
1001
0000
0110
1000
0000
1100
0010
0000
,  // measure 19
1001
0000
0110
0001
0110
1000
0101
0010
,  // measure 20
1100
0000
0001
0100
0001
0000
1010
0000
1100
0000
0011
0000
0101
0000
1000
0000
,  // measure 21
0101
0000
1000
0100
1000
0000
0011
0000
0101
0000
1010
0000
1100
0000
0001
0000
,  // measure 22
1001
0000
0010
0100
0001
0000
0101
0000
0110
0000
1100
0000
1001
0000
0010
0000
,  // measure 23
1001
0000
0010
0100
1000
0000
1100
0000
0110
0000
0101
0000
1001
0000
0010
0000
,  // measure 24
1010
0000
0001
0100
1000
0000
0110
0000
0101
0000
0110
0000
0101
0000
0000
0000
,  // measure 25
0101
0000
1000
0010
0001
0000
0110
0000
1010
0000
0110
0000
1010
0000
0000
0000
,  // measure 26
0011
0000
1000
0100
0001
0000
0110
0000
1100
0000
0110
0000
1100
0000
0000
0000
,  // measure 27
1100
0000
1010
0001
0100
0000
0011
1000
0100
0000
1001
0000
0101
0000
1100
0000
,  // measure 28
1002
0000
0103
0110
0000
1000
0000
1000
,  // measure 29
1000
0000
0100
0000
0010
0000
0001
0000
1100
0000
0101
0000
0110
1000
0001
0000
,  // measure 30
2001
0000
3010
0110
0000
0001
0000
0001
,  // measure 31
0001
0000
0010
0000
0100
0000
1000
0000
0011
0000
1010
0000
0001
1000
0001
0000
,  // measure 32
0120
0000
0031
1001
0000
0010
0000
0010
,  // measure 33
0010
0000
1000
0000
0001
0000
0100
0000
0011
0000
1010
0000
0001
0010
0100
0000
,  // measure 34
0210
0000
1300
1001
0000
0100
0000
0100
,  // measure 35
0100
0001
1000
0010
1100
0001
1001
0010
,  // measure 36
0011
1100
0101
1100
0110
0000
1001
0010
,  // measure 37
1010
0101
1100
0101
0110
0000
1001
0100
,  // measure 38
1010
0101
1100
0101
0110
0000
0110
1000
,  // measure 39
1010
1100
0011
0101
0011
0000
0110
0001
,  // measure 40
0011
0101
1010
1100
1010
0000
0110
0100
,  // measure 41
0110
0000
0010
0000
1001
0000
0110
0000
1001
0000
0000
0000
1001
0000
1000
0010
,  // measure 42
0100
0000
0010
0100
0001
0000
0101
0000
0011
0000
0101
0000
0001
0010
0100
0000
,  // measure 43
0010
0100
1000
0000
1100
0000
1010
0000
1100
0000
1010
0000
1001
0000
1000
0100
,  // measure 44
1000
0000
1000
0100
1000
0000
0001
0000
0010
0000
0011
0000
0000
0000
1010
0000
,  // measure 45
0000
0000
0010
0100
0001
0000
1000
0010
0100
0001
0010
0000
1001
0000
0001
0100
,  // measure 46
0001
0000
0001
0100
0001
0000
1000
0000
0010
0000
1010
0000
0000
0000
0011
0000
,  // measure 47
0000
0000
0010
0100
1000
0000
0001
0010
0100
1000
0010
0000
1001
0000
0010
0100
,  // measure 48
0010
0000
0010
0100
0010
0000
1001
0000
0110
0000
1001
0000
0000
0000
0110
0000
,  // measure 49
0000
0000
1000
0001
1000
0000
0110
0000
0001
1000
0001
0000
1010
0000
0010
0100
,  // measure 50
0001
0000
1000
0010
0100
0000
0001
0100
0010
0000
0110
0000
1001
0000
0011
0000
,  // measure 51
0010
0100
1000
0000
0001
0010
0100
0000
1000
0100
0010
0000
1001
0000
0100
0000
,  // measure 52
1010
0100
0001
0010
0100
0000
1001
0010
,  // measure 53
0110
1000
0010
0100
0001
0000
1001
0100
,  // measure 54
0101
0010
1100
0001
0010
0000
0110
1000
,  // measure 55
0011
0100
1010
0100
0001
0000
0101
0010
,  // measure 56
0110
1000
1010
1100
1001
0000
0110
0100
,  // measure 57
0101
0000
0010
0000
1010
0000
1100
0000
0101
0000
0000
0000
1001
0100
1000
0000
,  // measure 58
0110
0000
0100
0000
0101
0000
1100
0000
0101
0000
0110
0000
1001
0100
0001
0000
,  // measure 59
0110
0000
0100
0000
1100
0000
0101
0000
1100
0000
0110
0000
1001
0000
0010
0100
,  // measure 60
1000
0000
1100
0000
0100
1000
0010
0000
1010
0000
1000
0010
0100
0000
0110
0000
,  // measure 61
0010
0100
0001
0000
0101
0000
0100
0001
0010
0000
0011
0000
0001
0010
0100
0000
,  // measure 62
0110
0000
0010
0100
1000
0000
1100
0000
0100
1000
0001
0000
1001
0000
1000
0001
,  // measure 63
0100
0000
0101
0000
0001
0100
0010
0000
0110
0000
0100
0010
1000
0000
1010
0000
,  // measure 64
0010
1000
0100
0000
1100
0000
1000
0100
0010
0000
0110
0000
1001
0000
0000
0000
,  // measure 65
1100
0000
0101
0000
1100
0000
0101
0000
1100
0000
0101
0000
1001
0000
0001
0100
,  // measure 66
0010
0000
0110
0000
0100
0010
1000
0000
1010
0000
0010
1000
0100
0000
1100
0000
,  // measure 67
1000
0100
0010
0000
0110
0000
0100
0010
0001
0000
0101
0000
1001
0000
0000
0000
,  // measure 68
0110
0000
1001
0000
0110
0000
1001
0000
0101
0000
1100
0000
1001
0000
1000
0100
,  // measure 69
0010
0000
0110
0000
0100
0010
0001
0000
0001
0010
0100
0000
0110
0000
0000
0000
,  // measure 70
1100
0000
0101
0000
0011
0000
1010
0000
0011
0000
1010
0000
0110
0000
0100
0010
,  // measure 71
1000
0000
1010
0000
0010
1000
0100
0000
0100
1000
0010
0000
0110
0000
0000
0000
,  // measure 72
0110
0000
1001
0000
0011
0000
1100
0000
1010
0000
0101
0000
1001
0000
1000
0100
,  // measure 73
0010
0000
0110
0000
0100
0010
0001
0000
0001
0010
0100
0000
0110
0000
0000
0000
,  // measure 74
1100
0000
0101
0000
1100
0000
0011
0000
0101
0000
0110
0000
1001
0000
1000
0010
,  // measure 75
0100
0000
0110
0000
0010
0100
0001
0000
0001
0100
0010
0000
0110
0000
1010
0000
,  // measure 76
0110
0000
1010
0000
0110
0000
0101
0000
1100
0000
0101
0000
1001
0000
0001
0010
,  // measure 77
0100
0000
0110
0000
0010
0100
1000
0000
1000
0100
0010
0000
0011
0000
1100
0000
,  // measure 78
0011
0000
0110
0000
1100
0000
0101
0000
1100
0000
0110
0000
1001
0000
0001
0100
,  // measure 79
0010
0000
0110
0000
0100
0010
1000
0000
1000
0100
0010
0000
1001
0000
0110
0000
,  // measure 80
1001
0000
0011
0000
1010
0000
0011
0000
1100
0000
0101
0000
1001
0000
1000
0100
,  // measure 81
0010
0000
0110
0000
0100
0010
0001
0000
0001
0100
0010
0000
0110
0000
0011
0000
,  // measure 82
1100
0000
0011
0000
1100
0000
1010
0000
0101
0000
1001
0000
0110
0000
0100
0010
,  // measure 83
1000
0000
0100
0010
0001
0000
0001
0010
0100
0000
0110
0000
1002
0000
0103
0010
,  // measure 84
1000
0110
0000
1001
0000
1000
0100
0010
0001
0100
0010
0000
2001
0000
3100
0010
,  // measure 85
0001
0110
0000
1001
0000
0001
0100
0010
1000
0100
0010
0000
1002
0000
0103
0010
,  // measure 86
1000
1001
0000
0110
0000
1000
0100
0010
0001
0100
0010
0000
2001
0000
3100
0010
,  // measure 87
0001
1000
0001
0100
1001
0000
0000
0000
0000
0000
0000
0000
0000
0000
0000
0000
;
