#TITLE:S.O.S;
#SUBTITLE:(The Tiger Took My Family);
#ARTIST:Dr.Jekyll;
#TITLETRANSLIT:;
#SUBTITLETRANSLIT:;
#ARTISTTRANSLIT:;
#CREDIT:;
#BANNER:sos-bn.png;
#BACKGROUND:sos-bg.png;
#LYRICSPATH:;
#CDTITLE:!jelloTitle.png;
#MUSIC:sos.mp3;
#OFFSET:-1.440;
#SAMPLESTART:35.154;
#SAMPLELENGTH:12.000;
#SELECTABLE:YES;
#BPMS:0.000=170.000;
#STOPS:;
#BGCHANGES:;
// cache tags:
#FIRSTBEAT:0.000;
#LASTBEAT:337.000;
#SONGFILENAME:Songs/All Songs/S O S/sos.sm;
#HASMUSIC:1;
#HASBANNER:1;
#MUSICLENGTH:122.128;
// end cache tags

//---------------dance-single - ----------------
#NOTES:
     dance-single:
     :
     Hard:
     12:
     1.000,1.000,1.000,0.360,0.852,817.000,250.000,44.000,0.000,0.000:  // measure 1
1100
0100
0010
0001
0011
0010
0100
1000
,  // measure 2
1100
0100
0010
0001
1001
0000
0110
0001
,  // measure 3
1001
0000
0000
0000
0011
0000
1000
0100
0010
0000
0000
0000
0011
0000
0100
0000
,  // measure 4
1100
0000
0001
0010
0001
0000
0010
0000
1001
0000
0000
0000
1010
0000
0100
0000
,  // measure 5
1010
0100
1001
0010
1001
0100
1001
0010
,  // measure 6
0101
0010
0101
0010
1010
0000
0110
0010
,  // measure 7
1010
0000
0000
0000
0000
0000
0000
0000
1100
0000
0000
0000
0001
0000
0010
0000
0100
0000
0000
0000
0000
0000
0000
0000
0000
0000
0000
0000
1000
0100
0010
0001
,  // measure 8
0010
0000
0100
0000
0010
0000
0100
0000
0010
0000
0000
0000
0000
0000
0001
0000
0010
0000
0100
0000
1000
0000
0100
0000
0010
0001
0010
0001
0010
0100
1000
0100
,  // measure 9
1000
0000
1000
0100
0000
0001
0010
0100
0010
0001
1000
0100
0010
0100
1000
0000
,  // measure 10
1001
0000
0100
0010
0000
0010
0100
0001
0010
0001
0010
0001
0010
0000
1000
0000
,  // measure 11
1001
0000
0010
0100
0000
0100
0010
1000
0100
1000
0100
1000
0100
0010
0001
0000
,  // measure 12
1001
0000
1000
0001
0000
0001
1000
0100
0010
0001
1000
0001
0010
0000
1100
0000
,  // measure 13
0011
0000
1000
0100
0000
0100
1000
0100
0010
0001
1000
0001
0010
0000
1000
0100
,  // measure 14
0000
0100
1000
0001
0010
0100
1000
0001
1000
0100
0010
0001
0010
0001
0010
0100
,  // measure 15
1001
0000
1000
0001
0000
0010
0100
1000
0001
0010
0100
1000
0100
0000
0100
1000
,  // measure 16
0000
0100
0010
0001
0100
0010
1000
0110
0000
0001
0010
0001
0010
0100
1000
0000
,  // measure 17
0201
0310
1001
0100
2001
3010
0101
0100
,  // measure 18
2010
3001
0101
0010
2002
3003
0100
0100
,  // measure 19
2001
3010
0101
0010
1002
0103
1001
0220
,  // measure 20
0330
0000
0100
0000
0110
0000
0000
0000
0110
0000
1001
0000
0110
0000
0010
0100
,  // measure 21
1002
0103
1001
0100
2001
3010
1010
0100
,  // measure 22
2001
3010
0101
0010
2020
3030
0001
0001
,  // measure 23
2010
0000
0000
0000
3100
0000
0000
0000
1001
0000
0000
0000
0010
0000
0000
0000
1002
0000
0000
0000
0103
0000
0000
0000
1010
0000
0000
0000
1000
0100
1000
0100
,  // measure 24
0010
0000
0001
0000
0010
0000
0001
0000
0010
0100
0010
0100
0010
0000
0001
0010
0001
0010
0100
0000
1000
0000
0001
0000
0100
0000
0010
0000
0001
0000
0100
0000
,  // measure 25
0011
0010
0110
0100
1100
0100
0010
0101
,  // measure 26
1001
1010
1100
0110
0101
1001
0110
1000
,  // measure 27
0110
0100
1100
0100
0101
0010
0100
0101
,  // measure 28
1001
1010
0110
0101
1001
1010
1001
0100
,  // measure 29
0011
0010
0110
0100
1100
0001
0010
1010
,  // measure 30
1001
0101
0011
1001
1010
1100
1001
0100
,  // measure 31
0110
0010
1010
1000
1100
0001
0010
0001
,  // measure 32
0102
0000
0103
0000
2100
0000
3100
0000
0201
0000
0301
0000
2002
0000
0000
3003
,  // measure 33
0110
0000
0010
0100
0000
1000
0100
0010
0100
1000
0001
0010
0100
0010
0001
0000
,  // measure 34
1001
0000
1000
0010
0000
0010
1000
0100
0010
0100
0010
0001
0010
0000
1000
0000
,  // measure 35
1001
0000
0100
0010
0000
1000
0100
0010
0001
0010
0001
0010
0001
0010
0100
0000
,  // measure 36
1001
0000
0100
0010
0000
0100
1000
0100
0010
0100
0010
0001
0010
0000
0110
0000
,  // measure 37
1001
0000
1000
0100
0000
0100
1000
0100
0010
0001
1000
0001
0010
0000
1000
0100
,  // measure 38
0000
0010
0001
1000
0100
0010
0001
1000
0001
0010
0100
0010
0100
0010
0001
0100
,  // measure 39
1001
0000
1000
0001
0000
0010
0100
1000
0001
0010
0100
1000
0100
0000
0100
1000
,  // measure 40
0000
0100
0010
0001
0100
0010
1000
0110
0000
1000
0100
1000
0100
0010
0001
0000
,  // measure 41
1000
0100
1000
0100
1000
0000
0100
0000
0100
1000
0000
1000
0100
0000
1000
0000
,  // measure 42
0001
0010
0001
0010
0001
0000
0001
0000
0001
0010
0000
0010
0001
0000
0001
0000
,  // measure 43
0100
0010
0100
0010
0100
0000
0100
0000
0100
0010
0000
0010
0100
0000
2002
0000
,  // measure 44
3003
0110
0101
0000
1001
1010
1001
0100
,  // measure 45
1000
0100
1000
0100
0010
0000
0001
0000
0001
0100
0000
0100
0001
0000
1000
0000
,  // measure 46
0100
1000
0100
1000
0100
0000
0010
0000
0010
0100
0000
0010
0100
0000
1001
0000
,  // measure 47
1000
0010
1000
0010
1000
0000
0100
0000
0001
0010
0000
0010
0001
0000
0001
0000
,  // measure 48
0010
0100
0010
0100
0010
0000
0100
0000
0010
0000
1001
0000
2002
0000
3003
0000
,  // measure 49
1100
0100
0110
0010
0011
0100
0010
1001
,  // measure 50
0101
1001
1010
1100
0110
1001
0101
0100
,  // measure 51
1100
0100
0101
0001
0011
0100
1000
0011
,  // measure 52
0101
1100
0101
1001
1010
0101
0011
1000
,  // measure 53
1010
0010
0011
0010
1010
0100
1000
1010
,  // measure 54
1001
0101
0110
1100
1010
0011
1001
0100
,  // measure 55
0110
0001
0110
1000
0110
0100
0100
1010
,  // measure 56
1001
0011
1010
1001
0101
0110
2002
3003
,  // measure 57
1100
0100
0010
0001
0011
0010
0100
1000
,  // measure 58
1100
0100
0010
0100
1100
0000
0000
0100
,  // measure 59
0110
0000
0000
0000
0000
0000
0100
0010
1001
0000
0000
0000
0000
0000
0100
0000
,  // measure 60
1001
0000
1000
0100
1000
0000
0010
0000
2002
0000
3003
0000
0010
0000
0100
0000
,  // measure 61
1001
0100
1010
0001
0022
0033
1010
0100
,  // measure 62
1001
0010
1010
0100
2002
3003
0100
0100
,  // measure 63
0101
0010
1001
0100
2002
3003
1001
1010
,  // measure 64
1100
0000
1001
0101
0011
1000
0100
0001
,  // measure 65
1100
0100
0110
0010
0011
1000
1000
0101
,  // measure 66
0110
0101
1010
0101
0011
0101
1001
0100
,  // measure 67
1001
0001
0011
0010
0110
1000
1000
0101
,  // measure 68
1001
1010
1100
1001
0101
1001
0110
1000
,  // measure 69
0011
0010
0110
0100
1100
1000
1000
1001
,  // measure 70
0101
0110
1001
0101
1001
1010
0110
0001
,  // measure 71
1010
1000
1100
0100
0101
0010
0100
0001
,  // measure 72
2010
0000
3010
0000
0012
0000
0013
0000
1020
0000
1030
0000
2002
0000
0000
3003
,  // measure 73
0110
0010
0011
0010
0110
1000
1000
0101
,  // measure 74
1001
1010
0110
0101
1001
1010
0011
0100
,  // measure 75
1010
0010
0110
0100
1100
0001
0001
1010
,  // measure 76
1001
0000
0101
0000
0011
0000
1001
0000
1010
0000
0110
0000
2002
0000
0000
3003
,  // measure 77
0100
0000
1000
0100
0000
0001
0010
0100
0010
0001
1000
0100
0010
0100
1000
0000
,  // measure 78
1001
0000
0100
0010
0000
0010
0100
0001
0010
0001
0010
0001
0010
0000
1000
0000
,  // measure 79
1001
0000
0010
0100
0000
0100
0010
1000
0100
1000
0100
0010
0100
1000
0100
0000
,  // measure 80
0101
0000
1000
0001
0000
0001
1000
0100
0010
0001
1000
0001
0010
0000
1100
0000
,  // measure 81
0011
0000
1000
0100
0000
0100
1000
0100
0010
0001
1000
0001
0010
0000
1000
0100
,  // measure 82
0000
0100
1000
0001
0010
0100
1000
0001
1000
0100
0010
0001
0010
0001
0010
0100
,  // measure 83
1001
0000
1000
0001
0000
0010
0100
1000
0001
0010
0100
1000
0100
0000
0100
1000
,  // measure 84
0000
0100
0010
0001
0100
0010
1000
0110
0000
0001
0010
0001
0010
0100
1000
0000
,  // measure 85
2002
3003
0000
0000
;
