#TITLE:Ub3R R4vE;
#SUBTITLE:;
#ARTIST:Rage;
#TITLETRANSLIT:;
#SUBTITLETRANSLIT:;
#ARTISTTRANSLIT:;
#CREDIT:;
#BANNER:uberrave-bn.png;
#BACKGROUND:uberrave-bg.png;
#LYRICSPATH:;
#CDTITLE:!joe.png;
#MUSIC:rage_Ub3R-R4vE!.mp3;
#OFFSET:-0.040;
#SAMPLESTART:90.500;
#SAMPLELENGTH:12.000;
#SELECTABLE:YES;
#BPMS:0.000=175.000;
#STOPS:;
#BGCHANGES:;
// cache tags:
#FIRSTBEAT:0.000;
#LASTBEAT:388.000;
#SONGFILENAME:Songs/All Songs/Uber Rave/uberrave.sm;
#HASMUSIC:1;
#HASBANNER:1;
#MUSICLENGTH:133.075;
// end cache tags

//---------------dance-single - ----------------
#NOTES:
     dance-single:
     :
     Hard:
     12:
     1.000,1.000,0.526,0.090,1.000,1060.000,70.000,12.000,0.000,0.000:
1001
0001
0100
0001
1000
0010
1010
0100
,
0001
1000
0100
1000
0110
0001
1000
0001
,
0100
0010
1100
0001
1000
0001
1100
0100
,
0010
0100
1000
0001
1000
0100
0010
0001
0010
0100
1000
0001
1000
0010
0100
0001
,
1000
0001
0100
0010
1100
1000
0001
0100
,
1010
1000
0001
1000
0011
0001
1000
0010
,
1001
0100
0010
1000
1001
0001
1100
0001
,
0100
0001
0100
0010
0100
0001
0100
0010
0100
0001
0010
0100
1000
0001
1000
0001
,
0020
0000
0000
0000
0000
0030
0001
0010
,
0101
1000
1100
0110
,
0012
0000
0000
0000
0000
0003
0001
0000
,
2100
0000
0000
0000
0000
3000
1001
0000
,
0110
0000
0000
0000
0000
0000
1000
0100
,
0010
0101
1010
1001
,
0001
0100
0010
1000
0001
1000
0100
0010
0001
1000
0010
0100
0010
1000
0001
0100
,
0010
1000
0001
0010
0100
1000
0001
1000
0100
0010
0001
0100
0010
1000
0001
0100
,
0010
1000
1100
0001
0100
0010
1010
1000
,
0001
0100
0101
0010
0100
0001
1100
0100
,
1000
0001
0110
0010
0100
0001
0110
0001
,
1000
0100
0010
0001
1000
0100
0010
0001
1000
0100
0010
0001
1000
0010
0100
0001
,
1000
0100
0010
0001
1001
0010
0110
0001
,
0100
0001
1100
0001
0110
1000
0100
0010
,
1001
1000
0010
0100
1010
0010
0101
0001
,
1000
0001
1000
0010
1000
0001
1000
0010
1000
0001
1000
0100
0010
0001
1000
0001
,
0100
0000
0000
0000
0001
1000
0001
0100
0010
0100
0001
1000
0100
0010
0001
0000
,
0000
0000
1000
0001
0100
0010
1000
0001
1000
0000
0000
0000
0001
0100
0001
0000
,
1000
0010
1000
0010
0100
0001
0100
0001
1000
0001
0010
0100
1000
0001
1000
0100
,
0010
0100
1000
0001
0010
0100
1000
0001
1000
0100
0010
0001
1000
0100
1000
0001
,
0100
0001
0100
0010
1000
0001
0010
0001
1000
0010
0100
0001
0010
0100
1000
0001
,
1000
0100
0010
0001
1000
0100
0010
0001
1000
0001
0010
0100
1000
0001
0010
0100
,
1000
0001
0010
0001
1000
0100
1000
0010
0100
0001
1000
0010
0100
0001
1000
0010
,
0100
0001
1000
0001
0010
0100
1000
0010
0100
0010
1000
0001
1000
0010
0100
0001
,
1000
0001
1100
0001
0100
0010
0110
0001
,
1000
0001
0101
0001
1000
0010
0110
0100
,
0001
1000
1100
0001
1100
0010
1001
0100
,
0001
0010
0100
1000
0001
0010
0100
1000
0010
0100
0001
0100
0010
1000
0001
0010
,
0100
1000
0001
1000
0110
0001
1000
0010
,
0101
0010
0100
0001
1010
0001
1000
0001
,
0110
1000
0001
1000
1100
0001
0100
0010
,
0100
0001
1000
0010
1000
0001
0100
0001
1000
0010
0100
0001
1000
0010
1000
0001
,
0200
0000
0000
0300
,
0002
0000
0000
0003
,
2000
0000
0000
3000
,
0020
0000
0000
0030
,
1000
0001
1100
0001
1000
0001
0011
0100
,
0001
1000
0110
0001
1000
0010
0110
1000
,
0001
1000
1001
0100
0010
0100
0011
1000
,
0001
0010
0100
0000
0001
1000
0000
0010
0100
0000
0001
1000
0010
1000
0001
0010
,
0100
1000
0001
1000
0110
0001
1100
0001
,
0010
0100
1000
0100
0011
0001
1100
1000
,
0010
0100
0001
0100
1010
0100
0011
1000
,
0001
0100
0010
0100
0101
0100
1010
0100
,
0002
0000
0000
0003
,
2000
0000
0000
3000
,
0020
0000
0000
0030
,
0200
0000
0000
0300
,
0001
0010
0101
0000
1000
0010
1010
0000
,
0001
0010
0100
1000
0100
0010
0001
0010
,
1001
0000
0001
0000
1000
0000
0001
0010
,
0100
0010
0001
1000
0001
0000
1000
0001
0000
0100
0001
0000
0001
0010
0100
1000
,
0001
1000
0011
0000
1000
0010
1010
0000
,
0100
0010
0110
1000
0001
0010
1100
0001
,
1000
0010
1100
1000
0001
0010
0011
0100
,
0001
1000
0001
0010
0100
1000
1001
0100
,
0001
0100
0010
1000
0001
0010
0100
1000
0001
1000
0010
0100
0001
1000
0100
0010
,
0001
1000
0001
0100
0010
1000
0001
0100
0010
1000
0001
0100
0010
1000
0001
1000
,
0010
0100
0001
1000
0010
0100
0001
0100
0010
1000
0001
0100
0010
0100
0001
1000
,
0010
1000
0001
0100
0010
1000
0001
1000
0010
0100
0001
1000
0010
0100
0001
1000
,
0010
0100
0001
1000
0100
0010
0001
0010
0100
1000
0001
0100
0010
1000
0001
1000
,
0010
0100
0001
1000
0010
0100
0001
1000
0010
0100
0001
1000
0010
0100
0001
1000
,
0100
1000
0010
0100
0001
0010
0001
0100
0010
1000
0100
1000
0010
0100
0001
1000
,
0100
0010
0001
1000
0001
1000
0010
0100
0001
1000
0100
0010
0001
0100
0010
1000
,
0001
1000
0010
0100
0001
1000
0010
0100
0001
1000
0010
0100
0001
1000
0001
0010
,
0001
1000
0001
0100
0001
1000
0010
0100
0001
1000
0010
0100
0001
1000
0001
1000
,
0010
0100
0001
1000
0010
0100
0001
1000
0010
0100
0001
1000
0010
0100
0001
0100
,
0001
1000
0100
0010
0001
1000
0010
0100
0001
1000
0100
0010
0001
1000
0010
0100
,
0001
1000
0010
0100
0001
1000
0010
0100
0001
1000
0010
0100
0001
0100
0001
0010
,
0100
1000
0010
0100
0001
0010
0100
1000
0010
0100
0001
0010
0100
1000
0010
0100
,
0001
0100
0010
0100
0001
1000
0100
0010
0001
0100
0010
0100
0001
1000
0100
0010
,
0001
0100
0010
0100
0001
1000
0100
0010
0001
0010
0100
1000
0001
0100
0010
1000
,
0010
1000
0001
0100
0010
1000
0001
0010
0001
0100
0010
1000
0010
1000
0001
0100
,
0010
1000
0001
0010
0001
0100
0010
1000
0100
1000
0001
1000
0010
0100
0001
1000
,
0100
0010
0001
0100
0010
0100
0001
0010
0001
1000
0100
0010
0001
1000
0100
1000
,
0001
0100
0001
1000
0010
0100
0001
0010
0001
1000
0100
1000
0001
0100
0010
1000
,
0001
0010
0001
0100
0001
1000
0001
0100
0010
1000
0001
1000
0100
0010
0001
0010
,
0100
1000
0001
1000
0010
0100
0001
1000
0010
0100
0001
1000
0010
0100
0001
0010
,
0100
1000
0001
1000
0010
0100
0010
1000
0001
0010
0100
1000
0001
0100
0010
0100
,
0001
0010
0001
1000
0010
0100
0001
1000
0010
0100
0001
1000
0010
0100
0010
1000
,
0001
0010
0100
1000
0001
0100
0010
1000
0001
0100
0010
1000
0100
1000
0001
0010
,
0001
1000
0100
0010
0001
1000
0010
0100
0001
0100
0001
1000
0100
0010
0001
0100
,
0010
1000
0001
1000
0001
0100
0010
1000
0100
1000
0010
0100
0001
0010
0001
1000
,
0010
0100
0001
1000
0010
0100
0001
1000
0100
0010
0001
1000
0010
0100
0001
0010
,
0100
0010
0001
1000
0010
0100
0001
1000
0100
1000
0001
0100
0010
1000
0010
0100
,
0001
0010
0100
1000
0001
0100
0010
1000
0010
0100
0001
0010
0001
1000
0010
1000
,
0001
0100
0010
1000
0001
0010
0100
1000
0001
0100
0010
1000
0100
0010
0001
1000
,
0010
0100
0001
0100
0010
1000
0001
0100
0010
1000
0001
0100
0010
1000
0001
1000
,
0002
0000
0000
0000
,
0003
0000
0000
0000
;
