#TITLE:VALENTI;
#SUBTITLE:;
#ARTIST:BoA;
#TITLETRANSLIT:;
#SUBTITLETRANSLIT:;
#ARTISTTRANSLIT:;
#CREDIT:;
#BANNER:VALENTI.PNG;
#BACKGROUND:VALENTI-bg.PNG;
#LYRICSPATH:;
#CDTITLE:Ray's Originals.png;
#MUSIC:VALENTI.mp3;
#OFFSET:0.000;
#SAMPLESTART:51.282;
#SAMPLELENGTH:12.000;
#SELECTABLE:YES;
#BPMS:0.000=104.000;
#STOPS:;
#BGCHANGES:;
// cache tags:
#FIRSTBEAT:3.833;
#LASTBEAT:124.021;
#SONGFILENAME:Songs/All Songs/VALENTI/VALENTI.sm;
#HASMUSIC:1;
#HASBANNER:1;
#MUSICLENGTH:72.127;
// end cache tags

//---------------dance-single - LIGHT----------------
#NOTES:
     dance-single:
     LIGHT:
     Easy:
     2:
     0.198,0.215,0.069,0.180,0.000,82.000,5.000,13.000,0.000,0.000:
0000
0000
0000
0000
,
0000
0000
0000
0000
,
1000
0000
0001
1000
,
0000
0001
0000
1000
,
0001
0010
0000
0100
,
0000
1000
0001
0100
,
0000
0010
1000
0001
,
0000
0010
0000
0100
,
0000
1000
0001
1000
,
0001
2000
0000
0000
,
0000
3000
0001
0000
1000
0000
0001
0000
,
0000
0010
0100
0001
,
0000
0010
1000
1001
,
0010
0000
1000
0001
,
1000
0000
0010
0100
,
0010
0000
0001
0010
,
0100
2002
0000
0000
,
3003
0000
0010
1000
,
0001
0010
0100
1000
,
1001
0010
0100
1000
,
0001
2000
0000
0000
,
3000
0010
0100
0010
,
0100
0000
0002
0000
0000
0003
2000
0000
,
0000
3000
0002
0000
0000
0003
0020
0000
,
0000
0030
0100
0000
1000
0000
0001
0000
,
1001
0010
0100
1000
,
0001
0000
0020
0000
0000
0030
0200
0000
,
0000
0300
0002
0000
0000
0003
2000
0000
,
0000
3000
0001
0000
1000
0000
0001
0000
,
1001
1000
0001
1000
,
0001
2000
0000
0000
,
3000
0000
0000
0000
;

//---------------dance-single - STANDARD----------------
#NOTES:
     dance-single:
     STANDARD:
     Medium:
     5:
     0.339,0.344,0.139,0.194,0.000,147.000,10.000,14.000,0.000,0.000:
0000
0000
0000
0000
,
0000
0000
0000
0000
,
1000
0000
0001
0000
1000
0100
1000
0000
,
0010
0002
0003
2000
,
3000
0002
0003
0010
,
0100
0000
1000
0000
0100
0001
0100
0000
,
0010
0000
0100
0000
1000
0100
0001
0000
,
0010
0000
0100
0000
0001
0000
0001
1000
,
0001
0000
1000
0001
1000
0000
0010
0000
,
0100
0000
1000
0000
0001
1000
0001
1000
,
0001
0000
0010
0000
0001
1000
0001
1000
,
0001
0000
0010
0000
0010
0100
0010
0100
,
0010
0000
0100
1000
0001
1000
0100
0010
,
0100
0000
1000
0000
0001
1000
0001
1000
,
0001
0000
0010
0000
0100
1000
0100
1000
,
0100
0000
0010
0000
0001
0100
0001
0100
,
0001
0000
0010
0100
1000
0100
0010
0000
,
0001
0000
1000
0000
0001
1000
0100
0010
,
0001
0000
0010
0000
0100
1000
0001
0010
,
0100
0000
2000
0000
0000
3000
0100
0001
,
0100
0010
2002
0000
0000
0000
0000
0000
,
3003
0000
1000
0001
0010
0100
1000
0000
,
0001
0000
0010
0000
1000
0001
1001
0000
,
0001
1000
1001
0000
0100
0010
2002
0000
,
3003
0000
0010
0000
0100
1000
1100
0000
,
0010
0001
0011
0000
1000
0000
1002
0000
,
1003
0000
0010
0000
0100
1000
1100
0000
,
0010
0001
0101
0000
0010
0100
2002
0000
,
0000
3003
0010
0000
0100
1000
0100
0000
,
0001
0100
0001
0000
0010
0000
0200
0000
,
2300
3002
0000
1000
,
1000
0003
0000
0000
0000
0000
0000
0000
0000
0000
0000
0000
0000
0000
0000
0000
0000
0000
0000
0000
0000
0000
0000
0000
0000
0000
0000
0000
0000
0000
0000
0000
0000
0000
0000
0000
0000
0000
0000
0000
0000
0000
0000
0000
0000
0000
0000
0000
0000
0000
0000
0000
0000
0000
0000
0000
0000
0000
0000
0000
0000
0000
0000
0000
0000
0000
0000
0000
0000
0000
0000
0000
0000
0000
0000
0000
0000
0000
0000
0000
0000
0000
0000
0000
0000
0000
0000
0000
0000
0000
0000
0000
0000
0000
0000
0000
0000
0000
0000
0000
0000
0000
0000
0000
0000
0000
0000
0000
0000
0000
0000
0000
0000
0000
0000
0000
0000
0000
0000
0000
0000
0000
0000
0000
0000
0000
0000
0000
0000
0000
0000
0000
0000
0000
0000
0000
0000
0000
0000
0000
0000
0000
0000
0000
0000
0000
0000
0000
0000
0000
0000
0000
0000
0000
0000
0000
0000
0000
0000
0000
0000
0000
0000
0000
0000
0000
0000
0000
0000
0000
0000
0000
0000
0000
0000
0000
0000
0000
0000
0000
0000
0000
0000
0000
0000
0000
0000
0000
0000
0000
0000
0000
;

//---------------dance-single - HEAVY----------------
#NOTES:
     dance-single:
     HEAVY:
     Hard:
     7:
     0.430,0.387,0.277,0.139,0.180,187.000,20.000,10.000,0.000,0.000:
0000
0000
0000
0000
0000
0000
0000
0000
0000
0000
0000
0000
0000
0000
0000
0000
0000
0000
0000
0000
0000
0000
0000
1000
,
0010
0110
1001
0000
0000
0000
0000
0000
,
1000
0000
0000
0000
0001
0000
0000
0000
1000
0000
0100
1000
0100
0000
0000
0000
,
0010
0000
0000
0000
0001
0000
0000
1000
0100
0000
0000
0000
0010
0000
0000
0001
,
0100
0000
0000
0000
0010
0000
0000
1000
0100
0000
0000
0000
0010
0000
0000
0000
,
0100
0000
0000
0000
1000
0000
0000
0001
0000
0000
0001
1000
0001
0000
0000
0000
,
0010
0000
0000
0000
0100
0000
0000
0100
0000
0000
1000
0100
1000
0000
0000
0000
,
0001
0000
1000
0001
1000
0100
1000
0001
,
1000
0001
0100
0001
1000
0001
0100
0000
,
1100
0000
0000
0000
0000
0000
2002
0000
0000
0000
0000
0000
0000
0000
0000
0000
0000
0000
3003
0000
0000
0000
0000
0001
,
0100
0000
0000
0000
0000
0101
0000
0000
0000
0000
0000
0000
0000
0000
0000
0000
1000
0000
0000
0000
0100
0000
0000
0000
1000
0000
0100
0000
0000
0000
0000
0000
,
0010
0000
0000
0000
0000
0000
0001
0100
0001
0100
0000
0000
0000
0001
0100
0000
,
0001
0100
0010
0100
1000
0100
0001
0100
,
0010
0000
0100
0000
0000
0000
1000
0100
1000
0100
0010
0000
0001
0000
0010
0000
,
0100
0000
0000
0000
1000
0000
0001
0000
1000
0000
0100
0000
1000
0100
0000
0000
,
0010
0000
0001
0000
0010
0100
1000
0100
,
0001
1000
0001
1000
0001
1000
2002
0000
,
3003
0000
0000
0000
1000
0000
0100
0010
0000
0000
0001
0000
0010
0000
0100
0000
,
1000
0000
0000
0000
0100
0000
0010
0100
0000
0001
0000
1000
0000
0010
0100
0000
,
1000
0000
2001
0000
0000
0000
3100
0010
,
0001
0000
1000
0000
1002
0000
0000
0000
0000
0000
0000
0000
0000
0000
0000
0003
,
0000
0000
0000
0000
0010
0000
0100
0001
0000
0000
0100
0000
0110
0000
0000
0000
,
1001
0000
1000
0001
1000
0100
1000
0001
,
1000
0100
1000
0001
1000
0100
2002
0000
,
0000
3003
0001
1000
0001
0100
0001
1000
,
0001
0100
0001
1000
0010
0100
0110
0000
,
1001
0000
1001
0000
0010
0100
0010
0100
,
1000
0100
0010
0100
1000
0100
2002
0000
,
0000
3003
0010
0100
1000
0100
0001
0100
,
1000
0010
0001
1000
0100
0010
1001
0000
,
0110
0000
0000
0000
0000
0000
1001
0000
0000
0000
0000
0000
0110
0000
0000
1001
0000
0000
0001
0000
0010
0000
0100
0000
,
1000
0000
0000
0000
;
