#TITLE:Death Moon;
#SUBTITLE:;
#ARTIST:SHK.o2SE;
#TITLETRANSLIT:;
#SUBTITLETRANSLIT:;
#ARTISTTRANSLIT:;
#CREDIT:;
#BANNER:DeathMoon-bn.png;
#BACKGROUND:DeathMoon-bg.png;
#LYRICSPATH:;
#CDTITLE:!tank101title.png;
#MUSIC:Death Moon.mp3;
#OFFSET:-0.060;
#SAMPLESTART:37.500;
#SAMPLELENGTH:12.000;
#SELECTABLE:YES;
#BPMS:0.000=160.000,140.000=150.000,141.000=145.000,142.000=140.000,142.500=140.000,143.000=135.000,144.000=130.000,145.000=125.000,145.500=125.000,146.000=120.000,151.000=160.000;
#STOPS:;
#BGCHANGES:;
// cache tags:
#FIRSTBEAT:0.000;
#LASTBEAT:415.000;
#SONGFILENAME:Songs/All Songs/Tank 101 - Death Moon/DeathMoon.sm;
#HASMUSIC:1;
#HASBANNER:1;
#MUSICLENGTH:161.854;
// end cache tags

//---------------dance-single - ----------------
#NOTES:
     dance-single:
     :
     Hard:
     11:
     1.000,1.000,0.822,0.167,1.000,1047.000,133.000,27.000,0.000,0.000:  // measure 1
1001
0010
0001
0020
0000
0000
0000
0030
,  // measure 2
1001
0011
1010
1001
,  // measure 3
0101
0010
1000
0002
0000
0000
0000
0003
,  // measure 4
1010
0011
0110
0101
,  // measure 5
2010
0000
0010
0000
0010
0000
0010
3000
,  // measure 6
1001
0011
0110
1001
,  // measure 7
1001
0010
1000
0010
1000
0010
1000
0010
,  // measure 8
1001
0000
0010
0000
0101
0000
1000
0000
0110
1000
0001
1000
0001
1000
0001
1000
,  // measure 9
0220
0000
0000
0000
0000
0000
0000
0330
,  // measure 10
1002
0000
0100
0000
1003
0000
0010
1000
0020
0000
1000
0000
0130
0000
1000
0001
,  // measure 11
2000
0000
0010
0000
3001
0000
0010
1000
0002
0000
0010
0000
1003
0000
0100
1000
,  // measure 12
0020
0000
1000
0000
0130
0000
0001
0010
0200
0000
0010
0000
0301
0000
0010
0100
,  // measure 13
1000
0000
1000
0001
1000
0000
1000
0010
1000
0000
1000
0100
1000
0000
1000
0001
,  // measure 14
0120
0000
1000
0000
0130
0000
0010
0001
2000
0000
0001
0000
3010
0000
0011
1000
,  // measure 15
0012
0000
1000
0000
0103
0000
0010
0001
2000
0000
0010
0000
3001
0000
0010
0100
,  // measure 16
1002
0000
0010
0000
0103
0000
1000
0010
0200
0000
0010
0000
0301
0000
1010
0001
,  // measure 17
1020
0000
1000
0000
0130
0000
1000
0001
1000
0000
0010
1000
0010
1000
0010
1000
,  // measure 18
0101
1000
0100
0001
0000
1000
0100
0001
,  // measure 19
0010
0100
1000
0001
0000
0010
0100
0001
,  // measure 20
0100
0010
1000
0100
0000
0010
1000
0001
,  // measure 21
0001
0100
1000
0001
0001
0010
0100
0001
,  // measure 22
1001
0000
0001
1000
0001
0000
1000
0001
1000
0000
0001
0100
0001
0000
1000
0010
,  // measure 23
1000
0000
0001
0010
0001
0000
1000
0100
1000
0000
0010
1000
0010
0000
0100
0001
,  // measure 24
0100
0000
0001
0010
0100
0000
1000
0100
0010
0000
1000
0001
0100
0000
0010
0100
,  // measure 25
0001
0010
0100
0001
0001
0010
0100
0001
,  // measure 26
1001
0010
0101
0010
0011
1000
0110
0100
,  // measure 27
1001
1000
1010
0001
1100
0010
1001
0100
,  // measure 28
1100
0001
0110
0010
1001
0100
1010
1000
,  // measure 29
0011
0010
0101
0100
0110
0001
1100
0010
,  // measure 30
1001
0000
0010
1000
0100
0000
0001
0100
0010
0000
0010
0100
0001
0000
0010
0100
,  // measure 31
1000
0000
0100
0010
0001
0000
1000
0010
0100
0000
0001
0010
0100
0000
1000
0001
,  // measure 32
1000
0000
1000
0010
1000
0000
1000
0100
1000
0000
1000
0010
0100
0000
0010
0100
,  // measure 33
1001
0010
0100
0001
0001
0010
0100
0001
,  // measure 34
1100
1000
0010
1000
0100
1000
0001
1000
,  // measure 35
0010
0100
0001
0100
0010
0001
0010
0100
,  // measure 36
1000
0100
0010
0001
0010
1000
0010
0001
,  // measure 37
1000
0001
0100
0010
0100
0010
0001
0020
,  // measure 38
0000
0030
0000
0000
0000
0000
2002
0000
,  // measure 39
0000
0000
0000
0000
,  // measure 40
0000
0000
0000
0000
0000
3003
0110
0000
,  // measure 41
1001
0000
0000
0000
0110
0000
0000
0000
0101
0000
0000
0000
1001
0010
0100
1000
,  // measure 42
0001
1000
0001
0100
0010
1000
0100
0010
0001
0010
0100
1000
0011
0100
0001
1000
,  // measure 43
0010
1000
0001
0100
0001
0010
0100
1000
0001
1000
0010
0100
1001
0100
0001
0100
,  // measure 44
0010
1000
0010
0100
0001
0010
0001
0100
0001
1000
0010
0100
1001
0010
0100
1000
,  // measure 45
0100
0010
0001
1000
0001
1000
0100
1000
0010
1000
0010
0100
1001
0100
0010
0100
,  // measure 46
1000
0100
0010
0001
0010
0100
1000
0010
0100
0001
1000
0001
1100
0010
1000
0001
,  // measure 47
0010
0100
1000
0010
0100
0001
0010
0100
1000
0100
0010
0001
1100
0001
1000
0010
,  // measure 48
1000
0010
0100
0001
1000
0100
0010
0001
0100
0010
1000
0001
1010
0001
0100
0010
,  // measure 49
1000
0100
0010
0001
0010
0100
1000
0010
0100
0001
1000
0010
1100
0001
1000
0001
,  // measure 50
1000
0010
1000
0100
0010
0001
1000
0010
0100
0001
1000
0001
1100
0010
0100
0001
,  // measure 51
0010
0001
0100
0001
1000
0100
1000
0010
0100
0001
0010
0100
1010
0001
0010
0100
,  // measure 52
1000
0001
0100
0010
1000
0100
0010
0001
1000
0010
0100
0001
0110
0001
1000
0010
,  // measure 53
1000
0001
0010
0001
1000
0001
1000
0010
1000
0001
0100
0010
1001
0100
0010
0001
,  // measure 54
0010
0100
1000
0001
0100
0010
1000
0001
0010
0001
1000
0100
1010
0001
1000
0001
,  // measure 55
0100
0010
1000
0100
0010
0001
0010
0100
1000
0010
1000
0001
1100
0010
1000
0001
,  // measure 56
0010
0100
1000
0001
0010
0100
1000
0100
0010
0001
1000
0100
1010
0001
1000
0010
,  // measure 57
0100
0001
1000
0001
0100
0010
1000
0001
1000
0010
0100
0010
1001
0000
0000
0000
,  // measure 58
0110
0000
1001
0000
0110
0000
1001
0010
,  // measure 59
0101
1000
0110
0010
0101
1000
0110
1000
,  // measure 60
1001
0100
0101
1000
0011
0100
1001
0100
,  // measure 61
1010
0000
0001
0000
0011
0000
0010
0000
0110
0000
1000
0000
0001
1000
0001
1000
,  // measure 62
0001
1000
0001
1000
0001
1000
0001
1000
0001
1000
0001
1000
0110
0000
0001
0010
,  // measure 63
0100
0000
0010
0100
1000
0000
0100
0010
0100
0000
1000
0001
0100
0000
0010
1000
,  // measure 64
0100
0000
0001
1000
0010
0000
0010
0100
0001
0000
0010
0100
1000
0010
1000
0010
,  // measure 65
1000
0010
1000
0010
1000
0010
1000
0010
1000
0010
1000
0010
1001
0000
0110
0000
,  // measure 66
0011
1100
1001
0101
0110
1001
1010
0010
,  // measure 67
0001
0000
0010
0000
0100
0000
0100
0000
0010
0000
1100
0010
1100
0000
0100
0000
,  // measure 68
0010
0100
1000
0010
0101
1000
0110
1000
,  // measure 69
0100
0000
0001
0000
0010
0000
1000
0000
0010
0000
0110
1000
0110
0000
0010
0000
,  // measure 70
0100
0001
0010
0100
0110
1001
0000
0000
,  // measure 71
0000
0000
0000
2002
,  // measure 72
0000
0000
0000
0000
,  // measure 73
0000
0000
0000
0000
0000
3003
1001
0000
,  // measure 74
0020
0000
2000
0000
0000
3030
0101
0010
,  // measure 75
0100
0000
0010
0000
0001
0100
0000
0010
0100
0000
0100
0000
0010
0000
0001
0000
,  // measure 76
0100
0000
0010
0000
1000
0010
0000
0100
0001
0000
0100
0000
1000
0000
0010
0000
,  // measure 77
0100
0000
0001
0010
0000
0010
0000
0100
1000
0000
0010
0000
1000
0000
0010
0000
,  // measure 78
0100
0000
0001
0010
0000
0100
0000
1000
0100
0000
0010
0100
1001
0000
0100
0000
,  // measure 79
0010
0000
0001
0000
0100
0010
0000
0010
0100
0000
0010
0000
0001
0000
0010
0000
,  // measure 80
0100
0000
1000
0100
0000
0010
0000
0001
0100
0000
1000
0000
0010
0000
0001
0000
,  // measure 81
0010
0000
0001
0010
0001
0100
0001
1000
0001
1000
0010
1000
0110
0000
0010
0000
,  // measure 82
1000
0000
0010
0000
1001
0010
0100
1000
0001
0010
0100
1000
0110
1000
0001
1000
,  // measure 83
0010
0100
0001
1000
0100
0010
0001
0010
0100
1000
0001
0010
0101
1000
0010
1000
,  // measure 84
0001
0010
0100
1000
0010
1000
0100
1000
0001
0100
0010
1000
0011
0100
0001
0010
,  // measure 85
0100
1000
0100
0010
0001
1000
0001
1000
0010
0100
0001
1000
0011
0100
0001
0010
,  // measure 86
0100
1000
0001
0100
0010
1000
0001
1000
0001
0100
0001
1000
0011
1000
0001
1000
,  // measure 87
0100
0010
0001
1000
0010
0100
0001
0010
0100
1000
0010
1000
0011
0100
0010
1000
,  // measure 88
0100
0010
0100
1000
0010
1000
0001
0010
0100
1000
0001
0010
0101
1000
0001
1000
,  // measure 89
0001
0100
0010
1000
0100
0010
0001
0010
0100
1000
0010
0100
0011
1000
0010
1000
,  // measure 90
0001
0010
0001
0100
0010
1000
0100
1000
0001
0100
0001
1000
0101
0010
0100
1000
,  // measure 91
0010
0100
0001
1000
0001
1000
0010
0100
0001
0100
0010
1000
0101
0010
0001
0010
,  // measure 92
0100
1000
0001
0100
0010
1000
0001
0100
0001
0010
0001
1000
0011
0100
0001
0010
,  // measure 93
0100
1000
0100
0010
0100
1000
0001
1000
0001
0100
0010
1000
0101
0010
0100
1000
,  // measure 94
0001
1000
0010
1000
0001
0100
0010
1000
0100
0010
0001
0010
1100
0010
0001
1000
,  // measure 95
0010
0100
0001
1000
0010
0100
0001
1000
0100
0010
0001
0010
0101
1000
0001
0010
,  // measure 96
0100
1000
0010
1000
0001
0100
0001
0010
0001
1000
0010
0100
0011
1000
0100
0010
,  // measure 97
0001
1000
0001
1000
0010
0100
0001
0010
0100
1000
0010
0100
1001
0010
0100
1000
,  // measure 98
0001
0010
0100
1000
0100
0010
0001
1000
0100
0010
0001
0010
1001
0000
0000
0000
,  // measure 99
0010
1001
1001
1001
,  // measure 100
0010
1001
1001
2002
,  // measure 101
0000
0000
0000
0000
,  // measure 102
0000
0000
0000
0000
,  // measure 103
0000
0000
0000
0000
,  // measure 104
0000
0000
0000
0000
0000
3003
0110
0000
;
