#TITLE:Lonely;
#SUBTITLE:(Club Mix);
#ARTIST:Deep Spirit;
#TITLETRANSLIT:;
#SUBTITLETRANSLIT:;
#ARTISTTRANSLIT:;
#CREDIT:;
#BANNER:Lonely.png;
#BACKGROUND:LonelyBG.PNG;
#LYRICSPATH:;
#CDTITLE:!evilpeerTitle.png;
#MUSIC:Deep Spirit - Lonely (Original Club Mix).mp3;
#OFFSET:-0.060;
#SAMPLESTART:79.117;
#SAMPLELENGTH:12.000;
#SELECTABLE:YES;
#BPMS:0.000=140.000;
#STOPS:;
#BGCHANGES:;
// cache tags:
#FIRSTBEAT:0.000;
#LASTBEAT:375.000;
#SONGFILENAME:Songs/All Songs/eVILPeeR - Lonely (Original Club Mix)/lonely.sm;
#HASMUSIC:1;
#HASBANNER:1;
#MUSICLENGTH:164.695;
// end cache tags

//---------------dance-single - ----------------
#NOTES:
     dance-single:
     :
     Hard:
     12:
     1.000,1.000,1.000,0.364,0.379,825.000,503.000,60.000,0.000,0.000:  // measure 1
1001
0101
1001
1100
,  // measure 2
2002
0000
0000
0000
3003
0000
1100
0100
,  // measure 3
0011
0101
1000
1010
1100
1010
0001
0010
,  // measure 4
1010
0000
1100
0000
0010
0000
0011
0100
1010
0000
0010
0000
1010
0000
0110
0000
,  // measure 5
1100
0011
0100
0011
1001
0001
1000
0100
,  // measure 6
1001
0010
1001
1000
0011
0100
2100
3010
,  // measure 7
1001
0100
0010
1001
1010
1001
0100
0001
,  // measure 8
0101
0000
0110
0000
0001
0000
0101
0010
0110
0000
0100
0000
0101
0000
1001
0000
,  // measure 9
0110
1010
0001
0101
0101
1010
0100
0100
,  // measure 10
1010
0100
0110
0001
1010
0110
1100
0001
,  // measure 11
0101
0110
0010
0011
1001
1010
0100
1100
,  // measure 12
0110
0000
0011
0000
0100
0000
0011
0100
1001
0000
0110
0000
1100
0000
0110
0000
,  // measure 13
0011
1001
0010
1010
0101
1010
0100
1001
,  // measure 14
1010
1001
0110
0011
1010
1100
2100
3000
,  // measure 15
0110
1100
0001
0101
0101
0011
0100
0011
,  // measure 16
1010
0000
0101
0000
1000
0000
1100
0001
0110
0000
1001
0000
0011
0000
1010
0000
,  // measure 17
1001
0101
1000
0110
1001
1010
0001
1010
,  // measure 18
0101
0011
1100
1001
0110
0011
2100
3000
,  // measure 19
1010
1100
1001
0110
1010
1100
1001
0110
,  // measure 20
1010
0110
0011
0011
1100
1010
1100
0110
,  // measure 21
0011
1010
0100
0101
1000
0101
0100
1001
,  // measure 22
0001
0000
0011
0000
0001
0000
1010
0010
1001
0000
0101
0000
0101
0000
1001
0000
,  // measure 23
0011
0000
1100
0000
1100
0000
0101
0000
0101
0000
1001
0000
0011
0000
1001
1000
,  // measure 24
0110
0000
1001
0000
1001
0000
1100
0000
1100
0000
1001
0000
0110
0000
1001
0100
,  // measure 25
0010
0001
1000
0100
0010
0001
1000
0100
0010
0001
1000
0100
0010
0001
1000
0100
,  // measure 26
1000
0100
0010
1001
0000
0000
0001
0010
0100
1001
0000
0000
0100
1000
0100
0011
0000
0000
0010
0001
0010
1100
0000
0000
,  // measure 27
0002
0000
0000
0003
0200
0300
0020
0030
,  // measure 28
0002
0000
0000
0003
0000
0000
0002
0003
,  // measure 29
0002
0003
2000
3000
0200
0300
0020
0030
,  // measure 30
0002
0003
0002
0003
0020
0030
0200
0300
,  // measure 31
2000
0000
0000
3000
0020
0030
0200
0300
,  // measure 32
2001
0000
0010
0000
0001
0000
3010
0001
1000
0000
0100
0000
0102
0000
1003
0000
,  // measure 33
2100
0000
3010
0000
0102
0000
1003
0100
2010
0000
3100
0000
1002
0000
0103
0000
,  // measure 34
0012
0000
0103
0000
1002
0000
1003
0001
2001
0000
3100
0000
2001
0000
3100
0000
,  // measure 35
0102
0000
0010
0000
1000
0000
0013
0100
0012
0000
0103
0000
2100
0000
3000
0000
,  // measure 36
1002
0000
0010
0000
1000
0000
0013
0001
0010
0000
0100
0000
1020
0000
0130
0000
,  // measure 37
0120
0000
0030
0000
0210
0000
1300
0010
2100
0000
3010
0000
2100
0000
3010
0000
,  // measure 38
1020
0000
0130
0000
1020
0000
0130
0001
1020
0000
0130
0000
2001
0000
3000
0000
,  // measure 39
1002
0000
1003
0000
0210
0000
1300
0100
2010
0000
3100
0000
2001
0000
3000
0000
,  // measure 40
0102
0000
1000
0000
0100
0000
0013
0100
1000
0000
1000
0000
0102
0000
0003
0000
,  // measure 41
0012
0000
0013
0000
0102
0000
1003
0100
0012
0000
0103
0000
1002
0000
1003
0000
,  // measure 42
0102
0000
0010
0000
0100
0000
1000
0100
0010
0000
0100
0000
1000
0000
0103
0010
,  // measure 43
0100
0000
0100
1000
1000
0010
0100
0010
,  // measure 44
0110
0101
0110
1000
0110
1010
0011
0011
,  // measure 45
0110
0100
0110
0001
0110
1001
1001
1100
,  // measure 46
0011
0010
1000
1001
1100
0101
0110
0011
,  // measure 47
0101
0010
1010
0011
0011
1001
0101
1010
,  // measure 48
1001
1100
1001
1000
1100
0101
0011
1100
,  // measure 49
1100
0010
1100
1000
0110
0011
0011
1010
,  // measure 50
0110
0001
1000
0110
0101
0101
1010
0101
,  // measure 51
1010
0100
0100
0011
0001
1010
0010
0011
,  // measure 52
0101
0101
0110
1001
1001
1010
1010
0110
,  // measure 53
0101
1100
1001
1010
1010
0101
0110
0011
,  // measure 54
1100
1100
0100
0101
1010
0101
0110
0011
,  // measure 55
0101
0110
1001
1100
1001
1010
0011
1001
,  // measure 56
0110
0000
0101
0000
1100
0000
1001
0000
1100
0000
0110
0000
0110
0000
1010
0001
,  // measure 57
1100
0000
1100
0000
0110
0000
1001
0000
0011
0000
1001
0000
0101
0000
1001
0010
,  // measure 58
1001
0100
0011
0100
1000
0100
0011
0100
1010
0100
1001
0100
1010
0100
0011
0100
,  // measure 59
1010
0100
0010
0001
0000
0000
0101
0010
0100
1010
0000
0000
1010
0100
0010
1100
0000
0000
1001
0100
0010
1100
0000
0000
,  // measure 60
0002
0003
0100
0000
0002
0003
0100
0000
,  // measure 61
1001
0100
0010
0001
1001
0001
0010
0100
0110
0100
1000
0100
0110
0100
0010
0001
,  // measure 62
1001
0000
1010
1000
0101
0000
1010
0010
0101
0000
0101
0001
1010
0000
0101
0000
,  // measure 63
0011
0000
1100
1000
0011
0000
0101
0001
0110
0000
0101
0001
1100
0000
0110
0000
,  // measure 64
0110
0000
1010
0010
1001
0000
0101
0100
1010
0000
0101
0100
0011
0000
1010
0000
,  // measure 65
0110
0000
1100
1000
0110
0000
1010
0000
1010
0000
1010
0000
1100
0000
1010
0000
,  // measure 66
1001
0000
1010
0010
1010
0000
0101
0001
1010
0000
0110
0010
0101
0000
0110
0000
,  // measure 67
0110
0000
1001
1000
0101
0000
0011
0001
1100
0000
0110
0010
1001
0000
0101
0000
,  // measure 68
1100
0000
1001
1000
0011
0000
1100
0100
1001
0000
0011
0010
0101
0000
1001
0000
,  // measure 69
1010
0000
0011
0010
1100
0000
1000
0100
1001
0010
0001
0010
0101
1000
0100
0010
,  // measure 70
1100
0010
0101
0010
1100
0000
0011
0100
1010
0000
1010
0100
1001
0000
0110
0000
,  // measure 71
0011
0000
1100
0001
1010
0000
1100
0010
1100
0000
1010
0100
1010
0000
1100
0000
,  // measure 72
1010
0000
0101
1000
0101
0000
1001
0100
1010
0000
1001
0100
0011
0000
1010
0000
,  // measure 73
1001
0000
0101
0010
1100
0000
1001
0000
0110
0000
0011
0000
0110
0000
1100
0000
,  // measure 74
0011
0000
0011
0100
1010
0000
1001
0010
0101
0000
1010
0100
0011
0000
0011
1000
,  // measure 75
0110
0000
1100
0001
0110
0000
1001
0010
0101
0000
0011
0100
1010
0000
1010
0100
,  // measure 76
0001
0100
0001
0100
1010
0100
0001
0100
1010
0000
1000
1000
0101
0001
0010
0100
,  // measure 77
1001
0000
0010
0000
0100
0000
1001
0000
0000
0010
0000
0000
0101
0000
0010
0000
0001
0000
1100
0000
0000
0000
0000
0000
1001
0000
0100
0000
0010
0000
0101
0000
0000
0000
0000
0000
1001
0000
0010
0000
1000
0000
0110
0000
0000
0000
0000
0000
,  // measure 78
1010
0101
0010
1100
0101
1010
0100
0101
,  // measure 79
1001
0000
0011
0000
1000
0000
0110
0001
0110
0000
1010
0000
0011
0000
1010
0000
,  // measure 80
0011
1010
0010
1010
1001
0110
0001
0101
,  // measure 81
1010
0110
0010
0110
0101
0011
1100
1001
,  // measure 82
0110
0101
0100
0101
1100
0011
0010
1100
,  // measure 83
0110
0000
1010
0000
0010
0000
0110
0010
1100
0000
1100
0000
1001
0000
0110
0000
,  // measure 84
1010
0101
1000
0101
0110
1100
0001
1100
,  // measure 85
1001
0110
1010
1010
0110
1100
0101
0101
,  // measure 86
0101
1001
0010
1010
1001
1010
0001
0010
,  // measure 87
1001
0000
0110
0000
0100
0000
0110
0010
1100
0000
0100
0000
0101
0000
0101
0000
,  // measure 88
0101
0101
0010
1001
0110
0101
0001
0001
,  // measure 89
1001
0101
1000
1001
0110
1000
0011
0010
,  // measure 90
1010
0101
0010
0110
1010
0110
0001
0010
,  // measure 91
1001
0000
1010
0000
0010
0000
1100
0100
0011
0000
0010
0000
1100
0000
1010
0000
,  // measure 92
0110
1010
0100
0101
0101
1001
0010
0001
,  // measure 93
0101
0010
0100
0000
0002
0003
0010
0000
,  // measure 94
0002
0003
0010
0000
0002
0003
0010
0000
;
