#TITLE:Turkey March;
#SUBTITLE:;
#ARTIST:Banya;
#TITLETRANSLIT:;
#SUBTITLETRANSLIT:;
#ARTISTTRANSLIT:;
#CREDIT:;
#BANNER:TURKEY MARCH.png;
#BACKGROUND:TURKEY MARCH-bg.jpg;
#LYRICSPATH:;
#CDTITLE:!kilgacdtitle.png;
#MUSIC:07 - Turkey March.mp3;
#OFFSET:-5.950;
#SAMPLESTART:53.550;
#SAMPLELENGTH:12.600;
#SELECTABLE:YES;
#BPMS:0.000=150.000;
#STOPS:;
#BGCHANGES:;
// cache tags:
#FIRSTBEAT:0.000;
#LASTBEAT:226.000;
#SONGFILENAME:Songs/All Songs/Kilgamayan - Turkey March/Banya - Tukey March.sm;
#HASMUSIC:1;
#HASBANNER:1;
#MUSICLENGTH:101.650;
// end cache tags

//---------------dance-single - ----------------
#NOTES:
     dance-single:
     :
     Hard:
     11:
     1.000,1.000,1.000,0.000,1.000,616.000,283.000,0.000,0.000,0.000:  // measure 1
1001
0000
1001
0000
0001
0010
0100
1000
0110
0000
0110
0000
0001
1000
0001
1000
,  // measure 2
0011
0000
1100
0000
0010
0100
0010
0100
1010
0000
0101
0000
1000
0010
0100
0001
,  // measure 3
1010
0100
0001
0100
1001
0010
0001
0010
1100
0000
0000
0000
0011
0000
0110
0000
,  // measure 4
1010
0110
0101
1100
0011
1001
0110
0101
,  // measure 5
1100
0000
1010
0000
0011
0000
1001
0000
0110
0000
0000
0000
0100
0001
0100
0001
,  // measure 6
1100
0000
0011
0000
0010
1000
0010
1000
0110
0000
1001
0000
0100
0001
1000
0010
,  // measure 7
1001
0010
0100
1000
0101
0010
0100
1000
0011
0000
0000
0000
0110
0000
1001
0000
,  // measure 8
1100
0000
0011
0000
0101
0010
0100
0001
1010
0100
1000
0001
1100
0010
0001
0100
,  // measure 9
0011
1000
0100
0001
0110
0000
0101
0000
1001
0000
0000
0000
0101
0000
0110
0010
,  // measure 10
1010
0000
1010
0000
0011
1000
0110
0001
1100
0000
0000
0000
1100
0000
1001
0000
,  // measure 11
0011
0000
0011
0000
1010
0100
1001
0010
0101
0000
0000
0000
0011
0000
1010
0000
,  // measure 12
1100
0000
0101
0000
1001
0010
1001
0100
1001
0000
0000
0000
1100
0000
0011
0000
,  // measure 13
0101
0000
1010
0000
0110
1000
0110
0001
0110
0000
0000
0000
0011
0100
1000
0100
,  // measure 14
0011
0000
0000
0000
1100
0001
0010
0001
1100
0000
0000
0000
0101
0010
0100
1000
,  // measure 15
0110
0001
1000
0001
0110
0001
1000
0001
1010
0000
0000
0000
1100
0000
0110
0000
,  // measure 16
0011
0110
1100
1010
1100
0101
1010
0110
,  // measure 17
1001
0000
0000
0000
0110
0000
0000
0010
1001
0000
0110
0000
1000
0100
0010
0001
,  // measure 18
1000
0000
0001
0000
,  // measure 19
1010
0000
0011
0101
1010
0101
0011
1001
,  // measure 20
1100
0101
0110
1001
1010
1100
0011
0101
,  // measure 21
0110
0000
0011
0101
0110
1001
1010
0101
,  // measure 22
1100
0110
1001
0011
1001
0000
0110
1001
,  // measure 23
1010
0000
0110
1001
1010
1100
1001
0011
,  // measure 24
1010
0101
0110
0011
1100
0101
1010
0101
,  // measure 25
0011
0000
1010
0101
0011
0101
1001
0110
,  // measure 26
0011
0000
0101
0000
1001
0000
1010
0000
1100
0000
0011
0000
0100
0100
0100
0100
,  // measure 27
0110
0001
1000
0001
0100
0001
1000
0100
0010
0100
0001
1000
0100
0010
0001
0100
,  // measure 28
0010
0100
1000
0100
0010
0001
0100
0010
1000
0001
1000
0010
1000
0100
1000
0010
,  // measure 29
0001
0100
0010
1000
0100
0010
0100
0001
0010
0001
1000
0100
0010
0001
0010
0100
,  // measure 30
1000
0001
1000
0001
0010
0100
0010
0100
0001
1000
0010
0100
1001
0010
0100
0010
,  // measure 31
1100
0001
0010
0001
1000
0100
0010
0100
1001
0010
1000
0100
0001
0100
0010
1000
,  // measure 32
0101
0010
0100
1000
0100
0001
1000
0100
0011
1000
0001
0010
0001
0100
0001
0010
,  // measure 33
1100
0010
0001
0010
0100
1000
0100
0001
1010
0100
0001
1000
0010
1000
0100
0001
,  // measure 34
0110
1000
0001
0100
0010
1000
0010
0100
1001
0000
0110
0000
1001
0000
0010
0010
,  // measure 35
1100
0001
0010
0100
1000
0001
0100
1000
0011
0100
0010
0100
0001
1000
0001
0100
,  // measure 36
1010
0001
0010
0100
1000
0100
1000
0010
0101
1000
0010
0100
1000
0001
0100
0010
,  // measure 37
1001
0100
0010
0001
1100
0001
0100
1000
0110
1000
0001
0100
0011
0100
1000
0100
,  // measure 38
1001
0010
1000
0010
0101
1000
0100
0001
0110
0000
1001
0000
1010
0001
0100
0001
,  // measure 39
1010
0000
0101
0000
0011
0100
1000
0100
0011
0000
1100
0000
1001
0010
0100
0010
,  // measure 40
1100
0001
1000
0001
1100
0001
1000
0001
1010
0000
0000
0000
0110
0000
1001
0000
,  // measure 41
0011
1010
0110
0101
0011
1010
1100
1001
,  // measure 42
1010
0000
0101
0000
1100
0000
0011
0000
1001
0000
0000
0000
0110
0001
1000
0001
,  // measure 43
0110
0000
1010
0000
1001
0100
0010
0100
1001
0000
0101
0000
1100
0011
1100
0011
,  // measure 44
1100
0010
0001
1000
0011
0100
1000
0001
0110
0000
0000
0000
1010
0001
0100
0001
,  // measure 45
0110
0001
0100
0001
1100
0001
0100
0001
1010
0001
0100
0001
1100
0001
0100
0001
,  // measure 46
0110
0000
0000
0001
0000
0000
0100
0000
0000
0001
0000
0000
1100
0000
0000
0000
0000
0000
0011
0000
0000
0000
0000
0000
0001
0000
0010
0000
0100
0000
1000
0000
0100
0000
0010
0000
1001
0000
0000
0000
0000
0000
1100
0000
0000
0000
0000
0000
,  // measure 47
1010
0000
1010
0000
1001
0010
0101
1000
0011
0000
0000
0000
0101
0000
1100
0000
,  // measure 48
0011
0000
0011
0000
1001
0100
1010
0001
1100
0000
0000
0000
0110
0000
1001
0000
,  // measure 49
0110
0000
0110
0000
1010
0100
1010
0001
1010
0000
0000
0000
1001
0000
0110
0000
,  // measure 50
1001
0000
1001
0000
0101
0010
0101
1000
0101
0000
0000
0000
1100
0010
0001
0010
,  // measure 51
1100
0000
1001
0000
0011
0100
1000
0100
0011
0000
0110
0000
1001
0100
0010
0100
,  // measure 52
0011
1000
0100
1000
0110
0001
1000
0001
1100
0000
0000
0000
0011
0000
0110
0000
,  // measure 53
1100
0110
0011
0101
0011
1010
1100
0101
,  // measure 54
1001
0000
0000
0000
0110
0000
0000
0100
1001
0000
0000
0000
0000
0000
0000
0000
,  // measure 55
1100
0000
1100
0000
0101
0010
0100
1000
0011
0000
0011
0000
1010
0100
0010
0001
,  // measure 56
1010
0100
0010
0001
1100
0001
0010
0100
1001
0000
0000
0000
0000
0000
0000
0000
,  // measure 57
0110
0000
1001
0000
;
