#TITLE:party 4u;
#SUBTITLE:"holy nite mix";
#ARTIST:cranky;
#TITLETRANSLIT:;
#SUBTITLETRANSLIT:;
#ARTISTTRANSLIT:;
#CREDIT:;
#BANNER:party4u.png;
#BACKGROUND:party4u-bg.png;
#LYRICSPATH:;
#CDTITLE:cdtitle.png;
#MUSIC:party4u.mp3;
#OFFSET:-7.600;
#SAMPLESTART:37.500;
#SAMPLELENGTH:12.000;
#SELECTABLE:YES;
#BPMS:0.000=159.000;
#STOPS:;
#BGCHANGES:0.000=p4u_00.avi=1.000=0=0=1,
1.500=p4u_01.avi=1.000=1=0=1,
14.125=p4u_02.avi=1.000=1=0=1,
15.500=p4u_09.avi=1.000=1=0=1,
32.000=p4u_01.avi=1.000=1=0=1,
34.500=p4u_03.avi=1.000=0=0=1,
52.000=p4u_04.avi=1.000=0=0=1,
56.000=p4u_05.avi=1.000=0=0=1,
60.000=p4u_05.avi=1.000=0=1=1,
84.000=p4u_06.avi=1.000=0=0=1,
120.000=p4u_07.avi=1.000=0=0=1,
168.000=p4u_08.avi=1.000=0=0=1,
184.000=p4u_09.avi=1.000=0=0=1,
188.000=p4u_10.avi=1.000=0=0=1,
190.000=p4u_00.avi=1.000=0=0=1,
192.000=p4u_09.avi=1.000=0=0=1,
196.000=p4u_10.avi=1.000=0=0=1,
198.000=p4u_00.avi=1.000=0=0=1,
200.000=p4u_09.avi=1.000=0=0=1,
204.000=p4u_00.avi=1.000=0=0=1,
205.000=p4u_11.avi=1.000=0=0=1,
207.000=p4u_00.avi=1.000=0=0=1,
208.000=p4u_09.avi=1.000=0=0=1,
212.000=p4u_00.avi=1.000=0=0=1,
213.500=p4u_12.avi=1.000=0=0=1,
227.000=p4u_05.avi=1.000=1=0=1,
229.500=p4u_13.avi=1.000=1=0=1,
249.000=party4u-bg.png=1.000=0=0=1,
99999=-nosongbg-=1.000=0=0=0 // don't automatically add -songbackground-
;
// cache tags:
#FIRSTBEAT:1.500;
#LASTBEAT:249.000;
#SONGFILENAME:Songs/All Songs/party4u/party4u.sm;
#HASMUSIC:1;
#HASBANNER:1;
#MUSICLENGTH:105.222;
// end cache tags

//---------------dance-single - Hard----------------
#NOTES:
     dance-single:
     Hard:
     Hard:
     9:
     0.516,0.558,0.447,0.133,0.204,319.000,47.000,14.000,0.000,0.000:
0000
0000
0000
0010
0000
0000
0000
0000
,
0000
0000
0000
0000
,
0000
0000
0000
0000
,
0000
0000
0000
0000
0000
0000
0000
0000
0000
0000
0000
0000
0000
0000
0000
0000
0000
0100
0000
0000
0000
0000
0000
0000
0000
0000
0000
0000
0000
0000
0000
0000
,
1000
0001
1000
0000
0100
0000
1000
0000
,
0010
1000
0010
0000
0100
0000
0001
0000
,
0010
0001
0010
0000
0100
0000
0101
0000
,
0010
0000
0010
1000
0100
0000
1100
0000
,
0001
1000
0001
0000
0100
0000
0001
0000
,
0010
0001
0010
0000
1000
0000
0100
0000
,
1000
0010
0100
0000
0100
0000
1010
0000
,
0100
0000
0001
0000
1000
0020
1000
0000
,
0200
0000
0000
0330
,
1001
0110
1100
0101
,
0010
0000
1000
0000
0100
1000
0000
0000
1100
0000
0000
1000
0010
0000
0200
0000
,
0001
0000
0001
0000
0301
0000
0001
0100
,
1000
0000
0100
0000
1000
0100
0000
0000
0101
0000
0000
0100
0001
0000
0020
0000
,
0100
0000
0100
0000
0130
0000
1000
0100
,
0001
0000
1000
0000
0001
0100
0000
0000
0101
0000
0000
0100
0010
0000
0200
0000
,
0001
0000
0001
0000
0301
0000
0001
0100
,
1000
0000
0001
0000
1000
0100
0000
0000
1100
0000
0000
1000
0010
0000
0100
0000
,
0001
0101
1010
0110
,
1000
0000
0000
1000
0100
0000
1000
0000
0100
0000
0000
0000
0010
0000
0000
0000
,
0001
0000
0000
0001
0100
0000
0001
0000
0010
0000
0000
0000
0100
0000
0000
0000
,
1000
0000
0000
1000
0100
0000
1000
0000
0100
0000
0000
0000
0010
0000
0000
0000
,
0001
0000
0000
0001
0100
0000
0001
0000
0010
0000
1000
0000
0100
0000
1000
0000
,
0010
0000
0000
1000
0100
0000
1000
0000
0010
0000
0000
0000
0100
0000
0000
0000
,
0010
0000
0000
0100
0001
0000
0100
0000
0010
0000
0000
0000
1000
0000
0000
0000
,
0100
0000
0000
1000
0001
0000
1000
0000
0100
0000
0000
0000
0010
0000
0000
0000
,
1001
0000
0000
0000
,
1000
0000
0000
0000
1100
0000
0000
0100
1000
0000
0100
0000
1000
0000
0200
0000
,
0001
0001
0010
0310
,
0001
0000
0000
0000
0101
0000
0000
0100
0001
0000
0100
0000
0001
0000
0200
0000
,
1000
1000
0010
0310
,
1010
0000
0000
0000
1100
0000
0000
0100
1000
0000
0100
0000
1000
0000
0200
0000
,
0001
0001
0010
0310
,
0001
0000
0000
0000
0101
0000
0000
0100
0001
0000
0100
0000
0001
0000
0200
0000
,
1000
0000
0010
0000
0301
0000
0100
0010
,
0010
0000
1000
0000
0001
0000
0100
0001
,
0001
0000
0010
0000
1010
0000
0100
0001
,
0001
0010
0001
0100
,
0010
0000
1000
0000
0010
0001
0100
0000
,
1001
0000
0100
0000
0010
0000
1000
0100
,
0001
0000
0010
0000
0001
0000
0100
0010
,
0010
1000
0001
1100
,
0110
0000
0001
0000
0100
0010
1000
0000
,
1200
0000
0000
1000
0000
0000
1000
0000
0000
1000
0000
0000
1300
0000
0100
0000
,
1001
0000
0000
0110
0000
0000
1001
0000
0000
0000
0000
0000
0000
0000
0000
0000
,
0201
0000
0000
0001
0000
0000
0001
0000
0000
0001
0000
0000
0301
0000
0100
0000
,
1001
0000
0000
0110
0000
0000
1001
0000
0000
0000
0000
0000
0000
0000
0000
0000
,
1020
0000
0000
1000
0000
0000
1000
0000
0000
1000
0000
0000
1030
0000
0010
0000
,
1001
0000
0000
0110
0000
0000
1001
0000
0000
0000
0000
0000
0000
0000
0000
0000
,
0021
0000
0000
0001
0000
0000
0001
0000
0000
0001
0000
0000
0031
0000
0010
0000
,
1001
0000
0000
0110
0000
0000
2001
0000
0000
0001
0000
0000
0100
0000
3100
0000
,
1000
0000
0000
1000
0100
0000
1000
0000
0100
0000
0000
0000
0010
0000
0000
0000
,
1001
0000
0000
0001
0100
0000
0001
0000
0010
0001
0000
0000
0100
0000
0000
0000
,
1010
0000
0000
1000
0100
0000
1000
0000
0100
0000
1000
0000
0010
0000
0000
0000
,
1001
0000
0000
0001
0100
0000
0001
0000
0010
0000
1000
0000
0100
0000
1000
0000
,
0011
0000
0000
1000
0100
0000
1000
0000
0010
0000
0000
0001
0100
0000
0001
0000
,
1010
0000
0000
0100
0001
0000
0100
0000
0010
0000
0000
0001
1000
0000
0001
0000
,
0100
0000
0000
1000
0001
0000
1000
0000
0100
0000
1000
0000
0010
0000
0100
0000
,
1001
0000
0000
0110
;

//---------------dance-single - Medium----------------
#NOTES:
     dance-single:
     Medium:
     Medium:
     4:
     0.334,0.323,0.285,0.152,0.005,200.000,30.000,16.000,0.000,0.000:
0000
0000
0000
0100
0000
0000
0000
0000
,
0000
0000
0000
0000
,
0000
0000
0000
0000
,
0000
0000
0000
0000
0000
0000
0000
0000
0000
0000
0000
0000
0000
0000
0000
0000
0000
0010
0000
0000
0000
0000
0000
0000
0000
0000
0000
0000
0000
0000
0000
0000
,
1000
1100
0001
0100
,
0010
1000
0100
0100
,
0001
1000
0001
1000
,
0100
1000
0010
0010
,
1000
1100
0001
0100
,
0010
0001
0100
1000
,
0010
0100
1000
0010
,
0100
0000
0001
0000
0020
0200
0000
0000
,
0000
0000
0330
0000
,
1001
1100
0101
0110
,
1000
0001
1000
1000
,
0100
0000
0001
0000
0010
0000
1000
0100
,
1000
0010
0001
0100
,
0010
0000
1000
0000
0100
0000
1000
0100
,
1000
0010
0100
0001
,
0010
0000
0001
0000
0100
0000
0001
0100
,
0001
0010
1000
0100
,
0010
1001
1100
0010
,
2000
0000
0000
3000
,
0100
0100
0010
0100
,
0002
0000
0000
0003
,
0010
0010
0100
0010
,
2000
0000
0000
3000
,
0100
0100
0010
0100
,
0002
0000
0000
0003
,
0011
0001
0100
0001
,
0110
0010
0100
0110
,
0000
1000
0001
1000
,
0101
0001
0101
0100
,
0000
0010
0010
1000
,
1000
1100
1000
1100
,
0000
0010
0100
0001
,
0020
0031
0002
0103
,
1000
1000
0001
0010
,
1000
1000
0100
1000
,
0001
0001
0100
0001
,
0010
0001
0100
0110
,
1000
0000
0001
0000
1000
0100
0010
0000
,
0001
0100
0010
1000
,
0100
1000
1010
0100
,
0001
0010
1000
0100
,
1000
0001
1000
0000
0010
0000
0010
0000
,
0220
0000
0000
0330
,
1001
0000
0010
0000
,
2002
0000
0000
3003
,
0110
0000
0010
0000
,
0220
0000
0000
0330
,
1001
0000
1000
0001
,
2002
0000
0000
3003
,
0110
0000
1001
0110
,
1000
1100
0001
0100
,
0010
1000
0100
0100
,
0001
1000
0001
1000
,
0100
1000
0010
0010
,
1000
1100
0001
0100
,
0010
0001
0100
1000
,
0010
0100
1000
0010
,
0100
0000
0000
1001
;

//---------------dance-single - Easy----------------
#NOTES:
     dance-single:
     Easy:
     Easy:
     3:
     0.253,0.293,0.209,0.105,0.005,153.000,22.000,11.000,0.000,0.000:
0000
0000
0000
1000
0000
0000
0000
0000
,
0000
0000
0000
0000
,
0000
0000
0000
0000
,
0000
0000
0000
0000
0000
0000
0000
0000
0000
0000
0000
0000
0000
0000
0000
0000
0000
0001
0000
0000
0000
0000
0000
0000
0000
0000
0000
0000
0000
0000
0000
0000
,
1000
0100
0000
0000
,
0001
1000
0001
0000
,
0010
0100
0000
1000
,
0001
1000
1001
0000
,
0010
0100
0000
0000
,
0001
1000
0001
0000
,
1000
0100
1000
0000
,
0010
0000
0100
0000
0001
1000
0000
0000
,
0000
0000
0020
0030
,
1000
0100
0001
0010
,
1000
0000
0001
1000
,
0001
0001
0001
0100
,
1000
0000
0001
1000
,
1000
0001
1000
0100
,
0001
0000
1000
0001
,
1000
0001
0001
0100
,
1000
0000
0001
1000
,
0010
0100
0010
0110
,
1001
0000
1000
0001
,
1001
0000
0110
0000
,
1001
0000
0001
1000
,
1001
0000
0110
0000
,
0110
0000
0100
0010
,
0110
0000
1001
0000
,
0110
0000
0010
0100
,
0110
0000
0000
0000
,
1000
1000
1000
1000
,
0002
0000
0000
0003
,
0010
0010
0010
0010
,
0200
0000
0000
0300
,
0001
0001
0001
0001
,
2000
0000
0000
3000
,
0200
0001
0301
0100
,
0010
0000
0110
0000
,
2000
0000
0000
0000
3000
0000
0000
1000
,
0200
0000
0000
0000
0300
0000
0000
0100
,
0002
0000
0000
0003
,
0101
0000
0000
0000
0000
0010
0010
0000
,
1000
0000
0100
0000
,
0001
0000
0010
0000
,
1000
0100
1000
0100
,
0001
0100
0010
0010
,
1001
0000
0000
0000
,
0010
0010
0000
0000
,
1100
0000
0000
0000
,
0001
0001
0000
0000
,
1010
0000
0000
0000
,
1000
2000
3000
0000
,
0110
0000
0000
0000
,
1001
0000
1000
0001
,
1000
0100
0000
0000
,
0001
1000
0001
0000
,
0010
0100
0000
1000
,
0001
1000
1001
0000
,
0010
0100
0000
0000
,
0001
1000
0001
0000
,
1000
0100
1000
0001
,
2002
0000
3003
0010
;

//---------------dance-double - Copied from Hard----------------
#NOTES:
     dance-double:
     Copied from Hard:
     Hard:
     9:
     0.534,0.528,0.437,0.228,0.252,323.000,46.000,24.000,0.000,0.000:
00000000
00000000
00000000
00100000
00000000
00000000
00000000
00000000
,
00000000
00000000
00000000
00000000
,
00000000
00000000
00000000
00000000
,
00000000
00000000
00000000
00000000
00000000
00000000
00000000
00000000
00000000
00000000
00000000
00000000
00000000
00000000
00000000
00000000
00000000
00000010
00000000
00000000
00000000
00000000
00000000
00000000
00000000
00000000
00000000
00000000
00000000
00000000
00000000
00000000
,
00001000
00000001
00000100
00000000
00001010
00000000
00000100
00000000
,
00000010
00001000
00000100
00000000
00021000
00000000
00001000
00000000
,
00100000
00000000
00130000
00000000
00010000
01000000
00100000
00000000
,
10000000
00000000
00100000
00000000
00100000
10000000
01000000
00000000
,
10000000
01000000
00010000
00000000
00100000
01000000
00010000
00000000
,
01000000
00000000
00100000
00001000
00010000
00000000
01000000
00010000
,
01000000
00000000
00100000
00000000
00010000
00100000
00010000
00000000
,
00022000
00000000
00003000
00000000
00000100
00002000
00030000
00000000
,
00200000
00000000
00000000
00303000
,
10100000
01010000
00110000
00011000
,
00010000
00000000
00000100
00000000
00001000
00000100
00000000
00000000
00010100
00000000
00000000
00000100
00001000
00000000
00000100
00000000
,
00010000
00000000
00100000
00000000
01000000
00000000
10000000
01000000
,
10000000
00000000
01000000
00000000
00100000
01000000
00000000
00000000
01010000
00000000
00000000
01000000
00100000
00000000
01000000
00000000
,
00100000
00000000
00010000
00000000
00001000
00000000
00010000
00010000
,
00001000
00000000
00000100
00000000
00001000
00000100
00000000
00000000
00010100
00000000
00000000
00000100
00001000
00000000
00000100
00000000
,
00000010
00000000
00000001
00000000
00000100
00000000
00000010
00001000
,
00000010
00000000
00000100
00000000
00000010
00001000
00000000
00000000
00001010
00000000
00000000
00000100
00000010
00000000
00001000
00000000
,
00000100
00010000
01000000
00100000
,
10020000
00000000
00000000
10000000
00000000
00000000
01000000
00000000
00000000
01000000
00000000
00000000
01030000
00000000
00010000
00000000
,
00100000
00000000
00000000
00010000
00100000
00000000
00010000
00000000
00001000
00000000
00010000
00000000
00000100
00000000
00000000
00000000
,
00001002
00000000
00000000
00001000
00000000
00000000
00000100
00000000
00000000
00000100
00000000
00000000
00000103
00000000
00000001
00000000
,
00000010
00000000
00000000
00000100
00000010
00000000
00001000
00000000
00000100
00000000
00010000
00000000
00001000
00000000
00000000
00000000
,
10020000
00000000
00000000
10000000
00000000
00000000
01000000
00000000
00000000
01000000
00000000
00000000
01030000
00000000
00010000
00000000
,
00100000
00000000
00000000
00010000
00100000
00000000
00010000
00000000
00001000
00000000
00010000
00000000
00000100
00000000
00000000
00000000
,
00001002
00000000
00000000
00001000
00000000
00000000
00000100
00000000
00000000
00000100
00000000
00000000
00000103
00000000
00000001
00000000
,
00002020
00000000
00000030
00000001
00003200
00001000
00000310
00000000
,
00000001
00000100
00000000
00000010
00000100
00000000
00000010
00001000
00000000
00000100
00001000
00000000
00000100
00000000
00001000
00000000
,
00020000
00100000
10000000
01030000
,
10000000
01000000
00000000
10000000
00100000
00000000
01000000
00100000
00000000
01000000
00010000
00000000
00100000
00000000
00010000
00000000
,
00002000
00000100
00000001
00003010
,
00000001
00000100
00000000
00000010
00000100
00000000
00000010
00001000
00000000
00000100
00001000
00000000
00000100
00000000
00001000
00000000
,
00020000
00100000
10000000
01030000
,
10000000
01000000
00000000
10000000
00100000
00000000
01000000
00100000
00000000
01000000
00010000
00000000
00100000
00000000
00010000
00000000
,
00001000
00000100
00011000
00001100
,
00000001
00000000
00000100
00000000
00000010
00000000
00001000
00000100
,
00010000
00000000
00001000
00000000
00010000
00000000
00001000
00100000
,
00010000
00000000
00011000
00000000
00100000
00010000
01000000
00000000
,
01100000
00000000
10010000
00000000
01100000
01000000
00100000
00000000
,
10010000
00000000
01000000
00000000
00100000
00000000
00000000
00000000
01000000
00000000
00000000
00010000
01000000
00000000
00100000
00000000
,
00010000
00000000
00110000
00000000
00001000
00010000
00001000
00000000
,
00001100
00000000
00000001
00000000
00000001
00000100
00000010
00000000
,
00001001
00001100
00001010
00001100
,
00000002
00000100
00001000
00000013
,
00001001
00000000
00000000
00000110
00000000
00000000
00001001
00000000
00000000
00000000
00000000
00000000
00000000
00000000
00000000
00000000
,
20000000
01000000
00010000
30100000
,
10010000
00000000
00000000
01100000
00000000
00000000
10010000
00000000
00000000
00000000
00000000
00000000
00000000
00000000
00000000
00000000
,
00000002
00000100
00001000
00000013
,
00001001
00000000
00000000
00000110
00000000
00000000
00001001
00000000
00000000
00000000
00000000
00000000
00000000
00000000
00000000
00000000
,
20000000
01000000
00010000
30100000
,
10010000
00000000
00000000
01100000
00000000
00000000
10010000
00000000
00000000
02000000
00000000
00000000
00010000
00000000
03100000
00000000
,
10020000
00000000
00000000
10000000
00000000
00000000
01000000
00000000
00000000
01000000
00000000
00000000
01030000
00000000
00010000
00000000
,
00100000
00000000
00000000
00010000
00100000
00000000
00010000
00000000
00001000
00000000
00010000
00000000
00000100
00000000
00000000
00000000
,
00001002
00000000
00000000
00001000
00000000
00000000
00000100
00000000
00000000
00000100
00000000
00000000
00000103
00000000
00000001
00000000
,
00000010
00000000
00000000
00000100
00000010
00000000
00001000
00000000
00000100
00000000
00010000
00000000
00001000
00000000
00000000
00000000
,
10020000
00000000
00000000
10000000
00000000
00000000
01000000
00000000
00000000
01000000
00000000
00000000
01030000
00000000
00010000
00000000
,
00100000
00000000
00000000
00010000
00100000
00000000
00010000
00000000
00001000
00000000
00010000
00000000
00000100
00000000
00000000
00000000
,
00001002
00000000
00000000
00001000
00000000
00000000
00000100
00000000
00000000
00000100
00000000
00000000
00000103
00000000
00000001
00000000
,
00000010
00000000
00000000
01010000
;

//---------------dance-double - Medium----------------
#NOTES:
     dance-double:
     Medium:
     Medium:
     6:
     0.386,0.411,0.162,0.190,0.005,247.000,17.000,20.000,0.000,0.000:
00000000
00000000
00000000
00000010
00000000
00000000
00000000
00000000
,
00000000
00000000
00000000
00000000
,
00000000
00000000
00000000
00000000
,
00000000
00000000
00000000
00000000
00000000
00000000
00000000
00000000
00000000
00000000
00000000
00000000
00000000
00000000
00000000
00000000
00000000
00010000
00000000
00000000
00000000
00000000
00000000
00000000
00000000
00000000
00000000
00000000
00000000
00000000
00000000
00000000
,
00001000
00100000
00100000
00000000
00010000
00000000
01000000
00000000
,
00100000
10000000
01000000
01000000
,
00100000
00000000
01000000
00000000
01010000
00000000
00000000
01000000
,
00100000
00010000
00100000
00010000
,
00001000
00000100
00000100
00000000
00010000
00000000
00001000
00000000
,
00000001
00000100
00000010
00001000
,
00001100
00000000
00001000
00000000
00000010
00000100
00000000
00001000
,
00000100
00000000
00001000
00000000
00000200
00020000
00000000
00000000
,
00000000
00000000
00000000
00030300
,
00020000
02030000
13000000
01100000
,
00010000
00001000
00010000
00000000
00000100
00000000
00010000
00000000
,
00000010
00000000
00000100
00000000
00001000
00000000
00010000
01000000
,
00100000
00000000
00010000
00000000
00001000
00010000
00001000
00000000
,
00000010
00000000
00000100
00000000
00001000
00000000
00010000
01000000
,
00100000
00000000
00001000
00000000
00100000
00010000
00100000
00000000
,
01000000
00000000
00100000
00000000
00010000
00000000
00001000
00000100
,
00000010
00000000
00000001
00000000
00000100
00001000
00000010
00000000
,
00000101
00000000
00001010
00000000
00000100
00001000
00010000
00000000
,
00000001
00000010
00000100
00001000
,
00020000
00100000
10000000
01030000
,
10000000
01000000
00100000
00010000
,
00002000
00000100
00000001
00003010
,
00000001
00000010
00000100
00001000
,
00020000
01000000
10000000
00130000
,
10000000
01000000
00100000
00010000
,
00001000
00021000
00002000
00033000
,
01000000
00100000
01000000
00100000
01000000
00000000
00100000
00000000
,
00010000
00001000
00010000
00001000
,
00000100
00000010
00000100
00000010
00000100
00000000
00000010
00000000
,
00001000
00010000
00001000
00010000
,
01000000
00100000
01000000
00100000
01000000
00000000
00100000
00000000
,
00010000
00001000
00010000
00001000
,
00002100
00000000
00003100
00001000
00000200
00000000
00000310
00000100
,
00001000
00000100
00000001
00000010
,
00000001
00000000
00000100
00000000
00000010
00000000
00001000
00000100
,
00001000
00000000
00010000
00000000
00001000
00000000
00000100
00001000
,
00000100
00000010
00000001
00000100
,
00002000
00000000
00000001
00000000
00003001
00000100
00001000
00000000
,
00010000
00000000
01000000
00000000
00010000
00100000
00010000
00000000
,
00001000
00000000
00100000
00000000
00001000
00010000
00010000
00000000
,
00010000
00000000
01000000
00000000
10000000
00100000
01000000
00000000
,
01000000
00000000
00010000
00000000
00100000
00100000
00010000
00000000
,
00002000
00010000
00010000
00013000
,
00001001
00000000
00000000
00000110
00000000
00000000
00000000
00000000
,
00020000
00001000
00001000
00031000
,
10010000
00000000
00000000
01100000
00000000
00000000
00000000
00000000
,
00020000
00001000
00001000
00031000
,
00001001
00000000
00000000
00000110
00000000
00000000
00000000
00000000
,
00002000
00010000
00010000
00013000
,
10010000
00000000
00000000
02100000
00000000
00010000
03010000
00000000
,
10000000
01000000
00100000
00010000
,
00002000
00000100
00000001
00003010
,
00000001
00000010
00000100
00001000
,
00020000
00100000
10000000
01030000
,
10000000
01000000
00100000
00010000
,
00002000
00000010
00000001
00003100
,
00000001
00000010
00000100
00001000
,
00010100
00000000
00000000
00001010
;

//---------------dance-double - Easy----------------
#NOTES:
     dance-double:
     Easy:
     Easy:
     3:
     0.284,0.325,0.124,0.209,0.005,174.000,13.000,22.000,0.000,0.000:
00000000
00000000
00000000
00001000
00000000
00000000
00000000
00000000
,
00000000
00000000
00000000
00000000
,
00000000
00000000
00000000
00000000
,
00000000
00000000
00000000
00000000
00000000
00000000
00000000
00000000
00000000
00000000
00000000
00000000
00000000
00000000
00000000
00000000
00000000
00010000
00000000
00000000
00000000
00000000
00000000
00000000
00000000
00000000
00000000
00000000
00000000
00000000
00000000
00000000
,
00100000
01000000
10000000
01000000
,
00010000
01000000
10000000
00000000
,
10000000
01000000
00010000
00000000
,
00100000
00010000
00100000
00010000
,
00110000
00000000
00010000
00000000
,
00001000
00000100
00001000
00000000
,
00000001
00000100
00001000
00000000
,
00010000
00000000
00001000
00000000
00010000
00000200
00000000
00000000
,
00002000
00000000
00000000
00003300
,
00000010
00000001
00000100
00001000
,
00000020
00000100
00000000
00000130
,
00010000
00001000
00010000
00001000
,
00200000
01000000
00000000
01300000
,
00010000
00001000
00010000
00001000
,
00000020
00000100
00000000
00000130
,
00001000
00000100
00000001
00000010
,
00000001
00000100
00001000
00000100
,
00000010
00000100
00001000
00000100
,
00001000
00000100
00001000
00010000
,
00001000
00010000
00100000
00100000
,
00010000
00000000
01000000
10000000
,
01000000
00010000
01000000
00100000
,
00010000
00001000
00010000
00100000
,
00010000
00000000
01010000
00000000
,
00001000
00010000
00000100
00001000
,
00022000
00000000
00000000
00033000
,
00010000
00001000
00010000
00001000
,
00000020
00000000
00000000
00000030
,
00001000
00010000
00001000
00010000
,
00200000
00000000
00000000
00300000
,
00010000
00001000
00010000
00001000
,
00000020
00000000
00000000
00000030
,
00000002
00000000
00000000
00000103
00000002
00000000
00000000
00000103
,
00000010
00001000
00000100
00001000
,
00000010
00001000
00001000
00001000
,
00000100
00001000
00001000
00001000
,
00010000
00001000
00001000
00001000
,
00100000
00000000
00001000
00000000
00000000
00010000
00010000
00000000
,
00000100
00000000
00000010
00001000
,
00000100
00000000
00001000
00010000
,
00001000
00001000
00001000
00010000
,
00000100
00001000
00000010
00000000
,
00002002
00000000
00000000
00003003
,
00000110
00000000
00000000
00000000
,
00002200
00000000
00000000
00003300
,
00011000
00000000
00000000
00000000
,
20020000
00000000
00000000
30030000
,
01100000
00000000
00000000
00000000
,
02020000
00000000
00000000
03030000
,
00110000
00000000
00010000
01000000
,
00100000
01000000
10000000
01000000
,
00010000
01000000
10000000
00000000
,
10000000
01000000
00010000
00000000
,
00100000
00010000
00100000
00010000
,
00110000
00000000
00010000
00000000
,
00001000
00000100
00001000
00000000
,
00000001
00000100
00001000
00000000
,
00010000
00000000
00000000
00022000
,
00000000
00033000
00000000
00000000
;

//---------------dance-single - ----------------
#NOTES:
     dance-single:
     :
     Beginner:
     1:
     0.086,0.117,0.048,0.038,0.000,54.000,5.000,4.000,0.000,0.000:
0000
0000
0000
1000
0000
0000
0000
0000
,
0000
0000
0000
0000
,
0000
0000
0000
0000
,
0000
0000
0000
0000
,
1000
0000
0000
0000
,
0001
0000
0000
0000
,
0010
0000
0000
0000
,
0001
0000
0000
0000
,
0010
0000
0000
0000
,
0001
0000
0000
0000
,
1000
0000
0000
0000
,
0010
0000
0000
0000
,
0000
0000
0000
0000
,
1000
0000
0001
0000
,
1000
0000
0000
0000
,
0100
0000
0100
0000
,
0100
0000
0000
0000
,
0000
0000
0000
0000
,
0010
0000
0010
0000
,
0010
0000
0000
0000
,
0000
0000
0000
0000
,
0001
0000
1000
0000
,
0001
0000
0000
0000
,
1000
0000
0000
0000
,
0001
0000
0000
0000
,
0100
0000
0000
0000
,
0010
0000
0000
0000
,
0100
0000
0000
0000
,
0001
0000
0000
0000
,
1000
0000
0000
0000
,
0002
0000
0000
0003
,
0001
0000
0000
0000
,
2000
0000
0000
3000
,
1000
0000
0000
0000
,
0002
0000
0000
0003
,
0001
0000
0000
0000
,
2000
0000
0000
3000
,
1000
0000
0000
0000
,
0001
0000
0000
0000
,
1000
0000
0000
0000
,
0001
0000
0000
0000
,
0000
0000
0000
0000
,
1000
0000
0000
0000
,
0001
0000
0000
0000
,
1000
0000
0000
0000
,
0000
0000
0000
0000
,
1001
0000
0000
0000
,
0000
0000
0000
0000
,
1001
0000
0000
0000
,
0000
0000
0000
0000
,
0110
0000
0000
0000
,
0000
0000
0000
0000
,
0110
0000
0000
0000
,
0000
0000
0000
0000
,
1000
0000
0000
0000
,
1000
0000
0000
0000
,
0001
0000
0000
0000
,
0001
0000
0000
0000
,
0100
0000
0000
0000
,
0010
0000
0000
0000
,
1000
0000
0000
0000
,
0000
0000
0000
1001
;
