#TITLE:V3;
#SUBTITLE:(O2 Jam Version);
#ARTIST:Beautiful Day;
#TITLETRANSLIT:;
#SUBTITLETRANSLIT:;
#ARTISTTRANSLIT:;
#CREDIT:;
#BANNER:V3-bn.png;
#BACKGROUND:V3-bg.png;
#LYRICSPATH:;
#CDTITLE:!joe.png;
#MUSIC:V3.mp3;
#OFFSET:0.020;
#SAMPLESTART:102.900;
#SAMPLELENGTH:12.000;
#SELECTABLE:YES;
#BPMS:0.000=160.000;
#STOPS:;
#BGCHANGES:;
// cache tags:
#FIRSTBEAT:2.000;
#LASTBEAT:450.000;
#SONGFILENAME:Songs/All Songs/-joe- - V3 (O2 Jam Version)/V3.sm;
#HASMUSIC:1;
#HASBANNER:1;
#MUSICLENGTH:171.894;
// end cache tags

//---------------dance-single - ----------------
#NOTES:
     dance-single:
     :
     Hard:
     12:
     1.000,1.000,0.925,0.029,1.000,1111.000,159.000,5.000,0.000,0.000:  // measure 1
0000
0000
0001
0000
,  // measure 2
0000
0000
0000
1000
1001
0000
0000
0000
,  // measure 3
0000
0000
0000
0001
1001
0000
0000
0000
,  // measure 4
0000
1000
1100
0100
0010
0001
0010
0100
,  // measure 5
1001
0010
0110
1000
1001
0000
0001
0000
,  // measure 6
1000
1100
1010
0001
,  // measure 7
0100
1100
1001
0001
,  // measure 8
1000
0000
1001
0000
0001
0010
1100
0000
,  // measure 9
0001
0100
1010
0010
0110
0000
0000
0000
,  // measure 10
0011
0000
1000
0001
1001
0000
0000
1000
,  // measure 11
0001
0100
1000
0010
1001
0000
0000
0000
,  // measure 12
0000
0000
0010
0100
0010
0000
1100
0000
,  // measure 13
1010
0000
1001
0100
0011
0000
0000
0000
,  // measure 14
1000
0100
1001
0000
,  // measure 15
0000
0001
0000
0000
1001
0000
0000
0000
,  // measure 16
1000
0010
1001
1000
1100
0001
0110
1000
,  // measure 17
0011
0010
1001
0100
1002
0000
0000
0000
,  // measure 18
0000
0000
0000
0003
,  // measure 19
0000
0000
0010
0000
0100
0001
0100
0001
0100
0000
0010
1000
0010
0000
1000
0000
,  // measure 20
0001
0000
0000
0000
1000
0000
1010
0000
0000
0000
0010
0100
0010
0000
0100
0000
,  // measure 21
0010
0000
0000
0000
0010
0000
1010
0000
0000
0000
0001
1000
0001
0000
0100
0000
,  // measure 22
1010
1000
0001
0010
0101
0001
1001
0010
,  // measure 23
1001
0000
0001
0000
0001
0010
0100
1000
0001
0000
1000
0000
0001
0000
1000
0000
,  // measure 24
1010
0000
0001
0000
1000
0001
0100
0010
1000
0000
0001
0010
0100
0000
1000
0000
,  // measure 25
1010
0000
0001
0000
0100
0010
1000
0010
1000
0000
0001
0100
0001
0000
1000
0000
,  // measure 26
1001
0001
1000
0010
1010
0001
0010
0100
,  // measure 27
1100
1000
0001
1000
1001
0000
0000
0001
,  // measure 28
1000
0000
0000
1000
0001
0000
0110
0000
,  // measure 29
0001
1000
0010
0100
0001
1000
0001
0100
0010
1000
0001
0100
0001
1000
0010
1000
,  // measure 30
0010
1000
0011
0001
1100
0010
1001
0000
,  // measure 31
1001
0000
0000
0000
1000
0001
1000
0001
1000
0000
0000
0000
0110
0000
0000
0000
,  // measure 32
1001
0000
0000
0000
0001
1000
0001
1000
0001
0000
0000
0000
0011
0000
0000
0000
,  // measure 33
1100
0000
0000
0000
0010
0000
1000
0000
0001
1000
0010
0100
0001
1000
0001
0100
,  // measure 34
0001
1000
0100
0010
0001
1000
0010
0100
0001
0000
1000
0000
0001
0100
0001
1000
,  // measure 35
0001
0000
1000
0000
0001
0000
1000
0000
1000
0001
0010
0001
0100
0001
1000
0010
,  // measure 36
0100
0010
1000
0010
0100
0001
0100
0010
1000
0000
0001
0000
0100
0000
0010
0000
,  // measure 37
1100
1000
0001
0100
1001
0010
0100
0001
,  // measure 38
0100
0001
0100
0010
0100
0001
0100
0010
0100
0000
0000
0000
0101
0000
0000
0000
,  // measure 39
0101
0000
0000
0000
0001
0010
0100
1000
0011
0000
0000
0000
0011
0000
0000
0000
,  // measure 40
1001
0000
0000
0000
1000
0100
0010
0001
1100
0000
0000
0000
1100
0000
0000
0000
,  // measure 41
1001
0000
0000
0000
0010
0000
0100
0000
0010
1000
0010
1000
0001
0010
0001
0010
,  // measure 42
0100
1000
0001
0100
0010
0100
0001
0010
0100
1000
0010
0100
0001
1000
0010
0100
,  // measure 43
0001
0000
1000
0001
1000
0000
0001
0000
1000
0000
0010
0000
1001
0000
1000
0000
,  // measure 44
0010
0100
1100
0100
0010
0001
0110
0001
,  // measure 45
0011
0001
0101
0100
0001
1000
1010
1000
,  // measure 46
0100
0010
1001
0001
0011
0110
1100
0110
,  // measure 47
0011
0000
1000
0000
0001
1000
0011
0100
,  // measure 48
0110
0001
1010
0100
1001
0100
0011
0001
,  // measure 49
0010
0100
1100
1000
0001
1000
1001
0001
,  // measure 50
1010
0000
1000
0000
0010
0000
0100
0000
1001
0100
0001
0100
0001
0010
0001
1000
,  // measure 51
0010
0100
0001
0100
0010
1000
0001
1000
0001
0000
1000
0000
0001
0000
1000
0000
,  // measure 52
0101
0000
1000
0000
0010
0000
1000
0001
1100
0000
0010
0000
0001
0100
0010
1000
,  // measure 53
0001
0100
0001
1000
0010
1000
0001
0100
1001
0000
0100
0000
0001
0000
0010
0000
,  // measure 54
0100
0000
1000
0000
0001
0000
1000
0100
0011
0000
0001
0000
1000
0001
0100
0010
,  // measure 55
1000
0001
0010
0100
1000
0001
1000
0010
0101
0000
0001
0000
1000
0000
0100
0000
,  // measure 56
0010
0000
0100
0000
0001
0000
1000
0000
0001
0100
0010
1000
0001
1000
0001
1000
,  // measure 57
0010
0100
0001
0100
0010
1000
0001
0010
0100
0000
0001
0000
0011
0000
0100
0000
,  // measure 58
0001
0011
0100
0001
0011
0100
1001
0101
,  // measure 59
0011
0101
1001
1001
0010
1000
1010
0010
,  // measure 60
1000
1010
0010
1000
1010
0001
0011
1000
,  // measure 61
0110
0000
0001
0000
1100
0000
1000
0000
0001
0100
0010
1000
0001
0010
0100
1000
,  // measure 62
0010
0100
0001
1000
0100
0010
0001
0010
0100
1000
0010
0100
0001
1000
0100
0010
,  // measure 63
0100
0010
0001
0010
0100
1000
0010
0100
0010
1000
0100
0010
0001
0010
0100
0010
,  // measure 64
0001
1000
0010
0100
0001
1000
0100
0010
0001
1000
0010
0100
0001
1000
0001
0100
,  // measure 65
0010
0100
0010
1000
0001
0100
0010
1000
0001
0100
0010
1000
0010
0100
0001
0010
,  // measure 66
0100
1000
0001
0010
0100
1000
0001
0100
0010
1000
0001
0100
0010
1000
0001
1000
,  // measure 67
0001
0100
0010
0100
0010
1000
0001
0100
0010
1000
0001
1000
0001
0010
0100
1000
,  // measure 68
0001
0100
0010
1000
0001
0100
0001
0100
0001
0100
0010
1000
0010
1000
0010
1000
,  // measure 69
0001
0100
0001
0100
0001
0100
0010
1000
0001
0100
0001
0100
0010
1000
0001
0010
,  // measure 70
0100
1000
0001
1000
0010
0100
0001
1000
0100
0010
0001
1000
0100
0010
0001
1000
,  // measure 71
0001
0010
0100
1000
0001
0100
0001
1000
0001
0010
0100
1000
0001
0100
0010
1000
,  // measure 72
0100
0010
0001
0010
0100
1000
0010
1000
0001
0100
0010
1000
0001
0010
0100
1000
,  // measure 73
0100
0010
0001
0010
0100
1000
0001
1000
0001
0100
0010
1000
0001
0100
0001
1000
,  // measure 74
0010
1000
0010
0100
0001
1000
0010
0100
0001
1000
0001
0100
0010
0100
0001
0010
,  // measure 75
0001
1000
0010
0100
0001
1000
0100
0010
0100
0010
0001
1000
0001
1000
0001
0100
,  // measure 76
0010
1000
0100
0010
0001
0010
0100
1000
0001
0100
0001
1000
0010
0100
0001
1000
,  // measure 77
0010
0100
0001
0010
0100
1000
0001
1000
0001
0000
1000
0000
1010
0000
0001
0000
,  // measure 78
1100
0100
0011
0001
1100
0001
0110
1000
,  // measure 79
0011
0000
1000
0000
0110
0000
0001
0000
1000
0010
1000
0010
1000
0001
0100
0001
,  // measure 80
0100
0010
1000
0001
0100
0010
1000
0010
1000
0001
0010
0001
1000
0010
0100
0001
,  // measure 81
1000
0010
0100
0001
0010
0001
1000
0100
1000
0010
0100
0001
0100
0001
1000
0010
,  // measure 82
0100
0001
0010
0001
0100
0010
1000
0001
0010
0001
1000
0010
0100
0001
0010
0001
,  // measure 83
1000
0001
0010
0001
1000
0010
0100
0001
1000
0001
0010
0001
1000
0010
0100
0001
,  // measure 84
0010
0001
1000
0010
1000
0001
0010
0100
1000
0100
0010
0001
1000
0100
1000
0010
,  // measure 85
0100
0001
0100
0001
1000
0010
1000
0010
0100
0001
1000
0100
1000
0001
0100
0010
,  // measure 86
1000
0001
0100
0010
1000
0100
1000
0001
0100
0001
0100
0010
1000
0010
1000
0001
,  // measure 87
0100
0010
1000
0100
0010
0001
1000
0010
2002
0000
0000
0000
0000
0000
0000
0000
,  // measure 88
0000
0000
0000
0000
0000
3003
0000
0000
0000
0000
1000
0000
0001
0000
0010
0000
,  // measure 89
1000
0001
1000
0100
0010
0001
0100
0010
1000
0001
1000
0100
0010
0001
0010
0100
,  // measure 90
1000
0000
0001
0000
1000
0001
1001
0010
,  // measure 91
1010
0000
0100
0000
0101
0000
0001
0000
1000
0001
0100
0001
1000
0001
0010
0001
,  // measure 92
0100
0000
0101
0000
1001
0000
0110
1000
,  // measure 93
0010
0100
0001
1000
0001
0100
0010
1000
0001
0010
0100
0000
0001
0000
1000
0000
,  // measure 94
0100
0010
0100
1000
0010
0100
0001
1000
0100
0010
0001
0000
1000
0000
0100
0000
,  // measure 95
0010
0100
0010
0000
0001
1000
0001
0000
0100
0001
0100
0000
0010
1000
0010
0000
,  // measure 96
1000
0001
1000
0000
0010
1000
0010
0000
0100
0001
0100
0000
0101
0000
0001
0000
,  // measure 97
1001
0000
0000
0010
1010
0000
0000
0100
,  // measure 98
0101
0000
1001
0000
0101
1100
1010
0101
,  // measure 99
0011
0000
1100
0000
0110
0000
1001
0000
1000
0001
0010
0001
1000
0001
0010
0001
,  // measure 100
1000
0000
0001
0000
0001
0000
1001
0110
,  // measure 101
1001
0001
1100
0010
1001
0001
1100
0110
,  // measure 102
1001
0100
0011
0010
1001
0100
1100
0001
,  // measure 103
1000
0001
0010
0001
1000
0100
0010
0100
1000
0001
0100
0010
1000
0001
0010
0100
,  // measure 104
0010
0001
1000
0000
1001
0000
0010
0000
1010
0000
1000
0000
1001
0000
0001
0000
,  // measure 105
1000
0100
0010
0001
1000
0001
0010
0100
1000
0001
1000
0100
0010
0001
0100
0010
,  // measure 106
1000
0000
1001
0000
0001
0000
1001
1000
,  // measure 107
0001
0010
0100
1000
0001
1000
0100
0010
0001
1000
0001
0010
0100
1000
0010
0100
,  // measure 108
0001
0000
0000
0000
1000
0100
0010
0001
1000
0000
0000
0000
0001
0010
0100
1000
,  // measure 109
0001
1100
0011
0110
,  // measure 110
1001
0110
1001
0110
1001
1100
0011
1100
,  // measure 111
0011
0000
1100
0000
0001
0010
0100
1000
0100
0010
0001
0100
0010
1000
0001
1000
,  // measure 112
0022
0000
0000
0000
,  // measure 113
0000
0000
0000
0033
1100
0000
0000
0000
;
