#TITLE:Waka Laka;
#SUBTITLE:(IVKAS Style);
#ARTIST:Jenny ROM vs. Zippers;
#TITLETRANSLIT:;
#SUBTITLETRANSLIT:;
#ARTISTTRANSLIT:;
#CREDIT:;
#BANNER:Waka Laka.png;
#BACKGROUND:Waka Laka (background).png;
#LYRICSPATH:;
#CDTITLE:!kilgaTitle.png;
#MUSIC:Waka Laka.mp3;
#OFFSET:-0.080;
#SAMPLESTART:53.100;
#SAMPLELENGTH:13.360;
#SELECTABLE:YES;
#BPMS:0.000=170.000;
#STOPS:;
#BGCHANGES:;
// cache tags:
#FIRSTBEAT:4.000;
#LASTBEAT:257.500;
#SONGFILENAME:Songs/All Songs/Waka Laka (Keyboard)/Waka Laka.sm;
#HASMUSIC:1;
#HASBANNER:1;
#MUSICLENGTH:91.981;
// end cache tags

//---------------dance-single - ----------------
#NOTES:
     dance-single:
     :
     Hard:
     10:
     1.000,1.000,1.000,0.207,0.940,627.000,174.000,19.000,0.000,0.000:  // measure 1
0000
0000
0000
0000
,  // measure 2
1000
0001
1000
0001
1000
0001
1000
0001
1000
0001
1000
0001
1000
0001
1000
0001
,  // measure 3
0110
0000
1000
0000
0010
0000
0100
0000
0010
0000
1000
0010
0000
0010
0001
0010
,  // measure 4
1100
0000
0001
0000
1000
0000
0010
0000
0001
0000
0100
0010
0000
0100
1000
0100
,  // measure 5
0011
0000
0100
0000
0010
0000
1000
0000
0001
0000
0010
0001
0000
1000
0100
0010
,  // measure 6
1001
0000
0000
0000
1001
0000
0000
0000
1001
0000
0001
0010
0100
1000
0001
0010
,  // measure 7
0101
0000
1000
0000
0001
0000
0010
0000
0001
0000
1000
0100
0000
0001
1000
0100
,  // measure 8
1010
0000
0100
0000
1000
0000
0010
0000
1000
0000
0001
1000
0000
0100
0010
0001
,  // measure 9
1100
0000
1100
0000
1100
0000
0000
0001
0010
0001
0010
0001
0000
0000
0010
0000
,  // measure 10
1001
0000
0100
0000
0011
0000
0100
0000
1001
0000
1000
0100
0010
0001
1000
0100
,  // measure 11
0011
0000
0000
0000
0011
0000
0000
0000
0011
0000
1000
0100
0000
1000
0100
0010
,  // measure 12
0001
0000
1000
0000
0010
0000
1000
0000
0110
0000
0000
0000
1001
0000
0010
0001
,  // measure 13
1100
0000
0010
0001
0010
0000
0010
0000
1001
0000
0000
0000
1001
0000
0010
0100
,  // measure 14
0011
0000
0100
1000
0100
0000
0100
0000
0011
0000
1000
0100
0010
0001
0010
0100
,  // measure 15
1001
0000
0000
0000
1100
0000
0000
0000
1001
0000
0010
0100
0000
1000
0001
1000
,  // measure 16
0010
0000
0100
0000
1001
0000
0100
0000
0110
0000
0000
0000
1001
0000
0010
0001
,  // measure 17
1100
0000
0011
0000
1100
0000
0011
0000
1000
0100
0010
0100
1000
0000
1000
0001
,  // measure 18
0110
0000
0000
0000
1001
0000
0000
0000
0110
0000
0010
0100
1000
0001
0010
0100
,  // measure 19
1100
0000
0110
0000
0011
0000
1001
0000
1100
0000
1000
0100
0010
0001
0010
0100
,  // measure 20
1010
0000
1001
0000
0101
0000
0110
0000
1010
0000
1000
0100
0010
0001
0010
0100
,  // measure 21
1001
0000
0010
0100
0010
0100
0010
0100
1001
0000
0010
0100
0010
0100
0010
0100
,  // measure 22
0010
0001
0010
0100
1000
0001
0010
0100
1000
0001
0010
0100
1000
0001
0010
0100
,  // measure 23
1010
0000
1000
0000
1100
0000
0100
0000
0101
0000
0001
0000
0011
0000
0010
0100
,  // measure 24
2002
0000
3003
0000
0110
0000
1001
0000
0010
0000
0110
0000
1001
0000
1000
0100
,  // measure 25
0022
0000
0033
0000
1100
0000
0011
0000
0100
0000
1100
0000
0011
0000
0001
0010
,  // measure 26
0202
0000
0303
0000
1010
0000
0101
0000
0001
0000
1000
0000
0100
0000
0010
1000
,  // measure 27
0011
0000
1000
0000
0101
0000
0010
0000
1100
0000
0001
0000
1010
0000
0100
0010
,  // measure 28
2002
0000
3003
0000
0110
0000
1001
0000
0100
0000
0100
0000
0011
0000
2000
0100
,  // measure 29
0001
0000
3001
0000
1100
0000
1100
0000
0110
0000
0000
0000
1001
0000
0001
1000
,  // measure 30
0220
0000
0330
0000
1000
0001
0100
0010
1000
0100
1000
0010
0100
0010
0100
0001
,  // measure 31
1100
0011
1100
0011
1000
0100
0010
0001
,  // measure 32
2000
0000
3100
0011
2010
0000
3001
0010
,  // measure 33
0020
0000
0130
0010
0100
1001
0110
1000
,  // measure 34
0012
0000
0000
0000
0013
0000
0001
0000
0010
0000
1010
0000
0101
0000
0010
0001
,  // measure 35
1010
0100
1010
0001
0101
0010
0101
1000
,  // measure 36
0220
0000
0330
0000
1001
0000
0110
0000
1000
0000
0011
0000
1100
0000
0002
0100
,  // measure 37
1000
0013
1000
0001
1100
0001
0110
1000
,  // measure 38
0011
0000
1000
0000
0001
0010
0100
1000
0001
0010
0100
1000
0001
0010
0100
1000
,  // measure 39
0110
0000
1000
0001
0100
0000
0001
1000
0110
0000
1000
0010
0001
0000
1000
0100
,  // measure 40
0011
0000
0100
0001
1000
0000
0001
0100
0011
0000
1000
0100
0010
0000
0001
0010
,  // measure 41
1100
0000
0010
0001
0010
0000
0001
0010
1100
0000
1000
0001
1000
0000
0010
0100
,  // measure 42
1002
0000
0103
1001
0000
0001
0010
0100
,  // measure 43
1010
0000
0100
0001
0010
0000
0001
0100
1010
0000
1000
0100
0010
0000
0001
1000
,  // measure 44
0101
0000
0010
0100
0010
0000
1000
0010
0101
0000
0001
0100
0001
0000
1000
0010
,  // measure 45
1100
0000
0010
0100
0011
0000
0100
0001
1010
0000
1000
0010
0101
0000
0010
0100
,  // measure 46
1001
0000
0100
1000
0100
0000
0010
0100
0010
0000
1000
0100
0010
0100
1000
0100
,  // measure 47
1000
0001
1000
0000
1000
0100
0010
0001
0010
0100
1000
0100
0010
0001
0010
0100
,  // measure 48
1001
0000
0000
0000
0110
0000
0000
0000
1001
0000
0100
0010
0000
1000
0001
1000
,  // measure 49
0011
0000
1000
0000
0011
0000
0100
0000
1001
0000
0010
0001
0110
0000
0001
0010
,  // measure 50
1100
0000
0001
0010
0001
0000
0001
0000
1100
0000
0000
0000
0011
0000
1000
0100
,  // measure 51
0011
0000
1000
0100
1000
0000
1000
0000
0110
0000
1000
0100
0010
0001
1000
0100
,  // measure 52
1010
0000
0000
0000
0101
0000
0000
0000
1010
0000
1000
0010
0000
0001
0100
0010
,  // measure 53
1100
0000
0001
0000
1100
0000
0010
0000
1001
0000
0000
0000
0110
0000
0001
0010
,  // measure 54
1100
0000
0010
0000
1001
0000
0100
1000
0001
0010
0001
0010
0001
0000
0000
0000
,  // measure 55
1001
0000
0010
0000
0110
0000
0010
0000
1001
0000
0010
0100
1000
0100
0010
0001
,  // measure 56
1010
0000
0000
0000
0101
0000
0000
0000
1010
0000
0100
0001
0000
1000
0010
0100
,  // measure 57
1010
0000
0001
0000
1010
0000
0100
0000
1001
0000
0010
0100
0000
0001
1000
0001
,  // measure 58
1100
0000
1100
0000
0011
0000
0011
0000
1100
0000
0000
0000
0011
0000
1000
0010
,  // measure 59
0101
0000
0101
0000
0110
0000
0110
0000
1010
0000
1000
0100
1000
0001
0010
0001
,  // measure 60
1100
0000
0000
0000
0110
0000
0000
0000
0011
0000
1000
0100
0000
0001
0010
0100
,  // measure 61
0001
0000
0001
0000
1000
0000
1000
0000
0001
1000
0001
1000
0001
1000
0001
1000
,  // measure 62
0011
0000
0100
0000
1100
0000
0010
0000
1000
0010
1000
0010
1000
0000
0000
0000
,  // measure 63
1010
0000
0100
0000
0101
0000
0010
0000
0001
0100
0001
0100
0001
0000
0000
0000
,  // measure 64
1001
0000
0110
0000
1001
0000
0110
0000
0010
0100
0010
0100
0010
0000
0000
0000
,  // measure 65
1100
0000
0011
0110
0000
0000
0000
0000
;
