#TITLE:Vanity Angel;
#SUBTITLE:(Seraphim Mix);
#ARTIST:DM Ashura vs. Fixx;
#TITLETRANSLIT:;
#SUBTITLETRANSLIT:;
#ARTISTTRANSLIT:;
#CREDIT:;
#BANNER:Vanity Angel-BN.jpg;
#BACKGROUND:Vanity Angel-BG.jpg;
#LYRICSPATH:;
#CDTITLE:;
#MUSIC:Vanity Angel (Seraphim Mix).mp3;
#OFFSET:-13.000;
#SAMPLESTART:53.541;
#SAMPLELENGTH:12.000;
#SELECTABLE:YES;
#BPMS:0.000=148.000;
#STOPS:;
#BGCHANGES:;
// cache tags:
#FIRSTBEAT:0.000;
#LASTBEAT:244.000;
#SONGFILENAME:Songs/All Songs/Vanity Angel/Vanity Angel.sm;
#HASMUSIC:1;
#HASBANNER:1;
#MUSICLENGTH:116.824;
// end cache tags

//---------------dance-single - ----------------
#NOTES:
     dance-single:
     :
     Hard:
     8:
     0.342,0.496,0.026,0.060,0.274,270.000,3.000,7.000,0.000,0.000:
1000
0010
0100
0001
,
1000
0010
0100
0001
,
1000
0010
0100
0001
,
1000
0010
0100
0001
,
1000
0010
0100
0010
,
0100
0010
0001
0010
,
0100
0010
0001
0010
,
0100
0010
0001
0100
,
0000
1000
0100
1000
0000
0000
0100
1000
0000
0010
0000
0000
0000
0000
0000
0000
,
0100
1000
0000
0001
0000
0000
0010
0100
0000
1000
0000
0000
0000
0000
0000
0000
,
0000
1001
0000
0000
0100
0000
0010
0001
1000
0000
0100
0000
0000
0000
0000
0000
,
0001
1000
0000
0000
0100
0000
0010
0100
1000
0000
0001
0000
0000
0000
0000
0000
,
0000
0100
1000
0000
0010
0000
1000
0100
0010
0000
0001
0000
0000
0000
0000
0000
,
0001
0010
0000
0000
0100
0000
1000
0010
0100
0001
0000
0000
0000
0000
0000
0000
,
0100
1000
0000
0010
0000
0000
1000
0100
0010
0001
0000
0000
0000
0000
0000
0000
,
0001
1000
0000
0010
0000
1000
0100
0000
1001
0000
0000
0000
0000
0000
0000
0000
,
2000
0000
0000
0000
,
0000
3001
0010
0100
,
0002
0000
0000
0000
,
0000
0000
0000
0003
,
2000
0000
0000
0000
,
3000
0001
0100
0010
,
1000
0001
0100
0010
,
0001
1000
0100
0010
,
0002
0000
0000
0000
,
0000
0000
0000
0000
,
2003
0000
0000
0000
,
0000
0000
3000
0000
,
1000
0000
0100
0000
0001
0010
0000
0100
0000
0000
1000
0010
0000
0100
0000
0001
,
0000
0010
0100
0000
0000
1000
0010
0000
0100
0000
0000
0001
0010
0000
0100
1000
,
0000
0000
0010
0000
0100
0001
0000
0010
0100
0000
0000
1000
0000
0010
0000
0100
,
0000
0001
0100
0000
0010
0000
0000
1000
0001
0000
0100
0000
0010
0000
1000
0000
,
0100
0000
1000
0010
0000
0000
1000
0100
0000
1000
0000
0010
0000
1000
0100
0000
,
0000
1000
0010
0000
1000
0001
0000
0100
0000
0001
0010
0000
0100
1000
0000
0010
,
0000
1000
0001
0000
0010
0100
0000
1000
0000
0010
1000
0000
0001
0010
0000
0100
,
0000
1000
0000
0010
0000
1000
0001
0000
0000
1000
0000
0001
0000
0100
0000
0001
,
0000
0001
0100
0010
,
1000
0010
0100
0001
,
1000
0010
0100
0010
,
0100
1000
0010
0100
,
0001
0100
1000
0010
,
0100
1000
0010
0100
,
0100
0010
0001
0100
,
1000
0010
0100
0001
,
0010
0100
0010
1000
,
0010
0100
0001
1000
,
0010
0100
0010
1000
,
0100
0010
0001
0100
,
0010
1000
0010
1000
,
0010
0100
0001
1000
,
0010
0100
0001
1000
,
0010
0100
0001
1000
,
0010
0100
0001
1000
,
0010
0100
0010
0100
,
0010
0001
0010
0100
,
0010
0001
0010
0100
,
0010
0001
0100
0010
,
0100
0001
0100
0010
,
0100
0001
1000
0010
,
0100
1000
0010
0100
,
2002
0000
0000
0000
,
3003
0000
0000
0000
;

//---------------dance-single - Copied from----------------
#NOTES:
     dance-single:
     Copied from:
     Medium:
     8:
     0.314,0.496,0.009,0.060,0.171,249.000,1.000,7.000,0.000,0.000:
1000
0010
0100
0001
,
1000
0010
0100
0001
,
1000
0010
0100
0001
,
1000
0010
0100
0001
,
1000
0010
0100
0010
,
0100
0010
0001
0010
,
0100
0010
0001
0010
,
0100
0010
0001
0100
,
0010
0100
0001
0100
,
0010
1000
0010
0100
,
0001
1000
0010
0100
,
0001
1000
0010
0100
,
0001
1000
0010
0100
,
0001
1000
0010
0100
,
0010
0100
0010
0001
,
0010
0100
0010
0000
,
2000
0000
0000
0000
,
0000
3001
0010
0100
,
0002
0000
0000
0000
,
0000
0000
0000
0003
,
2000
0000
0000
0000
,
3000
0001
0100
0010
,
1000
0001
0100
0010
,
0001
1000
0100
0010
,
0002
0000
0000
0000
,
0000
0000
0000
0000
,
2003
0000
0000
0000
,
0000
0000
3000
0000
,
1000
0000
0100
0000
0001
0010
0000
0100
0000
0000
1000
0010
0000
0100
0000
0001
,
0000
0010
0100
0000
0000
1000
0010
0000
0100
0000
0000
0001
0010
0000
0100
1000
,
0000
0000
0010
0000
0100
0001
0000
0010
0100
0000
0000
1000
0000
0010
0000
0100
,
0000
0001
0100
0000
0010
0000
0000
1000
0001
0000
0100
0000
0010
0000
1000
0000
,
0100
0000
1000
0010
0000
0000
1000
0100
0000
1000
0000
0010
0000
1000
0100
0000
,
0000
1000
0010
0000
1000
0001
0000
0100
0000
0001
0010
0000
0100
1000
0000
0010
,
0000
1000
0001
0000
0010
0100
0000
1000
0000
0010
1000
0000
0001
0010
0000
0100
,
0000
1000
0000
0010
0000
1000
0001
0000
0000
1000
0000
0001
0000
0100
0000
0001
,
0000
0001
0100
0010
,
1000
0010
0100
0001
,
1000
0010
0100
0010
,
0100
1000
0010
0100
,
0001
0100
1000
0010
,
0100
1000
0010
0100
,
0100
0010
0001
0100
,
1000
0010
0100
0001
,
0010
0100
0010
1000
,
0010
0100
0001
1000
,
0010
0100
0010
1000
,
0100
0010
0001
0100
,
0010
1000
0010
1000
,
0010
0100
0001
1000
,
0010
0100
0001
1000
,
0010
0100
0001
1000
,
0010
0100
0001
1000
,
0010
0100
0010
0100
,
0010
0001
0010
0100
,
0010
0001
0010
0100
,
0010
0001
0100
0010
,
0100
0001
0100
0010
,
0100
0001
1000
0010
,
0100
1000
0010
0100
,
2002
0000
0000
0000
,
3003
0000
0000
0000
;
