#TITLE:Dogura;
#SUBTITLE:;
#ARTIST:Unknown;
#TITLETRANSLIT:;
#SUBTITLETRANSLIT:;
#ARTISTTRANSLIT:;
#CREDIT:;
#BANNER:dogura.png;
#BACKGROUND:dogura-bg.png;
#LYRICSPATH:;
#CDTITLE:!mwerpTitle.png;
#MUSIC:dogura.mp3;
#OFFSET:-1.580;
#SAMPLESTART:40.866;
#SAMPLELENGTH:12.000;
#SELECTABLE:YES;
#BPMS:0.000=177.960,124.500=147.960,125.000=117.960,125.500=87.960,126.000=77.960,130.500=117.960,131.000=147.960,131.500=177.960,132.000=88.980,140.000=177.960,284.000=89.000,299.000=78.980,299.500=68.980,300.000=58.980,300.500=48.980,301.000=38.980;
#STOPS:131.875=0.180
;
#BGCHANGES:;
// cache tags:
#FIRSTBEAT:28.000;
#LASTBEAT:302.000;
#SONGFILENAME:Songs/All Songs/Dogura/dogura.sm;
#HASMUSIC:1;
#HASBANNER:1;
#MUSICLENGTH:118.701;
// end cache tags

//---------------dance-single - ----------------
#NOTES:
     dance-single:
     :
     Hard:
     10:
     0.757,0.890,0.329,0.118,0.518,576.000,39.000,14.000,0.000,0.000:  // measure 1
0000
0000
0000
0000
,  // measure 2
0000
0000
0000
0000
,  // measure 3
0000
0000
0000
0000
,  // measure 4
0000
0000
0000
0000
,  // measure 5
0000
0000
0000
0000
,  // measure 6
0000
0000
0000
0000
,  // measure 7
0000
0000
0000
0000
,  // measure 8
1100
0001
0010
0100
,  // measure 9
0101
1000
0010
0001
,  // measure 10
1010
0001
0010
0100
,  // measure 11
1001
0100
1000
0001
,  // measure 12
1100
0001
0010
0100
,  // measure 13
0101
1000
0010
0001
,  // measure 14
1010
0001
0010
0100
,  // measure 15
1001
0000
0100
0000
1000
0000
0001
0010
,  // measure 16
1001
0100
0001
0010
1000
0001
1000
0100
,  // measure 17
0011
0010
0110
0000
0000
0110
0000
0010
,  // measure 18
0001
0100
1000
0001
0100
0010
0100
0001
,  // measure 19
1000
0010
0011
0100
0101
1000
0000
0001
,  // measure 20
1001
0100
0001
0010
1000
0001
1000
0100
,  // measure 21
0011
0010
0110
0000
0000
0110
0000
0010
,  // measure 22
0001
0100
1000
0001
0100
0010
0100
0001
,  // measure 23
1000
0010
0011
0100
0101
1000
0000
1000
,  // measure 24
1001
0000
0100
0000
0001
0000
0010
0000
1000
0000
0001
0000
1000
0000
0100
1000
,  // measure 25
0010
0010
0110
0100
1100
0010
0000
0010
,  // measure 26
0001
0000
0100
0000
1000
0000
0001
0000
0100
0000
0010
0000
0100
0000
0001
0010
,  // measure 27
0100
0010
0100
0000
1100
0000
0100
0000
0101
0000
1000
0000
0000
0000
0001
0100
,  // measure 28
1001
0000
0100
0000
0001
0000
0010
0000
1000
0000
0001
0000
1000
0000
0100
0010
,  // measure 29
0001
0010
0100
0000
0110
0000
1000
0000
0110
0000
0001
0000
0000
0000
0110
0000
,  // measure 30
1001
0100
1000
0001
0100
0010
0100
0001
,  // measure 31
1000
0010
0011
0100
0101
1000
0001
1001
,  // measure 32
2002
0000
0000
0000
0000
0000
0000
0000
0000
0000
0000
0000
0000
0000
0000
0000
0000
0000
0000
0000
0000
0000
0000
0000
0000
0000
0000
0000
0000
0000
0000
3003
,  // measure 33
2002
0000
0000
0000
0000
0000
0000
0000
0000
0000
0000
0000
0000
0000
0000
0000
0000
0000
0000
0000
0000
0000
0000
0000
0000
0000
0000
0000
0000
0000
0000
3003
,  // measure 34
0010
0100
0001
0100
0010
1000
0100
0010
0001
0100
0010
0100
0001
1000
0100
0001
,  // measure 35
0010
0100
1000
0001
0100
1000
0100
0010
1000
0100
0010
0100
0010
0001
0100
0001
,  // measure 36
0010
0000
0001
0000
1000
0001
1000
0000
0100
0000
0010
0000
0001
0100
0001
0000
,  // measure 37
1000
0000
0100
0000
0010
0001
0010
0000
0100
0000
1000
0000
0001
0010
0001
0000
,  // measure 38
1000
0000
0100
0000
0010
0100
0010
0000
1000
0000
0001
0000
0100
0010
0100
0000
,  // measure 39
0001
0000
1000
0000
0010
1000
0010
0000
0100
0000
0001
0000
0010
0001
0010
0000
,  // measure 40
0100
0000
1000
0000
0001
0000
0100
0001
0100
0001
0010
0000
0001
0000
0100
0001
,  // measure 41
1000
0000
0010
0000
0100
0000
0010
1000
0010
1000
0100
0000
1000
0100
0010
0000
,  // measure 42
0010
0000
0001
0000
1000
0000
0010
1000
0010
1000
0100
0000
1000
0000
0010
1000
,  // measure 43
0001
0000
0100
0000
0010
0000
0100
0001
0100
0001
0010
0000
0001
0010
0100
0000
,  // measure 44
1000
0000
0010
0000
0100
0000
0001
0100
0001
0100
1000
0000
0100
0000
0001
0100
,  // measure 45
0010
0000
1000
0000
0001
0000
1000
0010
1000
0010
0001
0000
0010
0001
1000
0000
,  // measure 46
1000
0000
0001
0000
0100
0000
1000
0100
1000
0100
0010
0000
0100
0000
1000
0100
,  // measure 47
0001
0000
0010
0000
1000
0000
0010
0001
0010
0001
1000
0000
0001
1000
0010
0000
,  // measure 48
0100
0000
1000
0000
0001
0000
0100
0001
0100
0001
0010
0000
0001
0000
0100
0001
,  // measure 49
1000
0000
0010
0000
0100
0000
0010
1000
0010
1000
0100
0000
1000
0100
0010
0000
,  // measure 50
0010
0000
0001
0000
1000
0000
0010
1000
0010
1000
0100
0000
1000
0000
0010
1000
,  // measure 51
0001
0000
0100
0000
0010
0000
0100
0001
0100
0001
0010
0000
0001
0010
0100
0000
,  // measure 52
1000
0000
0010
0000
0100
0000
0001
0100
0001
0100
1000
0000
0100
0000
0001
0100
,  // measure 53
0010
0000
1000
0000
0001
0000
1000
0010
1000
0010
0001
0000
0010
0001
1000
0000
,  // measure 54
1000
0000
0001
0000
0100
0000
1000
0100
1000
0100
0010
0000
0100
0000
1000
0100
,  // measure 55
0001
0000
0010
0000
1000
0000
0010
0001
0010
0001
1000
0000
0001
1000
0010
0000
,  // measure 56
0001
0000
0010
0000
0100
0000
1000
0100
1000
0100
0010
0000
0001
0000
0010
0100
,  // measure 57
1000
0000
0001
0000
1000
0000
0010
0100
0001
0100
0010
0000
0001
1000
0010
0000
,  // measure 58
0100
0000
1000
0000
0001
0000
1000
0010
1000
0001
0100
0000
0001
0000
1000
0010
,  // measure 59
1000
0000
0001
0000
0100
0000
0010
1000
0100
0010
0100
0000
0001
0010
0100
0000
,  // measure 60
1000
0000
0100
0000
1000
0000
0010
0001
1000
0001
1000
0000
0010
0000
0100
0001
,  // measure 61
0100
0000
0010
0000
1000
0000
0001
0100
0010
0100
0001
0000
1000
0010
1000
0000
,  // measure 62
0002
0000
0000
0000
,  // measure 63
2003
3200
0320
0032
,  // measure 64
0203
0001
0010
1000
,  // measure 65
0010
0001
1000
0001
,  // measure 66
0320
0100
1000
0100
,  // measure 67
0001
1000
0001
0100
,  // measure 68
2030
0001
0010
0001
,  // measure 69
0100
0000
0000
0000
0010
0000
0000
0000
0001
0000
0000
0000
0100
0000
0001
0010
,  // measure 70
3100
0010
1000
0100
0001
0100
1000
0010
,  // measure 71
0100
0000
0001
0000
0010
0000
0100
0000
1000
0100
0010
0000
0100
0000
0010
0000
,  // measure 72
1001
0000
0000
0000
0010
0000
0100
0000
1000
0000
0100
0000
0010
0000
0100
0000
0001
0000
0010
0000
0100
0000
0001
0000
1000
0100
1000
0000
0001
0000
0100
0000
,  // measure 73
0010
0000
0001
0010
0100
1000
0001
0100
0010
1000
0001
0100
0010
0001
0010
0000
,  // measure 74
1000
0000
0100
0010
0100
0001
0010
1000
0010
0000
0010
0001
0100
0000
0010
1000
,  // measure 75
0100
1000
0010
0000
0100
0000
0001
0000
0010
0000
0100
1000
0001
0000
0010
0000
1001
0000
0000
0000
0110
0000
0000
0000
2002
0000
0000
0000
0000
0000
0000
0000
,  // measure 76
0000
0000
3003
0000
;
