#TITLE:Speedcore Dandy;
#SUBTITLE:;
#ARTIST:m1dy;
#TITLETRANSLIT:;
#SUBTITLETRANSLIT:;
#ARTISTTRANSLIT:;
#CREDIT:;
#BANNER:speedcoredandy.png;
#BACKGROUND:speedcoredandy-bg.png;
#LYRICSPATH:;
#CDTITLE:!DBStitle.png;
#MUSIC:speedcore dandy.mp3;
#OFFSET:-0.150;
#SAMPLESTART:29.083;
#SAMPLELENGTH:12.000;
#SELECTABLE:YES;
#DISPLAYBPM:216.000;
#BPMS:0.000=216.000,92.000=108.000,94.000=216.000,124.000=431.998,125.000=216.000,125.500=108.000,126.000=216.000,330.000=431.997,331.000=323.997,332.000=216.001,333.000=124.999,334.000=216.000,390.000=108.000,392.000=216.000,396.000=108.000,397.500=216.000,428.000=431.997,428.250=323.999,428.500=216.000,428.750=124.999,429.000=216.000;
#STOPS:397.500=0.140
;
#BGCHANGES:;
// cache tags:
#FIRSTBEAT:0.000;
#LASTBEAT:656.000;
#SONGFILENAME:Songs/All Songs/Omegix - Speedcore Dandy/speedcoredandy.sm;
#HASMUSIC:1;
#HASBANNER:1;
#MUSICLENGTH:185.176;
// end cache tags

//---------------dance-single - ----------------
#NOTES:
     dance-single:
     :
     Hard:
     13:
     1.000,1.000,1.000,0.119,1.000,1783.000,301.000,22.000,0.000,0.000:  // measure 1
1000
0001
1000
0001
1000
0000
0001
1000
0001
1000
0001
0000
0100
0010
0100
0000
,  // measure 2
1000
0001
1000
0001
1000
0000
0001
1000
0001
1000
0001
0000
1001
0000
0000
0000
,  // measure 3
0001
0010
0001
0010
0001
0000
1000
0100
1000
0100
1000
0000
0100
0010
0100
0000
,  // measure 4
0001
1000
0001
1000
0001
0000
1000
0001
1000
0001
1000
0000
1001
0000
0000
0000
,  // measure 5
1000
0100
0010
0001
0010
0000
0001
0010
0100
1000
0100
0000
0010
0100
0010
0000
,  // measure 6
1000
0100
0010
0001
0010
0000
0001
0010
0100
1000
0100
0000
1001
0000
0000
0000
,  // measure 7
0110
0000
1010
0101
0000
1100
0110
0011
,  // measure 8
0101
0000
0000
0100
0000
0000
0110
0000
0000
0010
0000
0000
1000
0100
0010
0001
1000
0100
0010
0001
1000
0100
0010
0001
,  // measure 9
1000
0100
0010
0001
0010
0100
0010
0100
0001
0010
0001
0010
0100
1000
0001
0010
,  // measure 10
1000
0100
0010
0001
0010
0100
0010
0100
1000
0100
1000
0100
0010
0001
1000
0100
,  // measure 11
0001
1000
0010
0100
0001
1000
0001
1000
0001
0100
0001
0010
0100
1000
0001
0100
,  // measure 12
1000
0000
0000
0001
0000
0000
0100
0000
0000
0010
0000
0000
1000
0000
0000
0001
0000
0000
1000
0000
0000
0001
0000
0000
1000
0000
0000
0010
0000
0000
1000
0000
0000
0001
0000
0000
0100
0000
0010
0000
1000
0000
0100
0000
0010
0000
0001
0000
,  // measure 13
0100
1000
0001
1000
0001
0010
0100
0010
1000
0100
1000
0100
0010
0001
1000
0100
,  // measure 14
1000
0001
1000
0001
1000
0100
0010
0100
0001
0010
0001
0010
0100
1000
0001
0010
,  // measure 15
0001
0100
0001
0100
0001
0010
0100
1000
0010
0100
0010
1000
0100
1000
0010
0100
,  // measure 16
1001
0000
0000
0000
1001
0000
0000
0000
1000
0100
1000
0100
1000
0100
1000
0100
,  // measure 17
1000
0010
0100
0010
1000
0001
1000
0001
1000
0100
0001
0010
0100
1000
0001
0010
,  // measure 18
0001
0100
0010
0100
0001
1000
0001
1000
0001
0010
1000
0100
0010
0001
1000
0100
,  // measure 19
1000
0010
1000
0010
1000
0001
0100
0010
1000
0010
0001
0010
0100
1000
0010
1000
,  // measure 20
0001
0000
0000
0100
0000
0000
0001
0000
0000
0100
0000
0000
0001
0000
0000
1000
0000
0000
0010
0000
0000
0100
0000
0000
0001
0000
0000
0100
0000
0000
1000
0000
0000
0100
0000
0000
0001
0000
0010
0000
0100
0000
1000
0000
0010
0000
0100
0000
,  // measure 21
0001
1000
0001
1000
0001
0100
0010
0001
0100
0010
1000
0100
0010
0001
0100
0010
,  // measure 22
1000
0001
1000
0001
1000
0010
0100
1000
0010
0100
0001
0010
0100
1000
0010
0100
,  // measure 23
1000
0100
0010
0100
1000
0100
0010
0100
1000
0100
0010
0100
1000
0100
0010
0100
,  // measure 24
1002
0000
0000
0000
2003
0000
0000
0000
3001
0010
0100
1000
0010
0100
0001
1000
,  // measure 25
0100
0010
0001
0100
0010
1000
0001
0010
1000
0100
0010
0001
0100
0010
1000
0001
,  // measure 26
0010
0100
1000
0010
0100
0001
1000
0100
0001
1000
0001
1000
0001
0100
0001
0010
,  // measure 27
0001
1000
0001
0010
1000
0100
0001
0010
1000
0001
1000
0001
1000
0010
1000
0100
,  // measure 28
0001
0000
0010
0000
0100
0000
1000
0000
0100
0000
0010
0000
0001
0000
0000
1000
0000
0000
0100
0000
0000
0010
0000
0000
0001
0000
0000
0010
0000
0000
0100
0000
0000
0010
0000
0000
0001
0000
0000
1000
0000
0000
0010
0000
0000
1000
0000
0000
,  // measure 29
0001
0010
0100
0010
0100
0001
0100
0010
1000
0100
0010
0100
1000
0001
0100
0001
,  // measure 30
1000
0100
0010
0100
0010
1000
0010
0100
0001
0010
0100
1000
0100
0010
0100
0010
,  // measure 31
0001
0100
0010
1000
0100
0010
0001
1000
0100
0010
0001
0010
0001
0010
0001
0010
,  // measure 32
2001
0000
0000
0000
0000
0000
0000
3000
0011
0000
1000
0000
0011
0000
0100
0000
,  // measure 33
0011
1000
0011
1000
1100
0001
1100
0010
,  // measure 34
1100
0001
1100
0100
0110
0001
0110
1000
,  // measure 35
0110
0001
0110
1000
1010
0100
1010
0001
,  // measure 36
1000
0100
0010
0001
0100
0010
1000
0000
0000
0100
0000
0000
0101
0000
0000
0010
0000
0000
0101
0000
0000
1000
0000
0000
,  // measure 37
0101
0010
0101
0001
0011
1000
0011
0100
,  // measure 38
0011
0000
1000
0000
0011
0000
1000
0000
0001
0010
0100
0010
0001
0010
0100
0010
,  // measure 39
0001
0010
0100
0010
0001
0010
0100
0010
0001
1000
0001
1000
0001
0000
1000
0001
,  // measure 40
1000
0001
1000
0000
0010
0100
0010
0100
0010
0100
1000
0100
0010
1000
0010
1000
,  // measure 41
0100
0010
0001
0010
0100
1000
0001
0010
1100
0000
0000
0000
1010
0000
0000
0000
,  // measure 42
0101
0000
0000
0000
1001
0000
1001
0000
0100
0010
0001
0010
0100
0001
0100
0001
,  // measure 43
0010
0100
1000
0100
0010
0001
1000
0100
0011
0000
0000
0000
0101
0000
0000
0000
,  // measure 44
1020
0000
0000
0000
0000
0000
0000
0000
0000
0000
0000
0000
1030
0000
0100
0000
0010
0000
0001
0000
0100
0000
0010
0000
1000
0000
0000
0001
0000
0000
1000
0000
0000
0001
0000
0000
1000
0000
0000
0010
0000
0000
0001
0000
0000
0010
0000
0000
,  // measure 45
0100
0010
1000
0100
0010
0001
1000
0010
1001
0000
0000
0000
0011
0000
0000
0000
,  // measure 46
1010
0000
0000
0000
1100
0000
1100
0000
0001
0100
0001
0100
0001
0100
1000
0100
,  // measure 47
0010
0100
0001
0010
0100
1000
0001
0100
1001
0000
0000
0000
1100
0000
0000
0000
,  // measure 48
1000
0000
0100
0000
0010
0000
0001
0000
1000
0000
0100
0000
0010
0000
0001
0000
1000
0000
0100
0000
0010
0000
0001
0000
1000
0000
0000
0010
0000
0000
0100
0000
0000
1000
0000
0000
0001
0000
0000
1000
0000
0000
0001
0000
0000
1000
0000
0000
,  // measure 49
0100
0010
0100
0010
0001
0010
0100
0010
1100
0000
0000
0000
0011
0000
0000
0000
,  // measure 50
1100
0000
0000
0000
0011
0000
0011
0000
0001
0100
0010
0001
1000
0001
1000
0001
,  // measure 51
0010
0100
0010
0100
1000
0100
0010
0100
0011
0000
0000
0000
1100
0000
0000
0000
,  // measure 52
0021
0000
0000
0000
0000
0000
0000
0000
0000
0000
0000
0000
1030
0000
0100
0000
0010
0000
0001
0000
1000
0000
0100
0000
0010
0000
0000
0001
0000
0000
0010
0000
0000
0100
0000
0000
1000
0000
0000
0100
0000
0000
1000
0000
0000
0100
0000
0000
,  // measure 53
1000
0100
0010
0100
0010
0100
1000
0100
0011
0000
0000
0000
0101
0000
0000
0000
,  // measure 54
0110
0000
0000
0000
1010
0000
1010
0000
0100
1000
0100
0010
0001
0010
0001
0010
,  // measure 55
1100
1100
0110
0110
0011
0001
0101
0100
,  // measure 56
0110
0010
0011
0000
2000
0000
0000
3002
,  // measure 57
0023
0000
0000
0000
0230
0000
0320
0000
1030
0100
0010
0001
1000
0100
0010
0001
,  // measure 58
1000
0100
0010
0001
1000
0100
0010
0001
2000
0000
0000
0000
0000
0000
3200
0000
,  // measure 59
0320
0000
0000
0000
2030
0000
3200
0000
0301
0010
0100
1000
0001
0010
0100
1000
,  // measure 60
0001
0010
0100
1000
0001
0010
0100
1000
0001
0010
0100
0010
0001
0010
0100
0010
,  // measure 61
0001
0010
0100
0010
0001
0010
0100
0010
1000
0100
0010
0100
1000
0100
0010
0100
,  // measure 62
1000
0100
0010
0100
1000
0100
0010
0001
0100
0010
0100
0001
0100
0010
0100
0001
,  // measure 63
0100
0010
0100
0001
0100
0010
1001
0000
0000
0000
1001
0000
1001
0000
1001
0000
,  // measure 64
1001
0000
0000
0000
1000
0001
1000
0001
0011
0000
0000
0000
0011
0000
0000
0000
,  // measure 65
0011
0011
0011
0011
,  // measure 66
0011
0000
0011
1000
1100
0000
1100
0000
,  // measure 67
1100
1100
1100
1100
,  // measure 68
0001
0010
0001
0000
1100
0000
0100
0000
0101
0000
0000
0000
0101
0000
0000
0000
,  // measure 69
0101
0101
0101
0101
,  // measure 70
0101
0000
0101
0010
1010
0000
1010
0000
,  // measure 71
1010
0000
1010
0000
1100
1000
1010
0010
,  // measure 72
0110
0000
0001
0010
0100
0000
0001
0010
1001
0000
0000
0000
1001
0000
0000
0000
,  // measure 73
1001
1001
1001
1001
,  // measure 74
1001
0000
1001
0010
0110
0000
0110
0000
,  // measure 75
0110
0110
0110
0110
,  // measure 76
1000
0100
1000
0000
0110
0000
0010
0000
0011
0000
0000
0000
0011
0000
0000
0000
,  // measure 77
0011
0011
0011
0011
,  // measure 78
0011
0000
0011
0010
0011
1010
0101
0000
,  // measure 79
1100
1100
0101
0110
1010
0110
0101
0101
,  // measure 80
0010
0000
0000
0100
0000
0000
0010
0000
0000
0000
0000
0000
1100
0000
0000
0000
0000
0000
1100
0000
0000
0000
0000
0000
1001
0000
0000
0000
0000
0000
0000
0000
0100
0000
0000
0000
0000
0000
0000
0000
0010
0000
0000
0000
0000
0000
0000
0000
,  // measure 81
1000
0000
0001
0000
1000
0000
1001
0000
0010
0000
0100
0000
,  // measure 82
0001
0000
1000
0000
0001
0000
1001
0000
0100
0000
0010
0000
,  // measure 83
0001
0000
1000
0000
0001
0000
1002
0000
0000
0000
0000
0000
,  // measure 84
0000
0000
0000
0000
0000
0000
0000
0000
1003
0100
0010
0100
1000
0100
1000
0100
,  // measure 85
0001
0010
0100
1000
0010
1000
0001
0010
0001
0010
0100
0010
0001
0010
0001
0010
,  // measure 86
1000
0100
0010
0001
0100
0001
1000
0100
1000
0100
0010
0100
1000
0100
0010
0100
,  // measure 87
0001
0010
0100
1000
0100
0010
0100
1000
0001
0010
0100
0010
0001
0010
0100
0010
,  // measure 88
1000
0000
0000
0100
0000
0000
0010
0000
0000
0001
0000
0000
1000
0000
0100
0000
0010
0000
0001
0000
0100
0000
0010
0000
1000
0000
0000
0100
0000
0000
0010
0000
0000
0100
0000
0000
0010
0000
0000
0100
0000
0000
1000
0000
0000
0100
0000
0000
,  // measure 89
0010
0001
0100
0010
0100
0010
0001
0010
1000
0010
0100
0010
0100
0010
0001
0010
,  // measure 90
0100
1000
0010
0100
0010
0100
1000
0100
0010
1000
0001
1000
0100
0001
1000
0001
,  // measure 91
0010
0100
1000
0100
0010
0001
0010
0100
1000
0010
0100
0010
1000
0010
0100
0010
,  // measure 92
1000
0010
0100
0010
1000
0010
0100
0010
1001
0000
1001
0000
0001
0000
1000
0000
,  // measure 93
0001
0000
1000
0000
0001
1000
0001
0000
0110
0000
0110
0000
0010
0000
0100
0000
,  // measure 94
0010
0000
0100
0000
0010
0100
0010
0000
1010
0000
1010
0000
0010
0000
1000
0000
,  // measure 95
0010
0000
1000
0000
0010
1000
0010
0000
0101
0000
0101
0000
0100
0000
0001
0000
,  // measure 96
0100
0000
0000
1000
0100
0010
0001
0100
0010
1000
0000
0000
0011
0000
0000
0011
0000
0000
0001
0000
0000
0010
0000
0000
,  // measure 97
0001
0000
0010
0000
0001
0010
0001
0000
1100
0000
1100
0000
1000
0000
0100
0000
,  // measure 98
1000
0000
0100
0000
1000
0100
1000
0000
0020
0000
0000
0000
0000
0000
0000
0000
,  // measure 99
0031
0100
0001
0100
0001
0100
0001
0100
0001
0100
0001
0100
0001
0100
0001
0100
,  // measure 100
0020
0000
0000
0000
0000
0000
1030
0000
0001
1000
0001
1000
0001
0010
0100
0010
,  // measure 101
1000
0100
0010
0001
0010
0100
0010
0001
1000
0001
1000
0001
1000
0100
0010
0100
,  // measure 102
0001
0010
0001
0010
1001
1000
0010
0100
0001
0010
0100
1000
0010
0100
0010
0001
,  // measure 103
1000
0100
1000
0100
1000
0001
0100
0010
1000
0100
0010
0001
0010
0100
0010
0100
,  // measure 104
0010
1000
0001
0100
1001
0001
0100
0010
1000
0100
0010
0001
0100
0010
0100
0001
,  // measure 105
0010
0100
1000
0100
0010
0100
1000
0100
0001
0010
0100
1000
0010
0100
0010
1000
,  // measure 106
0100
0010
0001
0100
1001
1000
0010
0100
0001
0010
0100
1000
0010
1000
0100
0010
,  // measure 107
0001
0010
0100
0010
0001
0010
0100
0010
1000
0100
0010
0001
1000
0100
0010
0001
,  // measure 108
2000
0000
0000
0000
0000
0000
0000
3000
0010
0000
0000
0000
0000
0000
0000
0000
0001
0000
0000
0000
0010
0000
0000
0000
0100
0000
0000
0000
1000
0000
0000
0000
,  // measure 109
0010
0100
0010
1000
0100
0010
0001
0100
,  // measure 110
0010
0100
1001
0100
1000
0100
0010
0001
,  // measure 111
0100
0010
0100
0001
0010
0100
1000
0010
,  // measure 112
1000
0100
0010
0001
1000
0100
0010
0000
0000
0100
0000
0000
0001
0000
0000
1000
0000
0000
0100
0000
0000
0010
0000
0000
,  // measure 113
0001
0100
0010
1000
0001
0010
0100
1000
,  // measure 114
0001
0000
0010
0000
1001
0000
0010
0000
1000
0100
0010
0100
1000
0100
0010
0100
,  // measure 115
1000
0100
0010
0100
1000
0100
0010
0100
1000
0001
1000
0001
1000
0000
0001
1000
,  // measure 116
0001
1000
0001
0000
1001
0000
0000
0000
1000
0100
0010
0001
0010
0100
0010
0100
,  // measure 117
0001
0010
0001
0010
0100
1000
0010
1000
0011
0000
0000
0000
1100
0000
0000
0000
,  // measure 118
0011
0000
0000
0000
1001
0000
1001
0000
0001
0010
0100
1000
0100
0010
0100
0010
,  // measure 119
1000
0100
1000
0100
0010
0001
0100
0001
1100
0000
0000
0000
0011
0000
0000
0000
,  // measure 120
1200
0000
0000
0000
0000
0000
0000
0000
0000
0000
0000
0000
0301
0000
0010
0000
0100
0000
1000
0000
0010
0000
0100
0000
0001
0000
0000
1000
0000
0000
0001
0000
0000
1000
0000
0000
0001
0000
0000
0010
0000
0000
0001
0000
0000
1000
0000
0000
,  // measure 121
0100
1000
0001
0010
0100
1000
0010
0100
1001
0000
0000
0000
1010
0000
0000
0000
,  // measure 122
0101
0000
0000
0000
0110
0000
0110
0000
1000
0001
1000
0001
1000
0100
1000
0001
,  // measure 123
0010
0001
1000
0100
0010
0001
0100
0010
1001
0000
0000
0000
0101
0000
0000
0000
,  // measure 124
0001
0000
0010
0000
0100
0000
1000
0000
0001
0000
0010
0000
0100
0000
1000
0000
0001
0000
0010
0000
0100
0000
1000
0000
0001
0000
0000
0010
0000
0000
0100
0000
0000
0010
0000
0000
0001
0000
0000
1000
0000
0000
0001
0000
0000
1000
0000
0000
,  // measure 125
0001
0010
0100
1000
0010
0100
0010
1000
0110
0000
0000
0000
1001
0000
0000
0000
,  // measure 126
1100
0000
0000
0000
0011
0000
0011
0000
1000
0100
0010
0100
1000
0001
1000
0001
,  // measure 127
1000
0100
0010
0001
0100
0010
0100
0001
0110
0000
0000
0000
1001
0000
0000
0000
,  // measure 128
0021
0000
0000
0000
0000
0000
0000
0000
0000
0000
0000
0000
1030
0000
0100
0000
0010
0000
0001
0000
0100
0000
0010
0000
1000
0000
0000
0100
0000
0000
1000
0000
0000
0010
0000
0000
1000
0000
0000
0001
0000
0000
0100
0000
0000
0010
0000
0000
,  // measure 129
1000
0100
0010
0001
0100
0001
0010
0100
1001
0000
0000
0000
1001
0000
0000
0000
,  // measure 130
0110
0000
0110
0110
1001
0011
1010
0000
,  // measure 131
1010
1010
0101
0101
1001
0010
0101
0100
,  // measure 132
0101
0010
1100
0000
1001
0000
1001
0000
,  // measure 133
1001
1001
1001
1001
,  // measure 134
1001
0000
1001
0010
0110
0000
0110
0000
,  // measure 135
0110
0110
0110
0110
,  // measure 136
0001
0010
0001
0000
0110
0000
0010
0000
1010
0000
0000
0000
1010
0000
0000
0000
,  // measure 137
1010
1010
1010
1010
,  // measure 138
1010
0000
1010
0100
0101
0000
0101
0000
,  // measure 139
0101
0000
0101
0000
0101
0100
0110
0010
,  // measure 140
0101
0000
0001
0010
0001
0000
1000
0100
0011
0000
0000
0000
0011
0000
0000
0000
,  // measure 141
0011
0011
0011
0011
,  // measure 142
0011
0000
0011
0100
1100
0000
1100
0000
,  // measure 143
1100
1100
1100
1100
,  // measure 144
0010
0100
0010
0000
1100
0000
1000
0000
1001
0000
0000
0000
1001
0000
0000
0000
,  // measure 145
1001
1001
1001
1001
,  // measure 146
1001
0000
1001
0001
0101
1100
0011
0000
,  // measure 147
1100
0110
1010
0011
0000
0110
1001
0110
,  // measure 148
1000
0100
0010
0000
1000
0000
0010
0100
0001
0100
0010
0100
1000
0010
0100
0010
,  // measure 149
1000
0100
0010
0001
0010
0001
0010
0100
1000
0010
0100
0010
0001
0100
0010
0100
,  // measure 150
0001
0010
0100
1000
0100
1000
0100
0010
0101
1000
0001
1000
0001
0100
0010
0100
,  // measure 151
0001
0010
0100
1000
0010
0100
0001
0100
1000
0001
1000
0001
1000
0010
0100
0010
,  // measure 152
1000
0100
0010
0001
0100
0010
1000
0010
1001
0100
0010
0001
0010
0100
0010
1000
,  // measure 153
0001
0010
0100
1000
0010
0100
0010
1000
0001
0010
0100
1000
0100
0010
0100
0001
,  // measure 154
1000
0100
0010
0001
0100
0010
0100
0010
1001
0100
0010
0001
1000
0001
0100
0010
,  // measure 155
1000
0100
0010
0001
1000
0100
1000
0001
0100
0010
0100
0010
1000
0100
1000
0010
,  // measure 156
0001
0010
0100
1000
0010
1000
0100
0010
1100
0000
0000
0000
1100
0000
0000
0100
,  // measure 157
1000
0100
0010
0001
1100
0000
0000
0000
1100
0000
0000
0000
1100
0000
0000
0000
,  // measure 158
1100
0000
0000
0000
1100
0000
0100
0000
1100
0000
0000
0000
1100
0000
0000
1000
,  // measure 159
0001
0010
0100
1000
0011
0000
0000
0000
0011
0000
0000
0000
0011
0000
0000
0000
,  // measure 160
1000
0100
1000
0000
0011
0000
0010
0000
0011
0000
0000
0000
0011
0000
0000
0001
,  // measure 161
1000
0100
0010
0001
1010
0000
0000
0000
1010
0000
0000
0000
1010
0000
0000
0000
,  // measure 162
1010
0000
1010
0010
1010
1100
0101
0000
,  // measure 163
1001
0101
1100
0110
0000
0101
1100
0101
,  // measure 164
1000
0100
1000
0000
0010
0000
0002
0000
0000
0000
0000
0000
0000
0000
0000
0000
,  // measure 165
0003
0000
0000
0000
;
