#TITLE:Beethoven Virus;
#SUBTITLE:;
#ARTIST:Banya;
#TITLETRANSLIT:;
#SUBTITLETRANSLIT:;
#ARTISTTRANSLIT:;
#CREDIT:;
#BANNER:Disc.bmp;
#BACKGROUND:Title.bmp;
#LYRICSPATH:;
#CDTITLE:;
#MUSIC:song.mp3;
#OFFSET:-0.120;
#SAMPLESTART:37.067;
#SAMPLELENGTH:12.000;
#SELECTABLE:YES;
#BPMS:0.000=162.000;
#STOPS:;
#BGCHANGES:;
// cache tags:
#FIRSTBEAT:16.000;
#LASTBEAT:260.000;
#SONGFILENAME:Songs/All Songs/Beethoven Virus/Beethoven.sm;
#HASMUSIC:1;
#HASBANNER:1;
#MUSICLENGTH:100.176;
// end cache tags

//---------------pump-single - crazy_1----------------
#NOTES:
     pump-single:
     crazy_1:
     Hard:
     8:
     0.649,0.908,0.729,0.000,0.125,377.000,73.000,0.000,0.000,5.000:






00000
00000
00000
00000
,
00000
00000
00000
00000
,
00000
00000
00000
00000
,
00000
00000
00000
00000
,
10000
00100
10000
00100
10000
00000
00000
10000
,
00001
00000
00000
00000
00000
00000
00000
00000
00100
00000
10000
00000
00001
10000
00100
01000
,
00010
00110
01000
01100
,
01110
00000
00000
00000
00000
00000
00001
00100
,
00010
00000
00000
00000
00011
00000
10000
00100
,
01000
00000
00000
00000
11000
00000
00100
10000
,
00010
01000
00001
00100
10000
00010
00100
10000
,
00001
00000
00000
00000
00000
00000
00100
10001
,
10001
00000
00000
10000
00001
00000
00000
10000
,
00001
00000
00000
00000
00000
00000
00000
00000
10000
00000
00001
00000
00100
00010
01000
00100
,
10000
10100
00001
00101
,
10101
00000
00000
00000
00000
00000
01010
00100
,
01010
00000
00000
00000
01110
00000
10001
00100
,
10001
00000
00000
00000
10101
00000
01000
00100
,
10010
00100
01001
00100
10010
00100
01001
00100
,
00010
00000
00000
00000
00000
00100
10000
00001
,
00100
00100
01010
01010
10001
10001
00100
00100
,
00011
00011
11000
11000
00100
00100
10100
00101
,
10100
00101
10000
00001
10000
00001
01000
00010
,
01000
00010
01000
00001
00100
10000
00100
00010
,
10000
00010
00001
01000
00100
00001
00010
00100
,
10000
10000
00001
00001
10001
10001
00100
01000
,
00010
00010
01000
01000
01010
01010
00100
00001
,
01000
00010
00100
00001
10000
00001
00100
00010
,
01000
00000
00000
00000
00000
00000
01000
10000
01000
00000
00100
00000
10000
00000
00001
00000
,
00100
00010
01000
00010
10000
00001
01000
00010
,
00100
00000
00000
00000
00000
00000
00010
00001
00010
00000
00100
00000
00001
00000
00001
00000
,
10000
10000
00010
00010
01000
01000
01010
01010
,
00100
00000
00000
00000
00000
00000
10000
10000
10000
00000
00001
00000
00100
00000
00010
00000
,
00100
01000
00100
10000
00100
00001
00100
00010
,
01000
00000
00000
00000
00000
00000
00001
00001
00001
00000
10000
00000
00001
00000
10000
00000
,
00010
01000
00100
10000
00001
00100
00010
01000
00100
10000
00001
00100
00010
01000
00100
00000
,
10001
10001
00100
10000
00100
10000
00100
10000
,
10001
00100
00001
00100
00001
00100
00001
00100
,
01010
00100
00010
00100
00010
00100
00010
00100
,
01010
00100
01000
00100
01000
00100
01000
00100
,
01001
00100
01000
00100
00001
00100
01000
00100
,
10010
00100
00010
00100
10000
00100
00010
00100
,
00011
00100
11000
00100
00011
00100
11000
00100
,
01000
00010
01000
00010
10000
00001
10000
00001
00100
00000
00000
00000
00000
00000
00000
00000
,
10001
00000
10001
00000
10001
00000
00001
00100
,
00010
00000
11000
00100
00001
00000
00011
00100
,
10000
00000
00000
00000
10001
00000
00000
00000
10001
00000
00100
00000
00001
00100
00010
01000
,
00100
01010
01110
01010
,
00100
00000
00000
00000
00000
00000
00001
00100
,
00010
00000
00000
00000
10001
00000
10000
00100
,
01000
00000
00000
00000
01010
00000
10000
00001
,
00100
00010
00100
01000
00100
10000
00100
00001
,
10000
00000
00000
00000
00000
00000
10000
00100
,
01000
00000
00011
00100
10000
00000
11000
00100
,
00001
00000
00000
00000
10001
00000
00000
00000
10001
00000
00100
00000
01000
00010
00100
00001
,
00101
00101
10100
10100
,
01000
00000
00000
00000
00000
00000
00001
00100
,
00010
00000
00000
00000
10001
00000
10000
00100
,
01000
00000
00000
00000
01010
00000
10000
00001
,
00100
00010
00100
01000
00100
10000
00100
00001
,
10000
00000
00000
00000
00000
00000
00001
00100
,
00010
00000
00000
00000
00000
00000
00000
00000
10001
00000
00000
00000
00000
10000
00000
00000
,
00100
01000
00000
00000
01010
00000
10000
00001
,
00100
00010
00100
01000
00100
10000
00100
00001
,
10000
00000
00000
00000
00000
00000
00000
00000
00000
00000
00000
00000
00000
00000
00000
00001
,
10000
00000
00000
00000;

//---------------pump-couple - crazy_2----------------
#NOTES:
     pump-couple:
     crazy_2:
     Hard:
     8:
     1.000,1.000,1.000,0.000,0.125,377.000,377.000,0.000,0.000,73.000:






0000000000
0000000000
0000000000
0000000000
,
0000000000
0000000000
0000000000
0000000000
,
0000000000
0000000000
0000000000
0000000000
,
0000000000
0000000000
0000000000
0000000000
,
1000010000
0010000100
1000010000
0010000100
1000010000
0000000000
0000000000
1000010000
,
0000100001
0000000000
0000000000
0000000000
0000000000
0000000000
0000000000
0000000000
0010000100
0000000000
1000010000
0000000000
0000100001
1000010000
0010000100
0100001000
,
0001000010
0011000110
0100001000
0110001100
,
0111001110
0000000000
0000000000
0000000000
0000000000
0000000000
0000100001
0010000100
,
0001000010
0000000000
0000000000
0000000000
0001100011
0000000000
1000010000
0010000100
,
0100001000
0000000000
0000000000
0000000000
1100011000
0000000000
0010000100
1000010000
,
0001000010
0100001000
0000100001
0010000100
1000010000
0001000010
0010000100
1000010000
,
0000100001
0000000000
0000000000
0000000000
0000000000
0000000000
0010000100
1000110001
,
1000110001
0000000000
0000000000
1000010000
0000100001
0000000000
0000000000
1000010000
,
0000100001
0000000000
0000000000
0000000000
0000000000
0000000000
0000000000
0000000000
1000010000
0000000000
0000100001
0000000000
0010000100
0001000010
0100001000
0010000100
,
1000010000
1010010100
0000100001
0010100101
,
1010110101
0000000000
0000000000
0000000000
0000000000
0000000000
0101001010
0010000100
,
0101001010
0000000000
0000000000
0000000000
0111001110
0000000000
1000110001
0010000100
,
1000110001
0000000000
0000000000
0000000000
1010110101
0000000000
0100001000
0010000100
,
1001010010
0010000100
0100101001
0010000100
1001010010
0010000100
0100101001
0010000100
,
0001000010
0000000000
0000000000
0000000000
0000000000
0010000100
1000010000
0000100001
,
0010000100
0010000100
0101001010
0101001010
1000110001
1000110001
0010000100
0010000100
,
0001100011
0001100011
1100011000
1100011000
0010000100
0010000100
1010010100
0010100101
,
1010010100
0010100101
1000010000
0000100001
1000010000
0000100001
0100001000
0001000010
,
0100001000
0001000010
0100001000
0000100001
0010000100
1000010000
0010000100
0001000010
,
1000010000
0001000010
0000100001
0100001000
0010000100
0000100001
0001000010
0010000100
,
1000010000
1000010000
0000100001
0000100001
1000110001
1000110001
0010000100
0100001000
,
0001000010
0001000010
0100001000
0100001000
0101001010
0101001010
0010000100
0000100001
,
0100001000
0001000010
0010000100
0000100001
1000010000
0000100001
0010000100
0001000010
,
0100001000
0000000000
0000000000
0000000000
0000000000
0000000000
0100001000
1000010000
0100001000
0000000000
0010000100
0000000000
1000010000
0000000000
0000100001
0000000000
,
0010000100
0001000010
0100001000
0001000010
1000010000
0000100001
0100001000
0001000010
,
0010000100
0000000000
0000000000
0000000000
0000000000
0000000000
0001000010
0000100001
0001000010
0000000000
0010000100
0000000000
0000100001
0000000000
0000100001
0000000000
,
1000010000
1000010000
0001000010
0001000010
0100001000
0100001000
0101001010
0101001010
,
0010000100
0000000000
0000000000
0000000000
0000000000
0000000000
1000010000
1000010000
1000010000
0000000000
0000100001
0000000000
0010000100
0000000000
0001000010
0000000000
,
0010000100
0100001000
0010000100
1000010000
0010000100
0000100001
0010000100
0001000010
,
0100001000
0000000000
0000000000
0000000000
0000000000
0000000000
0000100001
0000100001
0000100001
0000000000
1000010000
0000000000
0000100001
0000000000
1000010000
0000000000
,
0001000010
0100001000
0010000100
1000010000
0000100001
0010000100
0001000010
0100001000
0010000100
1000010000
0000100001
0010000100
0001000010
0100001000
0010000100
0000000000
,
1000110001
1000110001
0010000100
1000010000
0010000100
1000010000
0010000100
1000010000
,
1000110001
0010000100
0000100001
0010000100
0000100001
0010000100
0000100001
0010000100
,
0101001010
0010000100
0001000010
0010000100
0001000010
0010000100
0001000010
0010000100
,
0101001010
0010000100
0100001000
0010000100
0100001000
0010000100
0100001000
0010000100
,
0100101001
0010000100
0100001000
0010000100
0000100001
0010000100
0100001000
0010000100
,
1001010010
0010000100
0001000010
0010000100
1000010000
0010000100
0001000010
0010000100
,
0001100011
0010000100
1100011000
0010000100
0001100011
0010000100
1100011000
0010000100
,
0100001000
0001000010
0100001000
0001000010
1000010000
0000100001
1000010000
0000100001
0010000100
0000000000
0000000000
0000000000
0000000000
0000000000
0000000000
0000000000
,
1000110001
0000000000
1000110001
0000000000
1000110001
0000000000
0000100001
0010000100
,
0001000010
0000000000
1100011000
0010000100
0000100001
0000000000
0001100011
0010000100
,
1000010000
0000000000
0000000000
0000000000
1000110001
0000000000
0000000000
0000000000
1000110001
0000000000
0010000100
0000000000
0000100001
0010000100
0001000010
0100001000
,
0010000100
0101001010
0111001110
0101001010
,
0010000100
0000000000
0000000000
0000000000
0000000000
0000000000
0000100001
0010000100
,
0001000010
0000000000
0000000000
0000000000
1000110001
0000000000
1000010000
0010000100
,
0100001000
0000000000
0000000000
0000000000
0101001010
0000000000
1000010000
0000100001
,
0010000100
0001000010
0010000100
0100001000
0010000100
1000010000
0010000100
0000100001
,
1000010000
0000000000
0000000000
0000000000
0000000000
0000000000
1000010000
0010000100
,
0100001000
0000000000
0001100011
0010000100
1000010000
0000000000
1100011000
0010000100
,
0000100001
0000000000
0000000000
0000000000
1000110001
0000000000
0000000000
0000000000
1000110001
0000000000
0010000100
0000000000
0100001000
0001000010
0010000100
0000100001
,
0010100101
0010100101
1010010100
1010010100
,
0100001000
0000000000
0000000000
0000000000
0000000000
0000000000
0000100001
0010000100
,
0001000010
0000000000
0000000000
0000000000
1000110001
0000000000
1000010000
0010000100
,
0100001000
0000000000
0000000000
0000000000
0101001010
0000000000
1000010000
0000100001
,
0010000100
0001000010
0010000100
0100001000
0010000100
1000010000
0010000100
0000100001
,
1000010000
0000000000
0000000000
0000000000
0000000000
0000000000
0000100001
0010000100
,
0001000010
0000000000
0000000000
0000000000
0000000000
0000000000
0000000000
0000000000
1000110001
0000000000
0000000000
0000000000
0000000000
1000010000
0000000000
0000000000
,
0010000100
0100001000
0000000000
0000000000
0101001010
0000000000
1000010000
0000100001
,
0010000100
0001000010
0010000100
0100001000
0010000100
1000010000
0010000100
0000100001
,
1000010000
0000000000
0000000000
0000000000
0000000000
0000000000
0000000000
0000000000
0000000000
0000000000
0000000000
0000000000
0000000000
0000000000
0000000000
0000100001
,
1000010000
0000000000
0000000000
0000000000;

//---------------pump-double - double----------------
#NOTES:
     pump-double:
     double:
     Medium:
     5:
     0.432,0.552,0.479,0.000,0.000,255.000,48.000,0.000,0.000,0.000:






0000000000
0000000000
0000000000
0000000000
,
0000000000
0000000000
0000000000
0000000000
,
0000000000
0000000000
0000000000
0000000000
,
0000000000
0000000000
0000000000
0000000000
,
1000000000
0010000000
0000100000
0000010000
0000001000
0000000000
0000000000
0000000010
,
0000000001
0000000000
0000000000
0000000000
,
0000000011
0000011000
0001100000
1100000000
,
0010000000
0000000000
0000000000
0000000000
0000000000
0000000000
1000000000
0010000000
,
0100000000
0000000000
0000000000
0000000000
0001001000
0000000000
0000000001
0000000100
,
0000000010
0000000000
0000000000
0000000000
0000110000
0000000000
1000000000
0010000000
,
0000100000
0000010000
0000000100
0000000001
0000000100
0000001000
0001000000
0010000000
,
0100000000
0000000000
0000000000
0000000000
,
0100000000
0010000000
0001000000
0000001000
0000010000
0000000000
0000000000
0000000001
,
0000010000
0000000000
0000000000
0000000000
,
1100000000
0001100000
0000011000
0000000011
,
0000000100
0000000000
0000000000
0000000000
0000000000
0000000000
0000000000
0000000001
,
0000010000
0000100000
0000000000
0000000000
1000100000
0000000000
1000000000
0000100000
,
0000010000
0000000000
0000000000
0000000000
0000010001
0000000000
0000000001
0000000100
,
0000010000
0000100000
0010000000
1000000000
0010000000
0001000000
0000001000
0000000100
,
0000000010
0000000000
0000000000
0000000000
,
0100000000
0010000000
1000000000
0010000000
0001000000
0000001000
0000100000
0000010000
,
0000001000
0000000100
0000010000
0000000100
0000001000
0000000010
0000010000
0000000001
,
0000001000
0000000100
0000010000
0000000100
0001000000
0000001000
0000100000
0000010000
,
0100000000
0010000000
1000000000
0010000000
0100000000
0001000000
1000000000
0000100000
,
0100000000
0010000000
0001000000
0000001000
0000000100
0000000010
0000000001
0000000100
,
0000010000
0000100000
0010000000
1000000000
0010000000
0000000000
1000100000
0000000000
,
0100000000
1000000000
0010000000
0001000000
0000100000
0000010000
0000001000
0000000100
,
0000000001
0000000010
0000000100
0000010000
0000100000
0010000000
1000000000
0010000000
,
0100000000
0000000000
0000000000
0000000000
,
0100000000
0001000000
0100000000
0001000000
0000100000
0000010000
0000100000
0000010000
,
0000001000
0000000000
0000000000
0000000000
,
0000000001
0000010000
0000000001
0000010000
0000001000
0001000000
0000001000
0001000000
,
0000100000
0000000000
0000000000
0000000000
,
0100000000
0010000000
0001000000
0000001000
0000000100
0000000010
0000000100
0000000001
,
0000010000
0000000000
0000000000
0000000000
,
0000000001
0000000100
0000010000
0000100000
0010000000
1000000000
0010000000
0100000000
,
0101000000
0000000000
0000000000
0000000000
,
0101000000
0000000000
0000000000
0000000000
,
0101000000
0000000000
0000000000
0000000000
,
0101000000
0000000000
0000000000
0000000000
,
1000100000
0000000000
0000000000
0000000000
,
1000100000
0000000000
0000000000
0000000000
,
1000100000
0000000000
0000000000
0000000000
,
1000100000
0000110000
0000010001
0000000000
,
0000000100
0000000100
0000000100
0000000000
,
0000000100
0000010001
0000000100
0000010001
,
0000000000
0000110000
1000100000
0000000000
,
0101000000
0000001010
0000010001
1000100000
,
0101000000
0000000000
0000000000
0000000000
0000000000
0000000000
1000000000
0000100000
,
0000010000
0000000000
0000000000
0000000000
0000010001
0000000000
0000000001
0000010000
,
0000100000
0000000000
0000000000
0000000000
1000100000
0000000000
1000000000
0010000000
,
0000100000
0000010000
0000000100
0000000001
0000000100
0000001000
0001000000
0010000000
,
0100000000
0000000000
0000000000
0000000000
0000000000
0000000000
1000000000
0000100000
,
0000010000
0000010001
0000000100
0000010001
,
0000000000
0000110000
1000100000
0000000000
,
1000100000
0000010001
0000001010
0101000000
,
1000100000
0000000000
0000000000
0000000000
0000000000
0000000000
1000000000
0010000000
,
0000100000
0000000000
0000000000
0000000000
0000000011
0000000000
0000000010
0000000100
,
0000001000
0000000000
0000000000
0000000000
1100000000
0000000000
0010000000
0001000000
,
0000001000
0000000100
0000010000
0000100000
0010000000
0001000000
0000001000
0000000100
,
0000010000
0000000000
0000000000
0000000000
0000000000
0000000000
0100000000
0010000000
,
0000100000
0000000000
0000000000
0000000000
0000110000
0000000000
0000000010
0000000100
,
0000010000
0000000000
0000000000
0000000000
0000110000
0000000000
0000000100
0000001000
,
0001000000
0010000000
0000100000
0000010000
0000000100
0000001000
0001000000
0010000000
,
0000100000
0000000000
0000000000
0000000000
,
0000110000
0000000000
0000000000
0000000000;

//---------------pump-single - easy_1----------------
#NOTES:
     pump-single:
     easy_1:
     Easy:
     2:
     0.299,0.389,0.419,0.000,0.000,168.000,42.000,0.000,0.000,0.000:






00000
00000
00000
00000
,
00000
00000
00000
00000
,
00000
00000
00000
00000
,
00000
00000
00000
00000
,
10000
00100
10000
00000
,
00001
00100
00001
00000
,
10001
00000
10001
00000
,
10001
00000
00000
00000
,
00000
00000
10001
00000
,
00000
00000
01010
10000
,
00001
01000
00010
00100
,
00100
00000
00000
00000
,
10000
00100
10000
00000
,
00001
00100
00001
00000
,
01010
00000
01010
00000
,
01010
00000
00000
00000
,
00000
00000
10001
00000
,
00000
00000
01010
00001
,
10000
00010
01000
00100
,
00100
00000
00000
00000
,
00100
00100
10000
00001
,
00100
00100
00001
10000
,
00010
00100
00001
00100
,
01000
00100
10000
00100
,
10000
00001
01000
00010
,
00100
00100
00100
10001
,
00001
10000
00010
01000
,
00100
00100
00100
00000
,
00000
00000
10000
00010
,
00100
00001
10000
00100
,
10000
00000
10000
00100
,
01000
00010
00100
10000
,
00001
00000
00001
00100
,
00010
00100
00001
10000
,
00100
00000
00001
01000
,
01010
00100
01010
00100
,
10001
00100
01000
00010
,
01010
00100
00010
01000
,
10010
00100
10000
00010
,
01001
00100
00001
01000
,
11000
00100
00001
00010
,
00011
00100
10000
01000
,
10001
00000
10001
00000
,
01000
00010
01010
00000
,
10001
00000
01010
00000
,
00000
10001
00000
10001
,
00000
10001
10001
00000
,
00001
00100
10000
00100
,
00001
00000
00000
00000
,
00000
00000
10001
00000
,
00000
00000
01010
10000
,
00001
01000
00010
00100
,
00100
00000
00000
00000
,
00000
10001
00000
10001
,
00000
10001
10001
00000
,
01010
00000
01010
00000
,
01010
00000
00000
00000
,
00000
00000
10001
00000
,
00000
00000
01010
00001
,
10000
00010
01000
00100
,
00100
00000
00000
10000
,
00001
00000
10001
01000
,
00010
00000
01010
10000
,
00001
01000
00010
00100
,
00100
00000
00000
00000
,
10001
00000
00000
00000;

//---------------pump-couple - easy_2----------------
#NOTES:
     pump-couple:
     easy_2:
     Easy:
     2:
     0.599,0.779,1.000,0.000,0.000,168.000,168.000,0.000,0.000,42.000:






0000000000
0000000000
0000000000
0000000000
,
0000000000
0000000000
0000000000
0000000000
,
0000000000
0000000000
0000000000
0000000000
,
0000000000
0000000000
0000000000
0000000000
,
1000010000
0010000100
1000010000
0000000000
,
0000100001
0010000100
0000100001
0000000000
,
1000110001
0000000000
1000110001
0000000000
,
1000110001
0000000000
0000000000
0000000000
,
0000000000
0000000000
1000110001
0000000000
,
0000000000
0000000000
0101001010
1000010000
,
0000100001
0100001000
0001000010
0010000100
,
0010000100
0000000000
0000000000
0000000000
,
1000010000
0010000100
1000010000
0000000000
,
0000100001
0010000100
0000100001
0000000000
,
0101001010
0000000000
0101001010
0000000000
,
0101001010
0000000000
0000000000
0000000000
,
0000000000
0000000000
1000110001
0000000000
,
0000000000
0000000000
0101001010
0000100001
,
1000010000
0001000010
0100001000
0010000100
,
0010000100
0000000000
0000000000
0000000000
,
0010000100
0010000100
1000010000
0000100001
,
0010000100
0010000100
0000100001
1000010000
,
0001000010
0010000100
0000100001
0010000100
,
0100001000
0010000100
1000010000
0010000100
,
1000010000
0000100001
0100001000
0001000010
,
0010000100
0010000100
0010000100
1000110001
,
0000100001
1000010000
0001000010
0100001000
,
0010000100
0010000100
0010000100
0000000000
,
0000000000
0000000000
1000010000
0001000010
,
0010000100
0000100001
1000010000
0010000100
,
1000010000
0000000000
1000010000
0010000100
,
0100001000
0001000010
0010000100
1000010000
,
0000100001
0000000000
0000100001
0010000100
,
0001000010
0010000100
0000100001
1000010000
,
0010000100
0000000000
0000100001
0100001000
,
0101001010
0010000100
0101001010
0010000100
,
1000110001
0010000100
0100001000
0001000010
,
0101001010
0010000100
0001000010
0100001000
,
1001010010
0010000100
1000010000
0001000010
,
0100101001
0010000100
0000100001
0100001000
,
1100011000
0010000100
0000100001
0001000010
,
0001100011
0010000100
1000010000
0100001000
,
1000110001
0000000000
1000110001
0000000000
,
0100001000
0001000010
0101001010
0000000000
,
1000110001
0000000000
0101001010
0000000000
,
0000000000
1000110001
0000000000
1000110001
,
0000000000
1000110001
1000110001
0000000000
,
0000100001
0010000100
1000010000
0010000100
,
0000100001
0000000000
0000000000
0000000000
,
0000000000
0000000000
1000110001
0000000000
,
0000000000
0000000000
0101001010
1000010000
,
0000100001
0100001000
0001000010
0010000100
,
0010000100
0000000000
0000000000
0000000000
,
0000000000
1000110001
0000000000
1000110001
,
0000000000
1000110001
1000110001
0000000000
,
0101001010
0000000000
0101001010
0000000000
,
0101001010
0000000000
0000000000
0000000000
,
0000000000
0000000000
1000110001
0000000000
,
0000000000
0000000000
0101001010
0000100001
,
1000010000
0001000010
0100001000
0010000100
,
0010000100
0000000000
0000000000
1000010000
,
0000100001
0000000000
1000110001
0100001000
,
0001000010
0000000000
0101001010
1000010000
,
0000100001
0100001000
0001000010
0010000100
,
0010000100
0000000000
0000000000
0000000000
,
1000110001
0000000000
0000000000
0000000000;

//---------------pump-single - hard_1----------------
#NOTES:
     pump-single:
     hard_1:
     Medium:
     5:
     0.472,0.519,0.449,0.000,0.000,286.000,45.000,0.000,0.000,0.000:






00000
00000
00000
00000
,
00000
00000
00000
00000
,
00000
00000
00000
00000
,
00000
00000
00000
00000
,
10000
00100
10000
00100
10000
00000
00000
00000
,
00001
00100
00001
00100
00001
00000
00000
00000
,
00011
00100
11000
00100
,
10010
00000
00000
00000
00000
00000
00001
00100
,
00010
00000
00000
00000
10001
00000
10000
00100
,
01000
00000
00000
00000
01010
00000
10000
00001
,
00100
00010
00100
01000
00100
10000
00100
00001
,
10000
00000
00000
00000
,
10000
00100
10000
00100
10000
00000
00000
00000
,
00001
00100
00001
00100
00001
00000
00000
00000
,
10010
00100
01001
00100
,
10010
00000
00000
00000
00000
00000
00001
00100
,
00010
00000
00000
00000
10001
00000
10000
00100
,
01000
00000
00000
00000
01010
00000
10000
00001
,
00100
00010
00100
01000
00100
10000
00100
00001
,
10000
00000
00000
00000
,
00100
10000
00100
10000
00001
00100
00001
00000
,
01000
00010
00100
10001
,
00100
00001
00100
00001
10000
00100
10000
00000
,
00010
01000
00100
10001
,
10000
00001
10000
00001
01000
00010
01000
00000
,
00100
00001
10000
00100
01000
00000
01010
00000
,
00001
10000
00001
10000
00010
01000
00010
00000
,
00100
10000
00001
00100
00010
01000
00100
10000
,
00001
00000
00000
00000
10000
00010
01000
00001
,
00100
00001
10000
00100
,
10000
00000
00000
00000
10000
00001
00100
00010
,
01000
00010
10000
00001
,
00001
00000
00000
00000
00001
10000
00100
01000
,
00010
01000
00001
10000
,
00100
00000
00000
00000
00001
01000
00010
00000
,
01010
01010
01010
01010
,
10001
00000
00100
00000
01000
00010
01000
00010
,
01010
00000
00100
00000
00001
10000
00001
10000
,
10010
00000
00100
00000
00010
00100
10000
00100
,
01001
00000
00100
00000
01000
00100
00001
00100
,
11000
00000
00100
00000
10000
01000
00001
00010
,
00011
00000
00100
00000
00010
00001
01000
10000
,
00100
00100
00100
00100
,
01000
00010
01000
00010
01010
00000
00000
00000
,
10001
00100
01010
00100
,
00000
10001
00000
10001
,
00000
10001
10001
00000
,
00001
00100
10000
00100
00001
00100
10000
00100
,
00001
00000
00000
00000
00000
00000
00001
00100
,
00010
00000
00000
00000
10001
00000
10000
00100
,
01000
00000
00000
00000
01010
00000
10000
00001
,
00100
00010
00100
01000
00100
10000
00100
00001
,
10000
00000
00000
00000
,
00000
10001
00000
10001
,
00000
10001
10001
00000
,
00110
01100
00101
10100
,
00010
00000
00000
00000
00000
00000
00001
00100
,
00010
00000
00000
00000
10001
00000
10000
00100
,
01000
00000
00000
00000
01010
00000
10000
00001
,
00100
00010
00100
01000
00100
10000
00100
00001
,
10000
00000
00000
00000
00000
00000
00001
00100
,
00010
00000
00000
00000
10001
00000
10000
00100
,
01000
00000
00000
00000
01010
00000
10000
00001
,
00100
00010
00100
01000
00100
10000
00100
00001
,
10000
00000
00000
00000
10000
00001
10000
00001
,
10001
00000
00000
00000;

//---------------pump-couple - hard_2----------------
#NOTES:
     pump-couple:
     hard_2:
     Medium:
     5:
     0.944,1.000,1.000,0.000,0.000,286.000,286.000,0.000,0.000,45.000:






0000000000
0000000000
0000000000
0000000000
,
0000000000
0000000000
0000000000
0000000000
,
0000000000
0000000000
0000000000
0000000000
,
0000000000
0000000000
0000000000
0000000000
,
1000010000
0010000100
1000010000
0010000100
1000010000
0000000000
0000000000
0000000000
,
0000100001
0010000100
0000100001
0010000100
0000100001
0000000000
0000000000
0000000000
,
0001100011
0010000100
1100011000
0010000100
,
1001010010
0000000000
0000000000
0000000000
0000000000
0000000000
0000100001
0010000100
,
0001000010
0000000000
0000000000
0000000000
1000110001
0000000000
1000010000
0010000100
,
0100001000
0000000000
0000000000
0000000000
0101001010
0000000000
1000010000
0000100001
,
0010000100
0001000010
0010000100
0100001000
0010000100
1000010000
0010000100
0000100001
,
1000010000
0000000000
0000000000
0000000000
,
1000010000
0010000100
1000010000
0010000100
1000010000
0000000000
0000000000
0000000000
,
0000100001
0010000100
0000100001
0010000100
0000100001
0000000000
0000000000
0000000000
,
1001010010
0010000100
0100101001
0010000100
,
1001010010
0000000000
0000000000
0000000000
0000000000
0000000000
0000100001
0010000100
,
0001000010
0000000000
0000000000
0000000000
1000110001
0000000000
1000010000
0010000100
,
0100001000
0000000000
0000000000
0000000000
0101001010
0000000000
1000010000
0000100001
,
0010000100
0001000010
0010000100
0100001000
0010000100
1000010000
0010000100
0000100001
,
1000010000
0000000000
0000000000
0000000000
,
0010000100
1000010000
0010000100
1000010000
0000100001
0010000100
0000100001
0000000000
,
0100001000
0001000010
0010000100
1000110001
,
0010000100
0000100001
0010000100
0000100001
1000010000
0010000100
1000010000
0000000000
,
0001000010
0100001000
0010000100
1000110001
,
1000010000
0000100001
1000010000
0000100001
0100001000
0001000010
0100001000
0000000000
,
0010000100
0000100001
1000010000
0010000100
0100001000
0000000000
0101001010
0000000000
,
0000100001
1000010000
0000100001
1000010000
0001000010
0100001000
0001000010
0000000000
,
0010000100
1000010000
0000100001
0010000100
0001000010
0100001000
0010000100
1000010000
,
0000100001
0000000000
0000000000
0000000000
1000010000
0001000010
0100001000
0000100001
,
0010000100
0000100001
1000010000
0010000100
,
1000010000
0000000000
0000000000
0000000000
1000010000
0000100001
0010000100
0001000010
,
0100001000
0001000010
1000010000
0000100001
,
0000100001
0000000000
0000000000
0000000000
0000100001
1000010000
0010000100
0100001000
,
0001000010
0100001000
0000100001
1000010000
,
0010000100
0000000000
0000000000
0000000000
0000100001
0100001000
0001000010
0000000000
,
0101001010
0101001010
0101001010
0101001010
,
1000110001
0000000000
0010000100
0000000000
0100001000
0001000010
0100001000
0001000010
,
0101001010
0000000000
0010000100
0000000000
0000100001
1000010000
0000100001
1000010000
,
1001010010
0000000000
0010000100
0000000000
0001000010
0010000100
1000010000
0010000100
,
0100101001
0000000000
0010000100
0000000000
0100001000
0010000100
0000100001
0010000100
,
1100011000
0000000000
0010000100
0000000000
1000010000
0100001000
0000100001
0001000010
,
0001100011
0000000000
0010000100
0000000000
0001000010
0000100001
0100001000
1000010000
,
0010000100
0010000100
0010000100
0010000100
,
0100001000
0001000010
0100001000
0001000010
0101001010
0000000000
0000000000
0000000000
,
1000110001
0010000100
0101001010
0010000100
,
0000000000
1000110001
0000000000
1000110001
,
0000000000
1000110001
1000110001
0000000000
,
0000100001
0010000100
1000010000
0010000100
0000100001
0010000100
1000010000
0010000100
,
0000100001
0000000000
0000000000
0000000000
0000000000
0000000000
0000100001
0010000100
,
0001000010
0000000000
0000000000
0000000000
1000110001
0000000000
1000010000
0010000100
,
0100001000
0000000000
0000000000
0000000000
0101001010
0000000000
1000010000
0000100001
,
0010000100
0001000010
0010000100
0100001000
0010000100
1000010000
0010000100
0000100001
,
1000010000
0000000000
0000000000
0000000000
,
0000000000
1000110001
0000000000
1000110001
,
0000000000
1000110001
1000110001
0000000000
,
0011000110
0110001100
0010100101
1010010100
,
0001000010
0000000000
0000000000
0000000000
0000000000
0000000000
0000100001
0010000100
,
0001000010
0000000000
0000000000
0000000000
1000110001
0000000000
1000010000
0010000100
,
0100001000
0000000000
0000000000
0000000000
0101001010
0000000000
1000010000
0000100001
,
0010000100
0001000010
0010000100
0100001000
0010000100
1000010000
0010000100
0000100001
,
1000010000
0000000000
0000000000
0000000000
0000000000
0000000000
0000100001
0010000100
,
0001000010
0000000000
0000000000
0000000000
1000110001
0000000000
1000010000
0010000100
,
0100001000
0000000000
0000000000
0000000000
0101001010
0000000000
1000010000
0000100001
,
0010000100
0001000010
0010000100
0100001000
0010000100
1000010000
0010000100
0000100001
,
1000010000
0000000000
0000000000
0000000000
1000010000
0000100001
1000010000
0000100001
,
1000110001
0000000000
0000000000
0000000000;

//---------------dance-single - Expert steps----------------
#NOTES:
     dance-single:
     Expert steps:
     Hard:
     8:
     0.530,0.681,0.409,0.130,0.050,318.000,41.000,13.000,0.000,0.000:
0000
0000
0000
0000
,
0000
0000
0000
0000
,
0000
0000
0000
0000
,
0000
0000
0000
0000
,
0010
0001
0100
0010
1000
0000
0000
1000
,
0001
0000
0000
0000
,
1001
0010
1001
0100
,
1001
0000
0000
0000
0000
0000
1000
0001
,
0100
0000
0000
0000
1001
0000
0001
1000
,
0100
0000
0000
0000
1001
0000
1000
0010
,
1000
0010
0001
0010
0001
0100
0001
0100
,
1000
0000
0000
0000
,
1000
0100
1000
0100
1000
0000
0000
0001
,
0100
0000
0000
0000
,
0011
0101
1100
1010
,
0100
0000
0000
0000
0000
0000
0010
1000
,
0100
0000
0000
0000
1100
0000
0010
0001
,
0100
0000
0000
0000
0101
0000
1000
0100
,
0001
0100
1000
0100
0001
0100
1000
0010
,
0001
0000
0000
0000
,
1000
0001
0100
0001
1000
0010
0001
0010
,
1000
0100
0010
0001
0010
1000
0010
0100
,
1000
0010
0001
0010
1000
0010
0100
0001
,
1000
0001
0100
0010
1000
0001
1000
0100
,
0010
0001
0010
1000
0100
0100
0010
0001
,
1000
0001
1000
0000
1010
0000
0101
0000
,
1000
0001
0100
0001
0100
0001
1000
0100
,
1000
0100
0010
0001
0010
0100
1000
0010
,
0101
0000
0000
0000
0000
0000
0000
0000
0010
0001
0100
0000
0010
0000
1000
0000
,
0100
0010
0001
0100
0010
1000
0100
1000
,
0200
0000
0000
0000
0000
0000
0000
0000
0310
0100
0010
0000
0001
0000
1000
0000
,
0001
1000
0001
0001
1000
0100
0010
0001
,
2000
0000
0000
0000
0000
0000
0000
0000
3001
1000
0001
0000
0100
0000
0010
0000
,
1000
0001
0100
1000
0100
0001
0010
0100
,
0200
0000
0000
0000
0000
0000
0000
0000
1300
0100
1000
0000
0001
0000
0000
0000
,
1000
0010
1000
0001
1000
0100
1000
0001
0010
0001
1000
0001
0100
0000
0000
0000
,
1001
0100
0010
0001
1000
0001
1000
0010
,
1010
0010
0100
0001
1000
0001
0100
0001
,
0101
0001
1000
0100
0010
0100
1000
0100
,
1100
0100
0010
0001
1000
0010
0001
0010
,
0011
0010
1000
0001
0100
0001
0100
0010
,
0110
0010
1000
0010
0001
0010
1000
0001
,
1001
0000
0000
0000
,
1001
0110
1001
0000
,
0100
1001
0100
1001
,
0010
1001
0000
1001
,
0000
0110
0101
0000
,
0020
0000
0002
0030
0200
0003
2000
0300
,
0020
3000
0030
0000
0000
0000
0100
1000
,
0010
0000
0000
0000
0101
0000
0100
0001
,
0010
0000
0000
0000
1100
0000
0010
0001
,
0010
0001
0100
0001
0100
1000
0100
1000
,
0010
0000
0000
0000
,
1000
1010
0001
0011
,
0000
1100
0101
0000
,
0020
0000
2000
0030
0200
3000
0002
0300
,
0020
0003
0030
0000
0000
0000
1000
1000
,
0100
0000
0000
0000
0110
0000
0001
0001
,
0100
0000
0000
0000
0110
0000
0010
0001
,
0100
1000
0010
0001
0100
1000
0010
0001
,
0100
0000
0000
0000
0000
0000
0001
0001
,
0100
0000
0000
0000
1100
0000
1000
1000
,
0100
0000
0000
0000
0101
0000
0010
1000
,
0100
0001
0010
1000
0100
0001
0010
1000
,
0100
0000
0000
0000
,
1001
0000
0000
0000
;

//---------------dance-single - Beginner steps----------------
#NOTES:
     dance-single:
     Beginner steps:
     Easy:
     4:
     0.297,0.357,0.329,0.050,0.000,170.000,33.000,5.000,0.000,0.000:
0000
0000
0000
0000
,
0000
0000
0000
0000
,
0000
0000
0000
0000
,
0000
0000
0000
0000
,
1000
0001
1000
0000
,
0100
0000
0000
0000
,
1001
0000
1001
0000
,
1001
0000
0000
0010
,
0001
0000
1001
0010
,
1000
0000
1001
0010
,
1000
0010
0001
0100
,
1000
0000
0000
0000
,
0010
1000
0100
0000
,
0100
0000
0000
0000
,
0110
0000
1001
0000
,
0110
0000
0000
0100
,
1000
0000
0101
0010
,
0100
0000
1100
0010
,
0001
1000
0100
0010
,
0100
0000
0000
0000
,
1000
0100
0010
0001
,
0010
0100
1000
0001
,
0100
0010
1000
0010
,
0100
0001
1000
0001
,
0010
1000
0100
0001
,
0100
0100
1001
1001
,
0010
1000
0010
1000
,
0001
0100
0001
0100
,
1000
0000
1000
0001
,
1000
0100
0001
0100
,
2000
0000
3100
0001
,
1000
0001
0010
1000
,
0020
0000
0130
1000
,
0100
0010
0100
0010
,
2000
0000
3001
0100
,
1000
0010
0001
0100
,
1001
0000
0000
0000
,
1001
0000
0000
0000
,
1100
0000
0000
0000
,
0011
0000
0000
0000
,
0101
0000
0000
0000
,
1010
0000
0000
0000
,
1001
0000
0000
0000
,
0110
1001
0110
0000
,
0100
0100
0100
0000
,
0000
0010
0000
0010
,
0000
0010
0100
0000
,
0010
0001
0100
1000
,
0020
0000
0030
1000
,
0001
0000
1100
1000
,
0001
0000
0101
0001
,
0100
1000
0100
0001
,
0100
0000
0000
0001
,
1000
0011
0100
1010
,
0100
1001
1001
0000
,
0010
1000
0100
0001
,
0020
0000
0030
0001
,
1000
0000
1001
1000
,
0001
0000
1001
1000
,
0010
0100
0001
0010
,
0100
0000
0000
0100
,
0001
0000
1010
1000
,
0100
0000
0011
0100
,
1000
0010
0001
0100
,
1000
0000
0000
0000
,
1001
0000
0000
0000
;

//---------------dance-single - Difficult steps----------------
#NOTES:
     dance-single:
     Difficult steps:
     Medium:
     7:
     0.438,0.519,0.469,0.040,0.000,256.000,47.000,4.000,0.000,0.000:
0000
0000
0000
0000
,
0000
0000
0000
0000
,
0000
0000
0000
0000
,
0000
0000
0000
0000
,
0010
0100
0010
0100
0010
0000
0000
0000
,
0100
0001
0100
0001
0100
0000
0000
0000
,
1001
0000
1001
0000
,
1001
0000
0000
0000
0000
0000
1000
0100
,
0001
0000
0000
0000
1001
0000
1000
0010
,
0001
0000
0000
0000
1001
0000
1000
0010
,
1000
0010
0100
0010
0100
0001
0100
0001
,
1000
0000
0000
0000
,
0001
1000
0001
1000
0001
0000
0000
0000
,
0100
0010
0100
0010
0100
0000
0000
0000
,
1001
0100
1001
0010
,
1001
0000
0000
0000
0000
0000
1000
0100
,
0001
0000
0000
0000
1001
0000
1000
0010
,
0001
0000
0000
0000
1001
0000
0010
1000
,
0010
1000
0001
1000
0001
0100
0001
0100
,
0010
0000
0000
0000
,
1000
0001
0100
0000
0001
0000
1000
0000
,
0001
0100
0010
0100
0001
1000
0001
0010
,
0100
1000
0010
0100
,
1000
0100
0010
0001
0010
0100
1000
0001
,
1000
0000
0010
0000
0100
0000
0001
1000
,
0100
0000
0010
0001
0100
0000
0010
0000
,
0010
0000
1000
0001
0100
0010
1000
0010
,
0100
0001
0100
0010
1000
0001
1000
0001
,
2000
0000
0000
0000
3010
0100
0001
0010
,
0100
0000
0100
0010
0001
0010
0100
0010
,
0002
0000
0000
0000
1003
0100
0010
0001
,
0010
0000
0001
1000
0001
0100
0010
1000
,
0200
0000
0000
0000
0301
1000
0001
1000
,
0001
0000
0010
1000
0001
0100
0010
0001
,
2000
0000
3001
1000
,
0010
1010
0100
0101
,
1001
0000
0000
0000
,
1010
0000
0000
0000
,
0101
0000
0000
0000
,
1010
0000
0000
0000
,
0101
0000
0000
0000
,
1010
0000
0000
0000
,
0011
0000
0000
0000
,
1100
0011
1100
0000
,
0100
0000
0100
0000
0100
0000
0100
0001
,
0010
1001
0001
1001
,
1000
1001
0110
0000
,
0011
0101
1100
1010
,
1001
0000
0000
0000
0000
0000
0100
0010
,
0100
0000
0000
0000
0110
0000
0010
0100
,
1000
0000
0000
0000
1010
0000
0010
1000
,
0100
0000
0010
0001
0100
0000
1000
0001
,
1000
0000
0000
0000
0000
0000
1000
0010
,
1000
1010
0001
0101
,
1000
0110
1001
0000
,
1010
1100
0101
0011
,
1001
0000
0000
0000
0000
0000
1000
0010
,
0100
0000
0000
0000
0110
0000
0010
0100
,
0001
0000
0000
0000
0101
0000
0001
1000
,
0100
0010
0001
0010
0100
1000
0100
0010
,
0001
0000
0000
0000
0000
0000
0001
0010
,
0100
0000
0000
0000
0101
0000
0001
0010
,
1000
0000
0000
0000
1100
0000
1000
0010
,
0100
0001
0100
0010
1000
0010
0100
0001
,
0100
0000
0000
0000
,
1001
0000
0000
0000
;
