#TITLE:SEXY PLANET;
#SUBTITLE:;
#ARTIST:Crystal Aliens;
#TITLETRANSLIT:;
#SUBTITLETRANSLIT:;
#ARTISTTRANSLIT:;
#CREDIT:;
#BANNER:sexyplanet.png;
#BACKGROUND:sexyplanet-bg.png;
#LYRICSPATH:;
#CDTITLE:;
#MUSIC:sexyplanet.mp3;
#OFFSET:2.063;
#SAMPLESTART:31.270;
#SAMPLELENGTH:12.000;
#SELECTABLE:YES;
#BPMS:0.000=180.000;
#STOPS:;
#BGCHANGES:;
// cache tags:
#FIRSTBEAT:16.000;
#LASTBEAT:242.000;
#SONGFILENAME:Songs/All Songs/Sexy Planet/sexyplanet.sm;
#HASMUSIC:1;
#HASBANNER:1;
#MUSICLENGTH:85.139;
// end cache tags

//---------------dance-single - ----------------
#NOTES:
     dance-single:
     :
     Easy:
     5:
     0.394,0.462,0.399,0.000,0.000,201.000,34.000,0.000,0.000,0.000:  // measure 1
0000
0000
0000
0000
,  // measure 2
0000
0000
0000
0000
,  // measure 3
0000
0000
0000
0000
,  // measure 4
0000
0000
0000
0000
,  // measure 5
0001
0000
0001
0000
,  // measure 6
0010
0010
0010
0000
,  // measure 7
0100
0000
0000
0000
,  // measure 8
1000
0000
0000
0000
,  // measure 9
0001
1000
0001
0000
,  // measure 10
0110
1001
0110
1001
,  // measure 11
0110
1000
0100
1000
,  // measure 12
0110
0001
0100
0001
,  // measure 13
1000
0010
0001
0100
,  // measure 14
0001
0010
1000
0100
,  // measure 15
1001
0010
0001
0100
,  // measure 16
1001
0010
1000
0100
,  // measure 17
0001
0000
0000
0000
,  // measure 18
1001
0110
1001
0110
,  // measure 19
1000
1000
1000
1000
,  // measure 20
0001
0001
0001
0110
,  // measure 21
1000
0010
1001
0100
,  // measure 22
0001
0010
1000
0000
,  // measure 23
0010
0010
0010
0010
,  // measure 24
0100
0100
0100
1001
,  // measure 25
1000
0010
0110
1000
,  // measure 26
0001
0000
1001
0110
,  // measure 27
1000
1000
1000
1000
,  // measure 28
0001
0001
0001
0001
,  // measure 29
1000
0100
1000
0100
,  // measure 30
0010
0001
0010
0001
,  // measure 31
0010
0010
0010
0010
,  // measure 32
0100
0100
0100
0100
,  // measure 33
0001
0010
1000
0100
,  // measure 34
1000
0100
0001
0000
,  // measure 35
1000
1000
0000
0000
0001
0000
0000
0000
,  // measure 36
0100
0000
0010
0000
,  // measure 37
1000
0100
0001
0000
1000
0000
0000
0000
,  // measure 38
0000
1000
0000
1000
0000
1000
0000
0000
,  // measure 39
0001
0001
0000
0000
1000
0000
0000
0000
,  // measure 40
0001
0001
1000
0000
,  // measure 41
1000
0010
0001
0000
1000
0000
0000
0000
,  // measure 42
0100
1000
0110
1001
,  // measure 43
0000
0010
0000
0000
0001
0000
0000
0100
,  // measure 44
0000
1000
0100
0001
,  // measure 45
0010
1000
0100
0001
,  // measure 46
0010
1000
0010
0001
,  // measure 47
0100
1000
0010
0001
,  // measure 48
0000
1001
0010
1000
,  // measure 49
0001
0110
1000
0010
,  // measure 50
0100
0001
0010
1000
,  // measure 51
0100
1001
0110
1001
,  // measure 52
0110
1000
1000
1000
,  // measure 53
1000
0001
0001
0001
,  // measure 54
0110
1000
0100
0010
,  // measure 55
1001
0001
0100
1000
,  // measure 56
0000
0100
0100
0100
,  // measure 57
0100
0001
0001
1000
,  // measure 58
1000
0010
1001
0110
,  // measure 59
0001
0110
1001
0010
,  // measure 60
1000
0001
0110
0100
,  // measure 61
1001
0100
1000
0000
;

//---------------dance-single - ----------------
#NOTES:
     dance-single:
     :
     Medium:
     6:
     0.409,0.426,0.270,0.000,0.000,221.000,23.000,0.000,0.000,0.000:  // measure 1
0000
0000
0000
0000
,  // measure 2
0000
0000
0000
0000
,  // measure 3
0000
0000
0000
0000
,  // measure 4
0000
0000
0000
0000
,  // measure 5
0100
0010
0000
0000
0000
0000
0000
0000
,  // measure 6
0000
0010
0000
0010
0000
0010
0000
0000
,  // measure 7
0000
0100
0000
0000
0000
0100
0000
0000
,  // measure 8
0000
1000
0000
0001
0000
1000
0000
0000
,  // measure 9
0010
1000
0100
0001
1000
0000
0000
0000
,  // measure 10
0001
0001
0001
0100
,  // measure 11
0011
0001
0100
1000
,  // measure 12
1010
0001
0100
1000
,  // measure 13
0110
0001
0100
1000
,  // measure 14
0011
0000
1100
0000
,  // measure 15
1010
1000
0100
0001
,  // measure 16
0110
1000
0100
0001
,  // measure 17
0011
0000
0000
0000
,  // measure 18
1001
0110
1001
0110
,  // measure 19
1000
0000
0100
0000
0010
0000
0010
0001
,  // measure 20
1000
0100
0010
1000
,  // measure 21
0001
0000
0100
0000
0010
0000
0010
1000
,  // measure 22
0001
0100
1000
0000
,  // measure 23
0001
0000
0010
0000
1000
0000
1000
0100
,  // measure 24
0001
0010
1000
0100
,  // measure 25
0001
0100
1000
0010
,  // measure 26
0001
0000
1100
0101
,  // measure 27
1000
1000
1000
1000
,  // measure 28
0001
0001
0001
0001
,  // measure 29
1000
1000
0000
0000
1000
1000
0000
0000
,  // measure 30
0001
0001
0000
0000
0001
0001
0000
0000
,  // measure 31
0010
0010
0010
0010
,  // measure 32
0100
0100
0100
0100
,  // measure 33
1000
1000
0000
0000
0001
0001
0000
0000
,  // measure 34
0010
0010
0010
0000
0100
0000
0000
0000
,  // measure 35
1000
0000
0001
0000
1000
0100
0001
0000
,  // measure 36
0000
1000
0000
1000
0000
1000
0000
0000
,  // measure 37
0001
0100
0100
0000
1000
0010
0010
0000
,  // measure 38
0000
0001
0000
0001
0000
0001
0000
0000
,  // measure 39
0010
0000
1000
0000
0010
0001
1000
0000
,  // measure 40
0000
0100
0000
0100
0000
0100
0000
0000
,  // measure 41
0010
1000
0001
0000
0010
1000
0001
0000
,  // measure 42
1000
1000
0001
0001
0010
0000
0100
0000
,  // measure 43
0000
1000
0001
1000
1000
0000
0000
0001
,  // measure 44
1000
0001
0001
0000
0100
0000
1000
0000
,  // measure 45
0010
0101
1000
0010
,  // measure 46
0001
1100
0010
0001
,  // measure 47
0100
1010
0000
0101
,  // measure 48
0000
1000
0100
0001
,  // measure 49
0010
1100
0001
0010
,  // measure 50
1000
0100
0000
0000
,  // measure 51
0000
1001
0110
1001
,  // measure 52
0110
1000
0010
0001
,  // measure 53
0100
1000
0010
0000
0001
0000
0100
0000
,  // measure 54
1000
0001
0010
1000
,  // measure 55
0100
0001
0010
0000
1000
0000
0100
0000
,  // measure 56
0000
0010
0100
1000
,  // measure 57
0001
0100
1000
0000
0001
0000
1000
0000
,  // measure 58
0010
0001
1000
0100
,  // measure 59
0001
0000
1000
0100
0000
0000
0001
0010
,  // measure 60
0000
0000
0100
0010
0000
0000
0001
1000
,  // measure 61
0000
0000
0100
0000
;

//---------------dance-single - ----------------
#NOTES:
     dance-single:
     :
     Hard:
     7:
     0.502,0.497,0.435,0.000,0.000,262.000,37.000,0.000,0.000,0.000:  // measure 1
0000
0000
0000
0000
,  // measure 2
0000
0000
0000
0000
,  // measure 3
0000
0000
0000
0000
,  // measure 4
0000
0000
0000
0000
,  // measure 5
0010
0001
0100
1000
0000
0010
0001
0000
,  // measure 6
0100
1000
0100
1000
0100
1000
0000
0000
,  // measure 7
0000
0011
0000
0000
0010
0001
0000
0000
,  // measure 8
0000
0010
0100
0001
0010
1000
0000
0000
,  // measure 9
0001
0001
0001
0001
0000
1000
0100
0000
,  // measure 10
0011
0000
1010
0000
0001
0010
1000
0000
,  // measure 11
0010
0001
0100
1000
,  // measure 12
0010
0001
0100
1000
,  // measure 13
0000
1001
0110
0101
,  // measure 14
1010
0000
0001
0001
0100
0000
0000
0000
,  // measure 15
0010
1000
0100
0001
,  // measure 16
0010
1000
0100
0001
,  // measure 17
0000
0110
1001
1010
,  // measure 18
0100
0001
0010
0000
0100
1000
0010
0000
,  // measure 19
1010
0000
0011
0000
,  // measure 20
1100
0000
0101
0000
,  // measure 21
1000
0100
0010
0000
0010
0001
0100
0000
,  // measure 22
0100
1000
0001
0000
0001
0100
1000
0000
,  // measure 23
1100
0000
1010
0000
,  // measure 24
0101
0000
0011
0000
,  // measure 25
0001
0010
1000
0000
0001
0010
1000
0000
,  // measure 26
0010
0010
1100
0101
,  // measure 27
1000
0101
1000
0011
,  // measure 28
0001
1010
0001
1100
,  // measure 29
0001
0010
0001
0000
0100
1000
0100
0000
,  // measure 30
0010
0010
1100
0000
,  // measure 31
0001
1100
0001
1010
,  // measure 32
1000
0101
1000
0011
,  // measure 33
0100
1000
0100
0000
0001
0010
0001
0000
,  // measure 34
1000
0100
0010
0000
0110
0000
0000
0000
,  // measure 35
1000
0100
0001
0000
1000
0010
0001
0000
,  // measure 36
0000
1000
0010
0100
1000
0001
0000
0000
,  // measure 37
0010
0010
0010
0010
0000
0100
0010
0000
,  // measure 38
0000
0001
0100
0001
0100
0001
0000
0000
,  // measure 39
0001
0010
1000
0000
0001
0100
1000
0000
,  // measure 40
0000
1000
0010
0100
1000
0001
0000
0000
,  // measure 41
0100
0100
0100
0100
0000
1000
0001
0000
,  // measure 42
1000
0100
1000
0001
0010
0001
0010
0000
,  // measure 43
0000
1000
1000
1000
1000
0000
0000
0001
,  // measure 44
0001
0001
0001
0000
0100
0000
1000
0000
,  // measure 45
0010
0001
0100
1000
,  // measure 46
0010
0000
1001
0110
,  // measure 47
0101
0000
1010
0000
0000
0000
0100
0100
,  // measure 48
0100
1000
0010
0001
,  // measure 49
0100
1000
0010
0001
,  // measure 50
0100
0000
1001
0110
,  // measure 51
1010
0000
0001
0100
0001
0000
0010
1000
,  // measure 52
0010
0000
0100
1000
0000
0000
0010
0001
,  // measure 53
0000
0000
1000
0100
0000
0000
0001
0010
,  // measure 54
0000
0000
0010
0010
0010
0000
1000
1000
,  // measure 55
1000
0000
0001
0001
0001
0000
0100
0100
,  // measure 56
0100
0000
0010
1000
0000
0000
1000
0010
,  // measure 57
0000
0000
0010
0001
0000
0000
0001
0010
,  // measure 58
0000
0000
0010
0010
1000
0000
1000
1000
,  // measure 59
0001
0000
0001
0001
0100
0000
0100
0100
,  // measure 60
0010
0000
0010
1000
0100
0010
1000
0100
,  // measure 61
0010
1000
0000
0000
0001
0000
0000
0000
;

//---------------dance-double - ----------------
#NOTES:
     dance-double:
     :
     Easy:
     4:
     0.297,0.320,0.023,0.000,0.000,175.000,2.000,0.000,0.000,0.000:  // measure 1
00000000
00000000
00000000
00000000
,  // measure 2
00000000
00000000
00000000
00000000
,  // measure 3
00000000
00000000
00000000
00000000
,  // measure 4
00000000
00000000
00000000
00000000
,  // measure 5
00001000
00000000
00010000
00000000
,  // measure 6
00000010
00000000
00000100
00000000
,  // measure 7
00010000
00000000
00001000
00000000
,  // measure 8
00100000
00000000
01000000
00000000
,  // measure 9
00100000
00000000
00001000
00000000
,  // measure 10
00100000
01000000
10000000
00000000
,  // measure 11
00100000
10000000
01000000
01000000
,  // measure 12
00010000
00001000
00000100
00000100
,  // measure 13
00000001
00000100
00001000
00010000
,  // measure 14
01000000
10000000
00010000
00000000
,  // measure 15
00000010
00000001
00000100
00001000
,  // measure 16
00000010
00000001
00000100
00001000
,  // measure 17
00010000
00000000
00000000
00000000
,  // measure 18
00100000
00100000
10000000
01000000
,  // measure 19
00010000
00000000
01000000
00000000
,  // measure 20
10000000
00000000
01000000
00000000
,  // measure 21
00001000
00001000
00010000
00010000
,  // measure 22
00000010
00000010
00000100
00000000
,  // measure 23
00000001
00000000
00000100
00000000
,  // measure 24
00001000
00000000
00000100
00000000
,  // measure 25
00000001
00000001
00000100
00000100
,  // measure 26
00001000
00010000
00000110
00000000
,  // measure 27
00000010
00001000
00000100
00000001
,  // measure 28
00000010
00001000
00000100
00000001
,  // measure 29
00000010
00001000
00000010
00001000
,  // measure 30
00100000
00010000
01000000
00000000
,  // measure 31
00100000
00010000
01000000
10000000
,  // measure 32
00100000
00010000
01000000
10000000
,  // measure 33
00100000
00010000
00100000
00010000
,  // measure 34
00000010
00001000
00000100
00000000
,  // measure 35
00001000
00000000
00010000
00000000
,  // measure 36
00001000
00001000
00010000
00000000
,  // measure 37
00100000
00000000
10000000
00000000
,  // measure 38
01000000
01000000
00010000
00000000
,  // measure 39
00001000
00000000
00000100
00000000
,  // measure 40
00000001
00000001
00000010
00000000
,  // measure 41
00000001
00000000
00001000
00000000
,  // measure 42
00010000
00100000
10000000
00000000
,  // measure 43
00010000
00001000
00010000
00000000
,  // measure 44
00000001
00000100
00000100
00001000
,  // measure 45
00100000
00010000
01000000
10000000
,  // measure 46
01000000
00010000
00100000
01000000
,  // measure 47
00010000
00001000
00000100
00000001
,  // measure 48
00000000
00000010
00000001
00001000
,  // measure 49
00000100
00000010
00001000
00010000
,  // measure 50
00000000
00010000
10000000
01000000
,  // measure 51
01000000
00010000
01000000
00010000
,  // measure 52
01000000
00010000
00001000
00010000
,  // measure 53
00010000
00000100
00000000
00000100
,  // measure 54
00000000
00000001
00000000
00000100
,  // measure 55
00000000
00001000
00000000
00010000
,  // measure 56
00000000
00100000
00100000
10000000
,  // measure 57
10000000
01000000
00000000
01000000
,  // measure 58
00000000
00001000
00000000
00010000
,  // measure 59
00000000
00000010
00000100
00000010
,  // measure 60
00000100
00000001
00000100
00001000
,  // measure 61
00010000
01000000
10010000
00000000
;

//---------------dance-double - ----------------
#NOTES:
     dance-double:
     :
     Medium:
     5:
     0.396,0.460,0.341,0.000,0.000,207.000,29.000,0.000,0.000,0.000:  // measure 1
00000000
00000000
00000000
00000000
,  // measure 2
00000000
00000000
00000000
00000000
,  // measure 3
00000000
00000000
00000000
00000000
,  // measure 4
00000000
00000000
00000000
00000000
,  // measure 5
00001000
00010000
00001000
00010000
00000000
00000000
00000000
00000000
,  // measure 6
00000000
00000010
00000000
00000010
00000000
00000010
00000000
00000000
,  // measure 7
00000000
00010000
00000000
00000000
00000000
00001000
00000000
00000000
,  // measure 8
00000000
00010000
00000000
00001000
00000000
00010000
00000000
00000000
,  // measure 9
00100000
00000000
00000000
00000000
,  // measure 10
01100000
10010000
01100000
10010000
,  // measure 11
00100000
10000000
01000000
00010000
,  // measure 12
00100000
10000000
01000000
00010000
,  // measure 13
10000000
10000000
00010000
00010000
,  // measure 14
00001000
00001000
00000001
00000000
,  // measure 15
00000010
00000001
00000100
00001000
,  // measure 16
00000010
00000001
00000100
00001000
,  // measure 17
00010000
00000000
00000000
00000000
,  // measure 18
00001001
00000110
00001001
00000110
,  // measure 19
00010000
00010000
10000000
10000000
,  // measure 20
00010000
00010000
01000000
01000000
,  // measure 21
10000000
00010000
00001000
00000000
,  // measure 22
00000001
00001000
00000100
00000000
,  // measure 23
00001000
00001000
00000001
00000001
,  // measure 24
00001000
00001000
00000100
00010000
,  // measure 25
00000010
00001000
00010000
00000000
,  // measure 26
00010000
00001000
00000110
00001001
,  // measure 27
00000010
00001000
00000100
00000001
,  // measure 28
00000010
00001000
00000100
00000001
,  // measure 29
00000010
00001000
00000010
00001000
,  // measure 30
00011000
00110000
01100000
00000000
,  // measure 31
00100000
00010000
01000000
10000000
,  // measure 32
00100000
00010000
01000000
10000000
,  // measure 33
00100000
00010000
00100000
00010000
,  // measure 34
00011000
00001100
00000110
00000000
,  // measure 35
00001000
00001000
00000000
00000000
00010000
00000000
00000000
00000000
,  // measure 36
00001000
00001000
00001000
00000000
00010000
00000000
00000000
00000000
,  // measure 37
00010000
01000000
10000000
00000000
10000000
01000000
00010000
00000000
,  // measure 38
00000000
00100000
00000000
00100000
00000000
00100000
00000000
00000000
,  // measure 39
00010000
00010000
00000000
00000000
00001000
00000000
00000000
00000000
,  // measure 40
00010000
00010000
00010000
00000000
00001000
00000000
00000000
00000000
,  // measure 41
00001000
00000010
00000001
00000000
00000001
00000010
00001000
00000000
,  // measure 42
00000010
00000001
00000110
00001000
,  // measure 43
00000000
00010000
00010000
00010000
00000100
00000000
00000000
00001000
,  // measure 44
00001000
00001000
01000000
00000000
10000000
00000000
01000000
00000000
,  // measure 45
00100000
00010000
01000000
10000000
,  // measure 46
00010000
00001000
00100000
01000000
,  // measure 47
00010000
00000100
00000001
00000000
,  // measure 48
00001001
00000010
00000001
00001000
,  // measure 49
00000110
00010000
00000010
00001000
,  // measure 50
00100000
00000000
00000000
00000000
,  // measure 51
10010000
00011000
00001001
00000110
,  // measure 52
00000001
00000001
00001000
00001000
,  // measure 53
00010000
00010000
00001000
00010000
,  // measure 54
10000000
01000000
00100000
00000000
,  // measure 55
00010000
00001000
00000100
00000000
,  // measure 56
00000010
00000010
00000100
00000100
,  // measure 57
00010000
00010000
00001000
00001000
,  // measure 58
00000010
00001001
00000110
00001000
,  // measure 59
00011000
00100000
01000000
10010000
,  // measure 60
00010000
01100000
00010000
00011000
,  // measure 61
01000000
10000000
00000000
00000000
;

//---------------dance-double - ----------------
#NOTES:
     dance-double:
     :
     Hard:
     7:
     0.512,0.640,0.810,0.000,0.000,236.000,69.000,0.000,0.000,0.000:  // measure 1
00000000
00000000
00000000
00000000
,  // measure 2
00000000
00000000
00000000
00000000
,  // measure 3
00000000
00000000
00000000
00000000
,  // measure 4
00000000
00000000
00000000
00000000
,  // measure 5
00000010
00000100
00000010
00000100
00000000
00000001
00001000
00000000
,  // measure 6
00000000
00001010
00000000
00000110
00000000
00000101
00000000
00000000
,  // measure 7
00000000
00010100
00000000
00000000
00000000
01001000
00000000
00000000
,  // measure 8
00000000
00010010
00000000
00101000
00000000
00010010
00000000
00000000
,  // measure 9
00010000
00010000
00010000
00100000
00000000
01000000
10000000
00000000
,  // measure 10
00110000
00000000
10100000
00000000
11000000
00010000
01000000
00000000
,  // measure 11
10000000
00010000
00001000
00001001
,  // measure 12
00000001
00001000
00010000
10010000
,  // measure 13
01100000
00010000
01000000
10000000
,  // measure 14
00110000
00000000
00001100
00000000
,  // measure 15
00000001
00001000
00010000
10010000
,  // measure 16
10000000
00010000
00001000
00001001
,  // measure 17
00000110
00000000
00000000
00000000
,  // measure 18
00001001
00010100
01001000
10010000
,  // measure 19
10000000
10000000
00000000
00000000
00010000
00010000
00000000
00000000
,  // measure 20
10000000
10000000
00000000
00000000
00010000
00010000
00000000
00000000
,  // measure 21
10000000
01000000
00100000
00000000
00100000
00010000
00001000
00000000
,  // measure 22
00010000
00001000
00000100
00000000
00000100
00000010
00000001
00000000
,  // measure 23
00000001
00000001
00000000
00000000
00001000
00001000
00000000
00000000
,  // measure 24
00000001
00000001
00000000
00000000
00001000
00001000
00000000
00000000
,  // measure 25
00000001
00000010
00000100
00000000
00000100
00001000
00010000
00000000
,  // measure 26
00001000
00010000
00100000
00000000
10010000
00000000
01100000
00000000
,  // measure 27
00110000
00110000
00011000
00011000
,  // measure 28
00001010
00001010
00011000
00011000
,  // measure 29
00110000
00011000
00001010
00011000
,  // measure 30
00101000
00000000
00010010
00000000
,  // measure 31
01010000
01010000
00011000
00011000
,  // measure 32
00001100
00001100
00011000
00011000
,  // measure 33
01010000
00011000
00001100
00011000
,  // measure 34
01001000
00010100
00011000
00000000
,  // measure 35
00100000
00000000
00000000
00000000
01000000
00010000
00000000
00000000
,  // measure 36
00000000
00011000
00000000
00001010
00000000
00000101
00000000
00000000
,  // measure 37
00000010
00000001
00000010
00000001
00000000
00001000
00000100
00000000
,  // measure 38
00000000
00011000
00000000
10100000
00000000
11000000
00000000
00000000
,  // measure 39
00000000
01000000
00000000
00000000
00100000
00010000
00000000
00000000
,  // measure 40
00000000
00011000
00000000
00001100
00000000
00000011
00000000
00000000
,  // measure 41
00000100
00000001
00000100
00000001
00000000
00000000
00000100
00000000
,  // measure 42
00010000
00010000
00000100
00000100
00010000
00000000
00001000
00000000
,  // measure 43
00000000
00100000
00100000
00100000
00001000
00000000
00000000
00000100
,  // measure 44
00000100
00000100
00001000
00000000
00010000
00000000
01000000
00000000
,  // measure 45
00010000
00100000
00001000
00000100
,  // measure 46
00010000
00100000
01000000
00000000
10000000
00010000
00100000
00000000
,  // measure 47
01010000
00000000
00001010
00000000
,  // measure 48
00010000
01000000
00001000
00000100
,  // measure 49
00010000
01000000
00001000
00000010
,  // measure 50
00000001
00000000
00000000
00000000
,  // measure 51
00001001
00010010
00101000
10010000
,  // measure 52
10000000
10000000
00000000
00000000
00100000
00100000
00000000
00000000
,  // measure 53
01000000
01000000
00000000
00000000
00010000
00010000
00000000
00000000
,  // measure 54
00001000
00001000
00000010
00000000
00000010
00000010
00000001
00000000
,  // measure 55
00000001
00000001
00000100
00000000
00000100
00000100
00001000
00000000
,  // measure 56
00000010
00000010
00000000
00000000
00000001
00000001
00000000
00000000
,  // measure 57
00000100
00000100
00000000
00000000
00001000
00001000
00000000
00000000
,  // measure 58
00010000
00100000
01000000
00000000
01000000
10000000
00100000
00000000
,  // measure 59
00100000
01000000
00010000
00000000
00010000
00001000
00000100
00000000
,  // measure 60
00000100
00000010
00000001
00000100
00000010
00000001
00000100
00000010
,  // measure 61
00000000
00000000
00001000
00000000
;

//---------------dance-couple - ----------------
#NOTES:
     dance-couple:
     :
     Easy:
     7:
     0.681,0.959,1.000,0.000,0.000,238.000,136.000,0.000,0.000,23.000:  // measure 1
00000000
00000000
00000000
00000000
,  // measure 2
00000000
00000000
00000000
00000000
,  // measure 3
00000000
00000000
00000000
00000000
,  // measure 4
00000000
00000000
00000000
00000000
,  // measure 5
00011000
10000001
00011000
10000001
00000000
00000000
00000000
00000000
,  // measure 6
00000000
00100010
00000000
00100010
00000000
00100010
00000000
00000000
,  // measure 7
01000100
00000000
00000000
00000000
,  // measure 8
10000001
01000100
00000000
00000000
00000000
00000000
00000000
00000000
,  // measure 9
00011000
01000100
10000001
00000000
00011000
00000000
00000000
00000000
,  // measure 10
01100110
10011001
01100110
10011001
,  // measure 11
01100001
10000000
01000000
10000000
,  // measure 12
01100001
00010000
01000000
00010000
,  // measure 13
10000001
00100000
00010000
01000000
,  // measure 14
00010001
00100000
10000000
01000000
,  // measure 15
10000110
00001000
00000100
00001000
,  // measure 16
10000110
00000001
00000100
00000001
,  // measure 17
10001000
00000010
00000001
00000100
,  // measure 18
10000001
00000010
00001000
00000100
,  // measure 19
10100000
00000001
00110000
00000001
,  // measure 20
11000000
00000001
01010000
00000001
,  // measure 21
10000000
01000000
00100001
00000000
00100000
00010000
01000001
00000000
,  // measure 22
01000000
10000000
00010001
00000000
00010000
01000000
10000001
00000000
,  // measure 23
00001010
10000000
00000011
10000000
,  // measure 24
00001100
10000000
00000101
10000000
,  // measure 25
00001000
00000100
10000010
00000000
00000010
00000001
10000100
00000000
,  // measure 26
00000100
00001000
10000001
00000000
00000001
00000100
10001000
00000000
,  // measure 27
00001000
01000101
00001000
01000011
,  // measure 28
00000001
01001010
00000001
01001100
,  // measure 29
00000001
00000010
01000001
00000000
00000100
00001000
01000100
00000000
,  // measure 30
00000010
01000010
00001100
01000000
,  // measure 31
10000000
01010100
10000000
00110100
,  // measure 32
00010000
10100100
00010000
11000100
,  // measure 33
00010000
00100000
00010100
00000000
01000000
10000000
01000100
00000000
,  // measure 34
00100000
00100100
11000000
00000100
,  // measure 35
10000001
10000000
00000000
00000000
00010000
00000000
00000000
00000000
,  // measure 36
01000001
01000000
01000000
00000000
00100000
00000000
00000000
00000000
,  // measure 37
10000001
01000000
00010000
00000000
10000000
01000000
00010000
00000000
,  // measure 38
00000000
10001000
00000000
10001000
00000000
10001000
00000000
00000000
,  // measure 39
10001000
00001000
00000000
00000000
00000001
00000000
00000000
00000000
,  // measure 40
10000100
00000100
00000100
00000000
00000010
00000000
00000000
00000000
,  // measure 41
10001000
00000100
00000001
00000000
00001000
00000100
00000001
00000000
,  // measure 42
01000100
10001000
01100110
10011001
,  // measure 43
00000000
10001000
00010001
10001000
10001000
00000000
00000000
00010001
,  // measure 44
10001000
00010001
00010001
00000000
01000100
00000000
00010001
00000000
,  // measure 45
00100010
10001000
01000100
00010001
,  // measure 46
00100010
10001000
00100010
00010001
,  // measure 47
01000100
10001000
00100010
00010001
,  // measure 48
00000000
10001000
00100010
00010001
,  // measure 49
01000100
10001000
00100010
00010001
,  // measure 50
01000100
00000000
10011001
01100110
,  // measure 51
10101010
00000000
00010001
01000100
00010001
00000000
00100010
10001000
,  // measure 52
00100010
10000000
10000001
10000000
,  // measure 53
10000001
00010000
00010001
00010000
,  // measure 54
01100001
10000000
01000001
00100000
,  // measure 55
10010000
00010001
01000000
10000001
,  // measure 56
00000000
00001000
10001000
00001000
,  // measure 57
10001000
00000001
10000001
00000001
,  // measure 58
10000110
00001000
10000100
00000010
,  // measure 59
00001001
10000001
00000100
10001000
,  // measure 60
00100010
00000000
00100010
10001000
01000100
00100010
10001000
01000100
,  // measure 61
00100010
10001000
00000000
00000000
00010001
00000000
00000000
00000000
;
