#TITLE:Salieri Strikes Back;
#SUBTITLE:;
#ARTIST:Warmen;
#TITLETRANSLIT:;
#SUBTITLETRANSLIT:;
#ARTISTTRANSLIT:;
#CREDIT:;
#BANNER:Salieri_Strikes_Back.png;
#BACKGROUND:Salieri_Strikes_Back-bg.png;
#LYRICSPATH:;
#CDTITLE:!duktitle.png;
#MUSIC:Salieri_Strikes_Back.mp3;
#OFFSET:0.820;
#SAMPLESTART:31.980;
#SAMPLELENGTH:12.000;
#SELECTABLE:YES;
#BPMS:0.000=241.250,1230.000=230.000,1231.000=220.000,1232.000=210.000,1233.000=200.000,1236.000=210.000,1241.000=200.000,1250.000=195.000,1255.000=140.000;
#STOPS:;
#BGCHANGES:;
// cache tags:
#FIRSTBEAT:4.000;
#LASTBEAT:1257.000;
#SONGFILENAME:Songs/All Songs/Duk Amok - Salieri Strikes Back/Salieri_Strikes_Back.sm;
#HASMUSIC:1;
#HASBANNER:1;
#MUSICLENGTH:319.145;
// end cache tags

//---------------dance-single - ----------------
#NOTES:
     dance-single:
     :
     Hard:
     13:
     1.000,1.000,0.504,0.172,0.796,2439.000,161.000,55.000,0.000,0.000:  // measure 1
0000
0000
0000
0000
,  // measure 2
0011
0000
0100
1000
0001
0000
0101
0000
,  // measure 3
0011
0110
1100
0110
,  // measure 4
0101
0000
0010
0100
0001
0000
0011
0000
,  // measure 5
1001
1010
1100
0011
,  // measure 6
0101
0000
0100
0010
0100
0000
0101
0000
,  // measure 7
0011
1010
1100
1001
,  // measure 8
0110
0000
0001
1000
0100
0000
0011
0000
,  // measure 9
1000
0010
0100
0001
0010
0100
1000
0001
,  // measure 10
1100
0000
0010
0001
1000
0000
1010
0000
,  // measure 11
1100
0110
0011
0110
,  // measure 12
1010
0000
0100
0010
1000
0000
1100
0000
,  // measure 13
1001
0010
0100
0010
0100
0010
0100
0001
,  // measure 14
1010
0000
0010
0100
0010
0000
1000
0001
,  // measure 15
0010
0001
1000
0010
0100
0001
0010
0001
,  // measure 16
0110
0000
1000
0001
0010
0000
1100
0000
,  // measure 17
0001
0100
0010
1000
0100
0010
0001
1000
,  // measure 18
0010
0100
0001
0100
0010
0100
1000
0100
,  // measure 19
0001
0100
0010
0100
0001
0100
1000
0100
,  // measure 20
0001
1000
0010
1000
0100
1000
0010
1000
,  // measure 21
0001
1000
0010
1000
0100
1000
0010
0100
,  // measure 22
0001
0010
0100
0010
0001
0010
1000
0010
,  // measure 23
0001
0010
0100
0010
0001
0010
1000
0010
,  // measure 24
0001
0100
0010
0100
0001
0100
1000
0100
,  // measure 25
0001
1000
0010
0100
0100
0001
0010
0100
,  // measure 26
1000
0010
1000
0010
0100
0010
0001
0010
,  // measure 27
1000
0010
0100
0010
1000
0010
0001
0010
,  // measure 28
1000
0001
0100
0001
0010
0001
0100
0001
,  // measure 29
1000
0001
0100
0001
0010
0001
0100
0010
,  // measure 30
1000
0100
0010
0100
1000
0100
0001
0100
,  // measure 31
1000
0100
0010
0100
1000
0100
0001
0100
,  // measure 32
1000
0010
0100
0010
1000
0010
0001
0010
,  // measure 33
1000
0100
0010
0001
0001
0100
0010
1000
,  // measure 34
0001
0000
1000
0001
0100
0001
1000
0001
,  // measure 35
0100
0010
1000
0010
0100
0010
1000
0010
,  // measure 36
0100
0000
0000
0000
0001
0010
0100
1000
0001
0100
0010
0100
0001
0010
0100
1000
,  // measure 37
0001
1000
0010
0100
0001
0100
0010
1000
0200
0000
0000
0000
0000
0000
0300
0000
,  // measure 38
0010
0000
0000
0000
0001
0100
0010
1000
0100
0010
0001
0010
0001
1000
0100
0010
,  // measure 39
0100
1000
0001
0100
0010
0100
0001
0010
0100
1000
0000
0000
,  // measure 40
0100
0000
0000
0000
0010
0001
1000
0001
0100
0010
1000
0010
0100
0001
1000
0001
,  // measure 41
0100
0000
0000
0010
0000
0000
1000
0000
0000
0001
0000
0000
0100
0000
0000
0001
0000
0000
0010
0000
0001
0000
1000
0000
0200
0000
0000
0000
0000
0000
0000
0000
0000
0000
0000
0000
0300
0000
0000
0000
0000
0000
0000
0000
0000
0000
0000
0000
,  // measure 42
0011
0000
1000
0010
1000
0100
1000
0010
,  // measure 43
0100
0001
0100
0010
0100
0001
0100
0010
,  // measure 44
1000
0001
0010
0100
1000
0001
0100
0010
,  // measure 45
0100
0001
0010
0001
0100
0001
0010
0100
,  // measure 46
0010
0000
0000
0000
0000
0000
0000
0000
0000
0000
0000
0000
0000
0000
0000
0001
0000
0000
0010
0000
0000
0100
0000
0000
0010
0000
0000
0000
0001
0000
0000
0000
1000
0000
0000
0000
0010
0000
0000
0000
0000
0000
0100
0000
0000
0001
0000
0000
,  // measure 47
0100
0010
1000
0100
0010
0001
1000
0001
0100
0010
1000
0001
0100
0010
1000
0100
,  // measure 48
0010
0100
1000
0010
0100
0001
0010
0100
0010
0001
1000
0100
0010
0001
0010
0100
,  // measure 49
1000
0100
0010
0001
0100
0010
0100
0001
,  // measure 50
0010
0001
1000
0010
0100
0010
1000
0010
,  // measure 51
0100
0001
0010
0001
0100
0001
0010
0100
,  // measure 52
0010
0001
0010
0100
0010
0100
1000
0010
,  // measure 53
0100
0001
0100
0010
0100
0001
0010
0100
,  // measure 54
1000
0100
0010
0100
1000
0001
0010
0100
,  // measure 55
0010
0001
1000
0010
0100
0010
1000
0001
,  // measure 56
1000
0001
0010
0100
0010
0001
1000
0001
,  // measure 57
1000
0010
0100
0010
1000
0100
0010
0001
,  // measure 58
0110
1000
0001
0100
0010
0100
0001
0100
,  // measure 59
0010
1000
0100
1000
0010
1000
0100
0010
,  // measure 60
0100
1000
0100
0010
0100
0010
0001
0100
,  // measure 61
0010
1000
0010
0100
0010
1000
0100
0010
,  // measure 62
0001
0010
0100
0010
0001
1000
0100
0010
,  // measure 63
0100
1000
0001
0100
0010
0100
0001
1000
,  // measure 64
0001
1000
0100
0010
0100
1000
0001
1000
,  // measure 65
0001
0100
0010
0100
0001
0010
0100
1000
,  // measure 66
0011
0000
0100
1000
0001
0000
0101
0000
,  // measure 67
0011
0110
1100
0110
,  // measure 68
0101
0000
0010
0100
0001
0000
0011
0000
,  // measure 69
1001
0100
0010
0100
0010
0100
0010
1000
,  // measure 70
0101
0000
0100
0010
0100
0000
0001
1000
,  // measure 71
0100
1000
0001
0100
0010
1000
0100
1000
,  // measure 72
0110
0000
0001
1000
0100
0000
0011
0000
,  // measure 73
1000
0010
0100
0001
0010
0100
1000
0001
,  // measure 74
0100
0010
1000
0010
0100
0010
0001
0010
,  // measure 75
1000
0010
0100
0010
1000
0010
0001
0010
,  // measure 76
1000
0001
0100
0001
0010
0001
0100
0001
,  // measure 77
1000
0001
0100
0001
0010
0001
0100
0010
,  // measure 78
1000
0100
0010
0100
1000
0100
0001
0100
,  // measure 79
1000
0100
0010
0100
1000
0100
0001
0100
,  // measure 80
1000
0010
0100
0010
1000
0010
0001
0010
,  // measure 81
1000
0001
0100
0010
0010
1000
0100
0010
,  // measure 82
0002
0000
0000
0000
0000
0003
0010
0100
,  // measure 83
0010
0001
2000
0000
0000
3000
0010
0100
,  // measure 84
0002
0000
0000
2003
0000
3000
0010
0100
,  // measure 85
0002
0000
0000
0000
0000
0000
0003
0010
,  // measure 86
0100
1000
0100
0001
0100
1000
0010
0001
,  // measure 87
0010
1000
0010
0100
0001
0010
0100
0010
,  // measure 88
0000
0000
0001
0000
0000
0000
1000
0000
0010
0100
0010
0000
1000
0000
0001
0000
,  // measure 89
0020
0000
0030
0000
,  // measure 90
0001
0010
0100
0001
0010
0100
1000
0010
,  // measure 91
0100
0010
1000
0001
0100
0010
1000
0100
,  // measure 92
0020
0000
0030
0002
0000
0003
2000
0000
,  // measure 93
3000
0000
0000
0000
0010
0000
0100
0001
,  // measure 94
0020
0000
0030
0000
0002
0003
2000
0000
,  // measure 95
0000
3000
0001
0100
0020
0000
0000
0030
,  // measure 96
1000
0001
0010
0100
0011
0000
1000
0010
,  // measure 97
0100
0001
0010
0100
0010
0001
1000
0010
,  // measure 98
0100
0001
0100
0001
0010
0001
0010
0001
,  // measure 99
0010
0100
0010
0100
0010
0100
0010
0100
,  // measure 100
1000
0100
1000
0100
1000
0010
1000
0010
,  // measure 101
0100
0010
0100
0010
0100
0010
0100
0010
,  // measure 102
0100
0001
0100
0001
0010
0001
0010
0001
,  // measure 103
0010
0100
0010
0100
0010
0100
0010
0100
,  // measure 104
1000
0001
1000
0001
0100
0001
0100
0001
,  // measure 105
1000
0010
0100
0001
1000
0100
0010
0001
,  // measure 106
0110
1000
0010
1000
0101
1000
0100
1000
,  // measure 107
0101
0010
0100
0010
0100
0010
0100
0010
,  // measure 108
1001
0010
0001
0010
1001
0100
0001
0100
,  // measure 109
0011
0100
0010
0100
0010
0100
0010
0100
,  // measure 110
0011
1000
0010
1000
0101
1000
0100
1000
,  // measure 111
0101
0010
0100
0010
0100
0010
0100
0010
,  // measure 112
0101
1000
0001
1000
0011
1000
0010
1000
,  // measure 113
0011
0100
0010
1000
0001
0010
0100
1000
,  // measure 114
0001
0010
0100
1000
0010
0100
0001
0010
0100
1000
0010
0100
,  // measure 115
0001
0100
0010
1000
0100
0010
0001
0100
0010
1000
0100
0010
,  // measure 116
0001
0010
0001
1000
0100
1000
0001
0010
0001
1000
0100
1000
,  // measure 117
0010
1000
0010
0100
0001
0100
0010
1000
0010
0100
0001
0100
,  // measure 118
0010
0100
0010
1000
0001
1000
0010
0100
0010
1000
0001
1000
,  // measure 119
0001
0010
0100
0010
0001
1000
0010
0100
0001
0100
0010
1000
,  // measure 120
0100
0010
0001
1000
0100
0010
0001
0010
0100
0010
0001
1000
,  // measure 121
0010
0100
0001
1000
0010
0100
0001
1000
0010
0100
0001
1000
,  // measure 122
0010
1000
0100
0010
0001
1000
0100
0010
0001
1000
0100
0010
,  // measure 123
0001
0010
0100
1000
0001
0010
0100
1000
0001
0010
0100
1000
,  // measure 124
0010
1000
0001
0100
0010
1000
0001
0010
0001
1000
0010
0100
,  // measure 125
0001
0010
0100
0010
0001
1000
0100
0010
0100
1000
0010
0100
,  // measure 126
0010
1000
0001
1000
0001
0010
0100
0010
0001
1000
0010
0100
,  // measure 127
0010
0100
0001
0010
0001
0100
0010
0100
0010
1000
0010
1000
,  // measure 128
0100
1000
0100
0010
0100
0010
0001
0010
0001
0100
0010
1000
,  // measure 129
0100
0010
0001
0010
0100
1000
0100
0010
0001
0010
0100
1000
,  // measure 130
0002
0000
0000
0000
0000
0003
2000
3000
,  // measure 131
0020
0000
0000
0230
0000
0300
0002
0003
,  // measure 132
2000
0000
3200
0000
0310
0001
1000
0010
,  // measure 133
0100
0001
0010
0200
0000
0300
0010
0000
,  // measure 134
0002
0000
0000
0000
0000
0003
1000
0010
,  // measure 135
0100
0001
0010
0100
0010
0001
1000
0100
,  // measure 136
0010
0100
1000
0001
0100
0010
0100
0001
,  // measure 137
0010
0100
0010
0100
1000
0010
0100
0010
,  // measure 138
0200
0000
0000
0000
0000
0300
0001
0010
,  // measure 139
0001
0100
0001
1000
0001
0010
0100
0010
,  // measure 140
0001
0010
0100
1000
0010
0100
0001
0010
,  // measure 141
0100
1000
0100
0001
0100
1000
0010
0100
,  // measure 142
0002
0000
0000
0000
0000
0000
0003
0000
1000
0010
0100
0001
1000
0100
0010
0001
,  // measure 143
0010
0100
0010
0001
1000
0100
0010
0100
1000
0010
0100
0002
0000
0003
0000
0000
,  // measure 144
2000
3000
0100
0010
0100
1000
0010
0100
,  // measure 145
0001
0010
0100
1000
0001
0010
0100
0010
,  // measure 146
0100
0010
1001
0100
0010
0100
1001
0010
,  // measure 147
0100
0010
1100
0001
0010
0100
1010
0001
,  // measure 148
1000
0010
1001
0100
0010
1000
0101
0010
,  // measure 149
0100
0010
1001
0100
1000
0100
1001
0010
,  // measure 150
1001
0000
0000
0000
0000
0000
0000
0000
0000
0000
0000
0000
0000
0000
0000
0000
1000
0001
0000
0000
0000
0000
0000
0000
0000
0000
0000
0000
0101
0000
0000
0000
,  // measure 151
0000
0000
1100
0000
0000
0011
0000
0000
,  // measure 152
1001
0101
1010
1100
,  // measure 153
0100
0010
0001
0010
0000
0000
0001
0010
0100
0010
0000
0000
,  // measure 154
1100
1100
0000
0011
,  // measure 155
0101
0000
1001
0000
,  // measure 156
0110
0101
0000
1010
,  // measure 157
1100
0001
0010
0001
,  // measure 158
0000
1100
0000
0010
,  // measure 159
0101
0000
0000
0101
,  // measure 160
2002
0000
0000
0000
,  // measure 161
3003
0100
0010
0100
,  // measure 162
2000
3000
0002
0000
,  // measure 163
0003
1000
0010
0100
,  // measure 164
0002
0000
0000
0000
,  // measure 165
0013
0000
0000
0100
0000
0010
0000
0000
,  // measure 166
0001
0000
1000
0001
,  // measure 167
0000
0000
1000
0001
1000
0000
0010
0000
,  // measure 168
0100
0000
0000
0100
,  // measure 169
0001
0000
0000
0000
0010
0000
0000
1000
0000
0000
0010
0000
0000
0100
0000
0000
,  // measure 170
0020
0000
0000
0000
,  // measure 171
2030
0000
0000
0000
3000
0100
0010
0100
,  // measure 172
2000
0000
0000
3001
,  // measure 173
0100
0010
0100
0001
,  // measure 174
0020
0000
0000
0000
0030
0000
0001
1000
,  // measure 175
0200
0000
0300
0010
,  // measure 176
0001
1000
0010
0100
0001
0010
0100
0010
,  // measure 177
0001
1000
0010
0100
0001
1000
0100
0010
,  // measure 178
0001
0000
1000
0010
0100
0001
0110
0000
,  // measure 179
0000
0000
0000
0000
0000
0000
0001
0000
0000
1000
0000
0000
0010
0000
1000
0000
0101
0000
0000
0000
0000
0000
0000
0000
,  // measure 180
0000
0000
0000
0000
0000
0000
1000
0000
0000
0001
0000
0000
0010
0000
0100
0000
1001
0000
0000
0000
0000
0000
0000
0000
,  // measure 181
0000
0000
0000
0000
0000
0000
0000
0000
0000
0000
0000
0000
1000
0000
0000
0100
0000
0000
0010
0000
0000
0000
0000
0000
0001
0000
0000
0000
0100
0000
0000
0000
1010
0000
0000
0000
0000
0000
0000
0000
0000
0000
0000
0000
0000
0000
0000
0000
,  // measure 182
0102
0000
0000
0000
0000
0003
1000
0100
,  // measure 183
0010
0000
0000
0000
0000
0110
0000
0000
,  // measure 184
0011
0000
0000
0000
0000
0000
1000
0010
,  // measure 185
1000
0001
1000
0000
0001
1000
0001
0000
,  // measure 186
0100
0000
0000
0000
0000
0000
0000
0000
0010
0000
0000
0000
1000
0000
0000
0100
0000
0000
0010
0000
0000
0001
0000
0000
0010
0000
0000
0000
0000
0000
0001
0000
0000
0100
0000
0000
0010
0000
0000
1000
0000
0000
0010
0000
0000
0100
0000
0000
,  // measure 187
0001
1000
0010
0100
0010
1000
0100
0010
0001
0010
0100
1000
,  // measure 188
0002
0000
0000
1003
,  // measure 189
0010
0100
0001
0010
0100
1000
0001
0100
,  // measure 190
0001
0000
0000
0000
1000
0000
0000
0000
0100
0000
0000
0000
0010
0000
0000
0001
0000
0000
1000
0000
0000
0100
0000
0000
0010
0000
0000
0000
0100
0000
0000
0000
1000
0000
0000
0000
0010
0000
0000
0100
0000
0000
0001
0000
0000
1000
0000
0000
,  // measure 191
0010
0000
0000
0000
0100
0000
0000
0000
0001
0000
0000
0000
0010
0000
0000
0100
0000
0000
1000
0000
0000
0001
0000
0000
0010
0000
0000
0000
0001
0000
0000
0000
1000
0000
0000
0000
0100
0000
0000
0010
0000
0000
0001
0000
0000
1000
0000
0000
,  // measure 192
0200
0000
0000
0000
0310
0001
1000
0000
,  // measure 193
0000
0000
0000
0000
0000
0000
0000
0000
0000
0000
0000
0000
0101
0000
0000
0000
0000
0000
0000
0000
0000
0000
0000
0000
0000
0000
0000
0000
0000
0000
0000
0000
0000
0010
0000
0000
1000
0000
0000
0000
0100
0000
0000
0000
0010
0000
0000
0000
,  // measure 194
0001
0000
0000
0010
0000
0000
0100
0000
0000
1000
0000
0000
0001
0000
0000
0000
0010
0000
0000
0000
0100
0000
0000
0000
0010
0000
0000
0001
0000
0000
1000
0000
0000
0100
0000
0000
0010
0000
0000
0000
0001
0000
0000
0000
0100
0000
0000
0000
,  // measure 195
0010
0000
0000
1000
0000
0000
0001
0000
0000
0100
0000
0000
0010
0000
0000
0000
0100
0000
0000
0000
0001
0000
0000
0000
0010
0000
0000
0001
0000
0000
1000
0000
0000
0100
0000
0000
0010
0000
0000
0000
0100
0000
0000
0000
1000
0000
0000
0000
,  // measure 196
0001
0100
0010
0100
0001
1000
0100
1000
0010
0100
0001
0010
0100
1000
0100
0010
,  // measure 197
0100
0010
0001
1000
0100
1000
0001
0010
0100
0010
0001
1000
0010
0100
0001
0010
,  // measure 198
0002
0003
0010
0100
,  // measure 199
0001
0000
1100
0000
0000
0000
0001
0010
,  // measure 200
1001
0000
0000
0010
,  // measure 201
0100
0001
0010
0100
,  // measure 202
0010
0101
0000
0010
,  // measure 203
1100
0000
0010
0101
,  // measure 204
0000
0010
1100
0000
,  // measure 205
0020
0000
0000
0000
0030
0000
0001
1000
,  // measure 206
0020
0000
0000
0030
1000
0000
0001
0000
,  // measure 207
0000
0000
0000
0000
0000
0000
0010
0000
0001
0000
1000
0000
0100
0000
0000
0010
0000
0000
0001
0000
0000
1000
0000
0000
,  // measure 208
0010
0000
0000
1000
,  // measure 209
0001
0010
0100
0010
1000
0010
0001
0100
,  // measure 210
0010
0000
0000
0000
0000
1000
0100
0010
,  // measure 211
0100
0000
0000
0101
,  // measure 212
0011
0000
0000
1100
,  // measure 213
0110
0000
0000
1000
0011
0000
0000
0001
,  // measure 214
1000
0000
0010
1000
0100
0010
0100
1000
0010
0100
0001
0010
,  // measure 215
0100
1000
0010
0100
0001
0100
0010
1000
0100
1000
0010
0100
,  // measure 216
0001
0001
0000
1000
1100
0000
0000
0010
,  // measure 217
0101
0001
0010
0100
1001
1000
0010
0100
,  // measure 218
0002
0000
0000
0000
0000
0003
0002
0003
,  // measure 219
0002
0000
1003
0100
0010
0100
1000
0010
,  // measure 220
0200
0000
0300
0000
0001
0010
0100
1000
0010
0100
0001
0000
0000
0000
0000
0010
,  // measure 221
0001
1000
0100
0010
0100
1000
0010
0100
0002
0003
1000
0100
1000
0100
0010
0001
,  // measure 222
0200
0000
0000
0000
0300
0000
0000
0001
0000
0010
0001
0100
0010
1000
0000
0010
,  // measure 223
0000
0000
0100
0000
0000
0000
0002
0000
0000
0000
0000
0000
0003
0000
0000
0010
0000
0000
0100
0000
0000
1000
0000
0000
0001
0000
0000
0100
0000
0000
0001
0000
0000
1000
0000
0000
0010
0000
0000
1000
0000
0000
0100
0000
0000
0010
0000
0000
,  // measure 224
0001
0010
0001
0100
0010
1000
0100
0010
0001
1000
0010
0100
0001
0100
0010
1000
,  // measure 225
0100
0010
0001
1000
0100
0010
0100
1000
0020
0000
0000
0000
0030
0000
0100
0001
,  // measure 226
0020
0000
0000
0000
0030
0000
0000
0010
0001
0010
0100
1000
0001
0100
0001
1000
,  // measure 227
0000
0000
0000
0100
0000
0000
0000
0000
0000
0000
0000
0000
0000
0000
0000
0000
0000
0000
0010
0000
0000
0001
0000
0000
1000
0000
0000
0000
0000
0000
0100
0000
0000
0000
0000
0000
0010
0000
0000
0000
0001
0000
0000
0000
1000
0000
0000
0000
,  // measure 228
0010
0000
0000
0000
0100
0000
0000
0000
0001
0000
0000
0000
0010
0000
0000
0001
0000
0000
0200
0000
0000
0000
0000
0000
0300
0000
0000
0000
0000
0000
0010
0000
0000
1000
0000
0000
0100
0000
0000
0010
0000
0000
0000
0000
0000
0001
0000
0000
,  // measure 229
0000
0000
1000
0010
0100
0001
0000
1000
0000
0100
0010
0001
1000
0010
0100
0001
,  // measure 230
2000
0000
0000
3000
0000
0000
0100
0010
0001
1000
0010
0100
0001
0010
0100
1000
,  // measure 231
0100
0010
0001
0010
0100
0010
0001
1000
0010
0100
0001
0100
0010
1000
0001
0010
,  // measure 232
0100
0000
0000
0000
1000
0000
0100
0000
0010
0000
0001
0000
0100
0000
0000
0001
0000
0000
1000
0000
0000
0001
0000
0000
1000
0000
0000
0100
0000
0000
0010
0000
0000
0001
0000
0000
1000
0000
0000
0100
0000
0000
0010
0000
0000
0001
0000
0000
,  // measure 233
0010
0000
0000
0100
0000
0000
1000
0000
0000
0001
0000
0000
0010
0000
0000
0100
0000
0000
1000
0000
0000
0010
0000
0000
0100
0000
0000
0001
0000
0000
1000
0000
0000
0100
0000
0000
0010
0000
0000
0000
0001
0000
0000
0000
1000
0000
0000
0000
,  // measure 234
0001
1000
0100
1000
0001
1000
0010
1000
0001
1000
0100
1000
0001
1000
0010
1000
,  // measure 235
0001
0100
0010
0100
0001
0100
0010
0100
0001
0100
0010
0100
0001
0100
0010
0100
,  // measure 236
0001
0010
0100
0010
0001
0010
0100
0010
0001
0010
0100
0010
0001
0010
0100
0010
,  // measure 237
0001
1000
0100
1000
0001
1000
0100
1000
0001
1000
0100
1000
0001
1000
0100
1000
,  // measure 238
0010
0100
0001
0010
0100
0010
0001
0100
0010
0100
0001
0010
0100
0010
0001
0100
,  // measure 239
0010
1000
0100
0010
0100
1000
0010
0100
0010
1000
0100
0010
0100
1000
0010
0100
,  // measure 240
0001
0010
0100
1000
0010
0100
0001
0010
0100
1000
0010
0100
0001
0010
0100
1000
,  // measure 241
0010
0100
0001
0100
0001
0010
0001
0010
0100
0010
0100
1000
0100
1000
0010
0100
,  // measure 242
0010
0100
0001
0010
0100
0010
0001
1000
0100
0010
0001
1000
0010
0100
0001
0010
,  // measure 243
0100
1000
0010
0100
0010
1000
0001
0010
0100
0010
0001
1000
0100
0010
0100
1000
,  // measure 244
0001
0010
0100
0010
0001
1000
0010
0100
0001
0100
0010
1000
0010
1000
0001
0100
,  // measure 245
0010
1000
0100
0010
0001
0010
0001
1000
0100
0010
0001
0100
0010
0100
0010
1000
,  // measure 246
0100
0010
0100
1000
0001
0010
0100
1000
0001
0010
0001
0010
0100
0010
0100
1000
,  // measure 247
0010
0100
0001
0010
0100
0010
0001
1000
0010
0100
0010
1000
0100
0010
0001
0100
,  // measure 248
0001
1000
0100
0010
0100
1000
0010
0100
0001
0010
0100
1000
0001
0010
0100
0010
,  // measure 249
0001
1000
0010
0100
0001
0100
0010
1000
0001
0100
0010
1000
0001
1000
0100
0000
,  // measure 250
1001
0000
0100
1000
0001
0000
0101
0000
,  // measure 251
0011
0110
1100
0110
,  // measure 252
0101
0000
0010
0100
0001
0000
0011
0000
,  // measure 253
1001
0100
0010
0100
0010
0100
0010
1000
,  // measure 254
0101
0000
0100
0010
0100
0000
0001
1000
,  // measure 255
0100
1000
0001
0100
0010
1000
0100
1000
,  // measure 256
0110
0000
0001
1000
0100
0000
0011
0000
,  // measure 257
1000
0010
0100
0001
0010
0100
1000
0001
,  // measure 258
0100
0010
1000
0010
0100
0010
0001
0010
,  // measure 259
1000
0010
0100
0010
1000
0010
0001
0010
,  // measure 260
1000
0001
0100
0001
0010
0001
0100
0001
,  // measure 261
1000
0001
0100
0001
0010
0001
0100
0010
,  // measure 262
1000
0100
0010
0100
1000
0100
0001
0100
,  // measure 263
1000
0100
0010
0100
1000
0100
0001
0100
,  // measure 264
1000
0010
0100
0010
1000
0010
0001
0010
,  // measure 265
1000
0001
0100
0010
0010
1000
0100
0010
,  // measure 266
0001
0100
0001
0100
0010
0100
1000
0100
,  // measure 267
0001
0100
0010
0100
0001
0100
1000
0100
,  // measure 268
0001
1000
0010
1000
0100
1000
0010
1000
,  // measure 269
0001
1000
0010
1000
0100
1000
0010
0100
,  // measure 270
0001
0010
0100
0010
0001
0010
1000
0010
,  // measure 271
0001
0010
0100
0010
0001
0010
1000
0010
,  // measure 272
0001
0100
0010
0100
0001
0100
1000
0100
,  // measure 273
0001
0010
0100
1000
1000
0010
0100
0001
,  // measure 274
1000
0100
1000
0100
0010
0100
0010
0100
,  // measure 275
0010
0001
0010
0001
0010
0001
0010
0001
,  // measure 276
0100
0001
0100
0001
1000
0001
1000
0001
,  // measure 277
1000
0010
1000
0010
1000
0010
1000
0010
,  // measure 278
0100
0010
0100
0010
0100
0001
0100
0001
,  // measure 279
0010
0001
0010
0001
0010
0001
0010
0001
,  // measure 280
0010
0100
0010
0100
1000
0001
1000
0001
,  // measure 281
0100
0001
0100
0001
0100
0001
0100
0001
,  // measure 282
1010
0100
1000
0100
1010
0100
0010
0100
,  // measure 283
1010
0001
0010
0001
0010
0001
0010
0001
,  // measure 284
1100
0001
0100
0001
1010
0001
1000
0001
,  // measure 285
1100
0010
1000
0010
1000
0010
1000
0010
,  // measure 286
0101
0010
0100
0010
1100
0001
0100
0001
,  // measure 287
1010
0001
0010
0001
0010
0001
0010
0001
,  // measure 288
1010
0100
0010
0100
1010
0001
1000
0001
,  // measure 289
1100
0001
0100
0001
0100
0001
0100
0001
,  // measure 290
1000
0100
0010
0100
1000
0010
0100
0001
,  // measure 291
0010
0100
0010
0001
0100
0010
0100
0001
,  // measure 292
0010
0100
1000
0010
0100
0001
1000
0010
,  // measure 293
1000
0010
0100
0010
0100
0001
0010
0100
,  // measure 294
0010
0001
0100
0010
0100
0010
1000
0100
,  // measure 295
0010
0100
1000
0010
0001
0010
1000
0100
,  // measure 296
0010
0001
0010
0100
1000
0001
0010
0001
,  // measure 297
0100
0010
1000
0100
0001
0100
1000
0010
,  // measure 298
1001
0010
0101
0010
0001
0100
0011
1000
,  // measure 299
0100
0010
0101
1000
0010
0100
0011
1000
,  // measure 300
0100
0010
1001
0100
0010
1000
0011
0100
,  // measure 301
0001
0100
1010
0100
0010
1000
0101
0010
,  // measure 302
0100
1000
0011
0100
0010
0100
1001
0010
,  // measure 303
0100
0010
1001
0100
1000
0100
1001
0010
,  // measure 304
0100
1000
0100
1000
0010
0100
0001
0010
,  // measure 305
0100
0010
0001
1000
0010
0100
0001
0010
,  // measure 306
0110
0000
1000
0001
0100
0000
1100
0000
,  // measure 307
0110
1010
1001
1010
,  // measure 308
1100
0000
0010
1000
0100
0000
0110
0000
,  // measure 309
0101
0011
1001
0110
,  // measure 310
1100
0001
1000
0010
0100
0001
0010
0100
,  // measure 311
1000
0010
0100
0010
1000
0100
0010
0001
,  // measure 312
0010
0001
0100
0001
1000
0100
0010
0001
,  // measure 313
1000
0010
0100
0010
0100
0010
0100
0010
0100
0000
0000
0000
0000
0000
0000
0000
,  // measure 314
0000
0000
0001
1000
,  // measure 315
1001
0100
0010
0000
0000
0000
0000
0000
;
