#TITLE:Hyper Pressure;
#SUBTITLE:;
#ARTIST:ASK;
#TITLETRANSLIT:;
#SUBTITLETRANSLIT:;
#ARTISTTRANSLIT:;
#CREDIT:;
#BANNER:HyperPressure-bn.png;
#BACKGROUND:HyperPressure-bg.png;
#LYRICSPATH:;
#CDTITLE:!joeCDtitle.png;
#MUSIC:ASK - Hyper Pressure.mp3;
#OFFSET:-0.060;
#SAMPLESTART:100.000;
#SAMPLELENGTH:12.000;
#SELECTABLE:YES;
#BPMS:0.000=182.000;
#STOPS:;
#BGCHANGES:;
// cache tags:
#FIRSTBEAT:4.000;
#LASTBEAT:440.000;
#SONGFILENAME:Songs/All Songs/Hyper Pressure/HyperPressure.sm;
#HASMUSIC:1;
#HASBANNER:1;
#MUSICLENGTH:146.599;
// end cache tags

//---------------dance-single - ----------------
#NOTES:
     dance-single:
     :
     Hard:
     12:
     1.000,1.000,1.000,0.027,0.778,1038.000,192.000,4.000,0.000,0.000:
0000
0000
0000
0000
,
1000
1000
0010
0001
0000
0001
0000
0001
,
0100
0010
0001
1000
1100
1010
0101
0011
,
0001
0001
0100
0010
0000
0010
0000
0010
,
1000
0001
1000
0001
1001
0110
0011
1100
,
0010
0100
0001
1000
0000
1000
0000
1000
,
0100
1000
0010
0100
1010
0110
0101
1010
,
0001
0001
0010
0100
0000
0100
0000
0100
,
0011
0000
0110
0000
1001
1010
1100
0001
,
0011
1000
0010
0001
1001
1000
0001
1000
,
1001
0010
0100
0001
0011
1100
0011
0110
,
1000
0100
1010
0100
0010
0100
1010
0100
,
0001
0010
0101
0001
1001
0110
1001
1100
,
0010
0100
1010
0100
0010
0100
1001
0001
,
1000
0010
0100
0001
1000
0001
0100
0010
1000
0010
0100
0001
1000
0010
1000
0001
,
1000
0010
0100
0001
1000
0001
0100
0010
1000
0010
1000
0001
0100
0001
1000
0010
,
1001
0000
0010
0000
1010
0000
1000
0000
1000
0100
0010
0000
0011
0000
0001
0000
,
2002
0000
0000
0000
,
0000
0000
3003
0000
0000
1001
1001
0000
,
1001
0000
0001
0010
0100
0000
0001
0000
1000
0000
0100
0000
0010
0000
0001
0000
,
1000
0001
1000
0001
1000
0001
1000
0000
0001
0000
0010
0000
0100
0000
1000
0000
,
0001
0100
0010
1000
0001
0000
1000
0000
0010
0000
0100
0000
0001
0000
1000
0000
,
0010
1000
0010
1000
0010
1000
0010
0000
0101
0000
1001
0000
1010
0000
1000
0000
,
0001
0010
0100
1000
0000
0000
0001
0010
0100
1000
0000
0000
0001
0010
0100
1000
,
0001
0000
1000
0000
0001
0000
1000
0000
0010
0100
0010
0100
0010
0000
1000
0000
,
0001
0010
0100
0000
1000
0000
0010
1000
0010
0000
1000
0001
1000
0001
1000
0000
,
0010
0100
0010
1000
0001
0100
0010
1000
0100
1000
0010
0100
0001
0000
0000
0000
,
1001
0000
1000
0100
0010
0000
1000
0000
0001
0000
0010
0000
0100
0000
1000
0000
,
0001
1000
0001
1000
0001
1000
0001
0000
1000
0000
1010
0000
0110
0000
0001
0000
,
1000
0010
0100
0001
1000
0000
0001
0000
0100
0000
0010
0000
1000
0000
0001
0000
,
0100
0001
0100
0001
0100
0001
0100
0000
0011
0000
1100
0000
0110
0000
1000
0000
,
0001
0010
0100
1000
0000
0000
0001
0010
0100
1000
0000
0000
0001
0010
0100
1000
,
0001
0000
1000
0000
0001
0000
1000
0000
0010
0100
0010
0100
0010
0000
1000
0000
,
0001
0010
0100
0000
1000
0000
0010
0100
0010
0000
1000
0001
1000
0001
1000
0000
,
0001
0100
0010
1000
0001
0100
0010
1000
0100
1000
0010
0100
0001
0000
1000
0000
,
1001
0100
0101
0010
0011
1000
1010
0100
,
1000
0010
0100
0001
1000
0000
0001
0100
0010
1000
0001
0000
1000
0010
1000
0000
,
0101
0010
1001
0010
0101
0010
1001
1000
,
0001
1000
0010
1000
0001
0000
1000
0001
0100
0001
1000
0000
0001
1000
0001
0000
,
1001
0001
0110
0001
1100
0001
0110
1000
,
0010
0100
0001
0100
0010
0000
0100
0010
1000
0010
0100
0000
0001
0100
0001
0000
,
0101
1000
1100
0001
0101
1000
1100
1000
,
0001
0010
0100
1000
0010
1000
0100
0010
0001
1000
0010
0100
0010
1000
0001
1000
,
0001
0100
0101
1000
1010
0100
0110
0001
,
1000
0010
0100
0001
1000
0000
0001
0100
0010
1000
0001
0000
1000
0001
1000
0000
,
1001
0001
1001
1000
1010
0010
1001
0001
,
0001
1000
0100
1000
0001
0000
1000
0001
0100
0001
1000
0000
0001
1000
0001
0000
,
1001
0010
0101
0010
1001
0010
0101
0010
,
1000
0001
0100
0001
1000
0000
0001
1000
0010
1000
0001
0000
1000
0001
1000
0000
,
1001
0001
0110
0001
1100
0001
0110
1000
,
0010
1000
0100
0010
0001
0100
0010
1000
0100
0010
0001
0100
0010
1000
0001
1000
,
0001
0100
1001
0100
1010
0100
1001
0010
,
0001
1000
0010
1000
0001
0010
0100
1000
0001
0100
0001
0100
0010
1000
0001
0000
,
1001
1000
0110
0001
1100
1000
0011
1000
,
0100
0010
0001
1000
0100
0010
0001
1000
0100
0010
0100
1000
0001
1000
0001
0000
,
1000
0001
1000
0000
0001
0000
1000
0000
0010
0100
0010
0000
1000
0000
0001
0000
,
0100
0001
0100
0000
0010
0000
1000
0000
0001
1000
0001
1000
0001
0000
1000
0000
,
0001
0100
1010
0100
0101
0010
0101
1000
,
0101
0001
0101
0110
1001
1010
0101
0001
,
1000
0001
0100
0001
1000
0000
0010
0000
1000
0000
0100
0000
0010
0000
0100
0000
,
0110
0100
1010
0001
0101
1000
1010
0010
,
0001
0100
0010
1000
0001
0000
0100
0000
0001
0000
0100
0000
1010
0000
0001
0000
,
0101
0010
1010
0110
1001
0101
1010
1000
,
0001
1000
0010
1000
0001
0000
1000
0000
0001
0100
0010
0100
0001
0000
1000
0000
,
0001
0100
0010
1000
0010
0000
1000
0000
1001
0000
0010
0000
1001
0000
0001
0000
,
1000
0010
0100
0001
0010
0001
1000
0010
0100
0001
1000
0001
1000
0010
1000
0001
,
0010
0100
1000
0001
1000
0010
0100
0001
1000
0010
0100
0001
0010
0001
1000
0010
,
1000
0000
0001
0010
0100
0000
1000
0000
0001
0000
1000
0000
0010
0000
0100
0000
,
0001
0000
0010
0100
1000
0000
0010
1000
0010
1000
0010
1000
0010
0000
0100
0000
,
0010
1000
0010
0100
0001
0000
0010
0000
0100
0000
1000
0000
0001
0000
1000
0000
,
0001
0010
0100
1000
0001
0010
0100
1000
0001
0000
1100
0000
1001
0000
0010
0000
,
1000
0001
0100
0010
1000
0000
0001
1000
0010
0100
0001
0000
1000
0001
1000
0001
,
1000
0011
0101
1010
0110
1001
1010
0100
,
1000
0100
1000
0010
0100
0010
0100
0001
0010
0100
1000
0001
0100
0010
1000
0001
,
1000
0010
0100
0001
0100
0010
1000
0001
0100
0010
1000
0001
1000
0000
0001
0000
,
1000
0000
0001
0010
0100
0000
1000
0000
0001
0000
1000
0000
0010
0000
0100
0000
,
0010
0100
0010
1000
0010
0100
0001
0010
0100
1000
0010
0000
1000
0000
0001
0000
,
1000
0001
1000
0001
1000
0000
0110
0000
1001
0000
0011
0000
1100
0000
1001
0000
,
1000
0010
0100
0010
1000
0001
0100
0010
1000
0000
0011
0000
1001
0000
0010
0000
,
1000
0010
1000
0010
1000
0000
0001
0100
0001
0100
0001
0000
1000
0010
1000
0010
,
1000
0000
0001
0000
0101
0000
0001
0000
1000
0000
0001
0010
0100
0000
0001
0000
,
1000
0001
1000
0010
1000
0001
0100
0001
0100
0001
1000
0010
0100
0001
1000
0010
,
0100
0010
0100
0001
0010
0001
1000
0010
0100
0001
1000
0100
0010
0001
1000
0000
,
0110
0011
1001
1010
0000
1010
0000
0100
,
0001
0010
0001
1000
1010
1100
0101
0011
,
0100
0001
1000
0010
0000
0010
0000
0010
,
0101
0001
1000
0001
0011
0110
1100
1010
,
1000
0001
1000
0001
0000
0001
0000
0001
,
1001
0010
0100
0001
0011
0101
1001
1100
,
1000
0001
0100
0001
0000
0100
0000
0100
,
1001
0010
0110
0100
1001
0010
0110
0100
,
0001
0010
0100
1000
0000
1000
0000
1000
,
1010
1000
0010
0100
0011
0011
1010
1010
,
0001
0100
0010
0100
0000
0100
0000
0100
,
1001
1000
0010
1000
1100
0110
0011
0101
,
0001
1000
0001
0100
0000
0100
0000
0100
,
1001
1000
0001
0100
1001
1001
0110
0110
,
1000
0001
1000
0010
0000
0010
0000
0010
,
1000
0001
1000
0000
0010
0000
0100
0000
1010
0000
0101
0000
1010
0000
0101
0000
,
1000
0010
0100
0001
0000
0001
0000
0001
,
0010
0100
1000
0010
0101
0101
1010
1010
,
1000
0001
1000
0001
0000
0100
0000
0100
,
1001
0001
0110
1000
1001
0011
0110
1100
,
0001
0010
0100
1000
0000
1000
0000
1000
,
0010
1000
0001
0010
0011
0011
1100
1100
,
1000
0010
0100
0010
0000
0010
0000
0010
,
1001
0001
1100
0001
0011
0110
1100
1010
,
1000
1001
1000
0010
0000
0010
0000
0010
,
1100
0001
0101
0100
1001
0010
1000
2002
,
0000
0000
0000
0000
,
3003
0000
0000
0000
;
