#TITLE:Run The Place Red;
#SUBTITLE:;
#ARTIST:Aphex Twin;
#TITLETRANSLIT:;
#SUBTITLETRANSLIT:;
#ARTISTTRANSLIT:;
#CREDIT:;
#BANNER:rtpr.png;
#BACKGROUND:rtpr-bg.png;
#LYRICSPATH:;
#CDTITLE:!apTitle.png;
#MUSIC:Run The Place Red.mp3;
#OFFSET:-2.195;
#SAMPLESTART:28.902;
#SAMPLELENGTH:12.000;
#SELECTABLE:YES;
#BPMS:0.000=225.000,20.000=232.260,22.000=225.000,112.000=236.300,113.000=225.000,246.500=235.460,247.500=225.000,533.500=238.500,534.750=225.000,582.000=233.060,583.750=225.000;
#STOPS:;
#BGCHANGES:;
// cache tags:
#FIRSTBEAT:0.000;
#LASTBEAT:603.000;
#SONGFILENAME:Songs/All Songs/runtheplacered/Run The Place Red.sm;
#HASMUSIC:1;
#HASBANNER:1;
#MUSICLENGTH:164.231;
// end cache tags

//---------------dance-single - ----------------
#NOTES:
     dance-single:
     :
     Hard:
     13:
     1.000,1.000,1.000,0.225,0.734,1114.000,223.000,37.000,0.000,1.000:  // measure 1
1000
0000
0000
0100
0000
0010
0001
0000
,  // measure 2
1000
0000
0000
0100
0000
0000
0100
0000
,  // measure 3
1000
0000
0000
0100
0000
0100
0010
0000
,  // measure 4
1000
0000
0000
1000
0000
0000
0100
0000
,  // measure 5
0001
0000
0000
0010
0000
0100
1000
0000
,  // measure 6
0002
0000
0000
0000
0003
0000
0001
1000
,  // measure 7
0100
0010
0100
0001
0100
1000
0010
0100
,  // measure 8
1001
0000
0000
0000
1000
0100
0010
0001
1000
0100
0010
0001
0010
0100
1000
0000
,  // measure 9
0011
0011
0100
0010
1000
0010
0001
0100
,  // measure 10
0011
1100
0001
0010
2000
0000
3000
0000
,  // measure 11
1100
1100
0010
0001
1000
0100
0001
0010
,  // measure 12
1100
0011
0100
2000
0200
0000
3000
0300
,  // measure 13
0011
0110
1000
0001
0100
1000
0010
0100
,  // measure 14
1001
0101
0010
0100
1001
0000
0000
0000
,  // measure 15
1000
0010
0100
0001
1000
0100
1010
0101
,  // measure 16
0011
0110
1001
0110
0110
0000
1100
0000
,  // measure 17
1001
1010
0100
0010
0002
0000
0013
0000
,  // measure 18
0100
1000
0000
2000
0000
3000
0000
0000
,  // measure 19
1000
0000
0000
0100
0000
0000
0100
0000
,  // measure 20
0100
0000
0100
0000
0100
0010
0100
0020
,  // measure 21
1031
0100
0010
1001
0010
0100
0010
0000
,  // measure 22
1001
0100
0000
0010
0002
0000
0003
0000
,  // measure 23
0110
0110
1000
0001
0010
1000
0010
0001
,  // measure 24
0110
0110
1000
0100
0001
0010
0200
0300
,  // measure 25
1001
0000
1001
0000
0100
0000
0010
0000
0001
0010
0001
0010
0001
0000
0100
0000
,  // measure 26
1001
0000
1001
0000
0100
0000
0010
0000
0100
0010
0100
0010
0200
0000
0300
0000
,  // measure 27
0110
0000
0110
0000
1000
0000
0100
0000
0010
0001
0010
0001
0010
0000
0001
0000
,  // measure 28
1100
0000
1100
0000
0010
0000
0100
0000
1000
0100
1000
0100
1000
0000
0000
0000
,  // measure 29
2000
0000
0000
3000
0001
0000
0010
0000
1000
0000
0010
0000
1000
0000
0001
0000
,  // measure 30
0100
1000
0001
0100
0010
0000
0101
0000
,  // measure 31
1000
0000
0000
0000
0000
0000
0000
0000
0000
0000
0000
0000
0000
0000
0000
0000
0200
0000
0000
0000
0000
0000
0000
0000
0000
0000
0000
0000
0000
0000
0000
0000
0300
0000
0000
0000
0000
0000
0000
0000
0000
0000
0000
0000
0000
0000
0000
0000
0010
0000
0000
0000
0000
0000
0000
0000
0000
0000
0000
0000
0000
0000
0000
0000
0002
0000
0000
0000
0000
0000
0000
0000
0000
0000
0000
0000
0000
0000
0000
0000
0003
0000
0000
0000
0000
0000
0000
0000
0000
0000
0000
0000
0000
0000
0000
0000
0001
0000
0000
0000
0000
0000
0010
0000
0000
0000
0000
0000
0100
0000
0000
0000
0000
0000
2000
0000
0000
0000
0000
0000
0000
0000
0000
0000
0000
0000
0000
0000
0000
0000
0000
0000
3000
0000
0000
0000
0000
0000
0000
0000
0000
0000
0000
0000
0100
0000
0000
0000
0000
0000
0000
0000
0000
0000
0000
0000
0000
0000
0000
0000
0010
0000
0000
0000
0000
0000
0000
0000
0000
0000
0000
0000
0000
0000
0000
0000
0000
0000
0000
0000
0000
0000
0000
0000
0000
0000
0000
0000
0000
0000
0000
0000
,  // measure 32
0001
0010
0100
1000
0100
0010
0001
0010
0000
0010
0100
0000
,  // measure 33
1000
1000
0000
1000
0000
1000
0100
0010
,  // measure 34
0001
0010
1000
0010
0001
0100
0010
1000
,  // measure 35
0001
0001
0000
0001
0000
0001
0010
1000
,  // measure 36
0010
0001
0100
1000
0010
0100
0001
0100
,  // measure 37
0011
0011
0000
0011
0000
0001
0010
0100
,  // measure 38
0010
1000
0100
0010
0100
0000
0100
0010
,  // measure 39
0001
0100
1000
0100
1000
0100
0001
0010
,  // measure 40
0100
1000
0000
1000
0100
0000
0110
0000
,  // measure 41
1001
0000
0000
0000
0110
0000
1000
0100
,  // measure 42
1000
0010
1000
0001
0010
1000
0010
0000
,  // measure 43
1001
0000
0000
1000
0010
0100
0001
0100
,  // measure 44
0001
0010
0001
0010
0001
1000
0100
0000
,  // measure 45
1100
0000
0000
0000
0000
0000
0000
0001
0000
0010
0000
0100
,  // measure 46
0000
0010
0000
1000
0000
0001
0000
0010
0000
0100
0000
1000
,  // measure 47
0011
0000
0011
0000
0000
0000
0000
0010
0001
0010
0100
1000
0100
0000
0000
0000
,  // measure 48
1100
0000
1100
0000
0000
0000
0000
0100
1000
0100
0010
0001
0010
0000
0000
0000
,  // measure 49
1100
0000
1100
0000
0001
0000
0010
0000
1000
0100
0010
0001
0010
0100
1000
0000
,  // measure 50
0110
0000
0110
0000
1000
0000
0001
0000
0001
0010
0100
1000
0100
0010
0001
0000
,  // measure 51
1100
0000
1010
0000
0100
0000
0001
0000
0010
0100
1000
0100
0010
0100
0000
0000
,  // measure 52
0011
0000
0000
0000
1001
0000
0000
0000
0100
0000
0000
0000
0010
0000
0000
0000
0001
0000
0010
0000
0100
0000
0010
0000
0001
0010
0100
1000
0000
0000
0000
0000
,  // measure 53
1100
0000
1100
0000
1000
0100
0010
0001
0010
0100
1000
0100
0010
0001
0000
0000
,  // measure 54
0011
0000
0011
0000
0001
0010
0100
1000
0100
0010
0001
0010
0100
1000
0000
0000
,  // measure 55
0100
0010
0001
0010
0100
1000
0100
0010
0001
0010
0100
1000
0100
0010
0001
0010
,  // measure 56
1000
0100
0010
0001
0010
0100
0010
0001
0010
0100
1000
0100
0010
0100
1000
0100
,  // measure 57
0011
0000
0000
0012
0000
0000
0103
0000
,  // measure 58
1100
0000
0000
2100
0000
0000
3010
0000
,  // measure 59
0110
0000
0000
0210
0000
0000
1300
0000
,  // measure 60
1001
0000
0000
2001
0000
0000
3010
0000
,  // measure 61
0011
0000
0000
0021
0000
0000
0130
0000
,  // measure 62
1100
0000
0000
0000
0100
0010
0001
0010
0001
0010
0200
0000
0000
0300
0000
0000
,  // measure 63
0100
0010
0100
0010
0100
1000
0000
0000
,  // measure 64
0001
0010
0100
0010
0100
0010
0000
0000
,  // measure 65
1000
0100
0010
0000
0001
0000
1000
0100
0010
0000
0001
0000
0001
0000
0000
0000
,  // measure 66
0001
0100
1000
0100
0001
0010
0000
0000
,  // measure 67
0001
0010
0100
0010
0100
1000
0000
0000
,  // measure 68
1100
1100
0001
0000
1000
0000
0000
0000
,  // measure 69
1000
0100
0010
0001
0010
0002
0000
0003
,  // measure 70
1100
0000
0011
0000
1000
0100
0010
0001
0010
0100
1000
0000
0100
0000
0000
0000
,  // measure 71
0011
0000
1100
0000
0001
0010
0100
1000
0100
0010
0001
0000
0010
0000
0000
0000
,  // measure 72
0110
0000
1001
0000
0100
0010
1000
0010
0100
0010
0001
0100
0010
0100
0000
0000
,  // measure 73
1001
0000
0011
0000
1000
0100
0010
0100
0010
0001
0010
0100
1000
0000
0100
0000
,  // measure 74
0011
0000
0101
0000
0001
0010
0100
0010
0100
1000
0100
0010
0001
0000
0010
0000
,  // measure 75
1001
0000
0011
0000
1000
0100
0010
0001
1000
0100
1000
0010
0100
0000
0010
0000
,  // measure 76
1010
0000
0101
0000
0010
0100
0001
1000
0100
0001
0100
1000
0020
0000
0000
0000
,  // measure 77
0032
0000
0000
0000
0000
0000
0000
0000
1003
0000
0000
0000
1000
0100
0010
1000
,  // measure 78
0100
0010
0100
0010
0001
0010
0100
0010
0001
0000
0010
0000
2000
0000
0000
0000
,  // measure 79
3200
0000
0000
0000
0310
0000
0001
0010
,  // measure 80
0100
0000
0100
0000
1000
0100
1000
0000
,  // measure 81
0120
0000
0000
0000
0000
0000
0000
0000
0031
0000
0000
0000
0001
0010
0100
1000
,  // measure 82
0001
0010
0100
1000
0100
0010
0001
0010
0100
0010
0001
0010
0100
0000
1000
0000
,  // measure 83
0021
0000
0000
0000
1030
0000
1000
0100
,  // measure 84
0001
0010
0100
1000
0100
0000
0000
0000
0000
0000
1000
0000
0000
0000
0000
0000
,  // measure 85
1100
0000
1100
0000
0001
1000
0010
0001
0100
1000
0100
0010
0100
0000
1000
0000
,  // measure 86
0001
0010
0100
0000
1000
0000
0000
0000
0100
0010
0001
0000
0000
0000
0000
0000
,  // measure 87
1000
0100
0010
0000
1000
0000
0100
0000
0010
0000
0001
0000
0000
0000
0000
0000
,  // measure 88
0020
0000
0000
0130
,  // measure 89
1100
0000
0000
1100
0000
0001
1010
0000
,  // measure 90
0101
0000
0000
0101
0000
0010
1100
0000
,  // measure 91
1001
0000
0000
1001
0000
0100
0011
0000
,  // measure 92
1100
0010
0001
0010
0100
1000
0100
0010
0001
0000
0000
0000
0001
0000
0000
0000
,  // measure 93
1100
0000
0000
1010
0000
0100
1010
0000
,  // measure 94
0011
0000
0000
0101
0000
0010
0101
0000
,  // measure 95
1010
0000
0000
1010
0000
0100
0011
0000
,  // measure 96
2000
0000
0000
3000
,  // measure 97
1100
0001
0100
1010
0100
0001
1100
0000
,  // measure 98
0011
0100
0010
0101
0010
1000
0110
0000
,  // measure 99
1000
0000
0100
0010
0001
0000
0110
0000
,  // measure 100
2000
0000
0000
3000
,  // measure 101
1001
0000
1001
0000
0000
0001
0011
0000
,  // measure 102
1000
0000
1010
0000
0000
0001
0011
0000
,  // measure 103
1100
0000
0011
0000
0000
0001
0110
0000
,  // measure 104
1000
0000
1100
0000
0000
0100
1010
0000
,  // measure 105
0010
0000
0011
0000
0000
0100
1001
0000
,  // measure 106
1010
1100
0110
0011
,  // measure 107
0011
0011
0011
0011
,  // measure 108
0012
0000
0003
0002
0000
0003
0000
0000
,  // measure 109
1001
0000
1001
0000
0100
0000
0001
0000
0100
0010
0100
1000
0100
0000
0001
0000
,  // measure 110
1001
0000
1001
0000
0100
0000
0010
0000
1000
0100
0010
0001
0010
0000
1000
0000
,  // measure 111
0011
0000
0011
0000
1000
0000
0100
0000
0001
0010
0100
1000
0001
0010
0100
1000
,  // measure 112
0110
0110
0110
0110
0110
0000
0010
0000
,  // measure 113
1001
0000
1001
0000
0100
0000
0001
0000
0100
1000
0001
0100
1000
0000
0010
0000
,  // measure 114
1100
0000
1100
0000
0001
0000
0010
0000
0100
1000
0001
0010
0100
0000
0100
0000
,  // measure 115
1000
0100
0010
0001
0000
0000
0000
0000
0001
0000
0000
0000
0000
0000
0000
0000
0001
0000
0010
0000
0100
0000
1000
0000
0100
0000
0010
0000
0001
0000
0000
0000
,  // measure 116
0010
0001
0100
0010
0001
0100
2000
0000
0000
0000
3000
0000
0000
0000
0000
0000
,  // measure 117
1010
0000
0100
0010
0001
1000
0100
0001
0010
0100
0010
0001
0010
0100
1000
0000
,  // measure 118
0001
0000
0000
0000
0000
0001
0010
0100
2000
0000
0000
0000
0000
0000
0000
0000
0000
0000
0000
0000
0000
0000
3000
0000
0110
0000
0000
0000
0110
0000
0000
0000
,  // measure 119
0000
0000
0000
0000
0001
0000
0000
0001
0000
0000
0001
0000
0000
0000
0000
0010
0000
0000
0100
0000
0000
0000
0000
0000
,  // measure 120
1000
0100
0010
0100
1000
0000
0000
0000
0000
0000
1000
0000
0000
0000
0100
0000
,  // measure 121
0011
0000
0100
0000
1000
0000
0010
0001
0010
1000
0100
0010
0001
0000
0010
0000
,  // measure 122
1100
0000
0001
0000
0000
0001
0000
0000
0001
0000
0000
0000
0001
0000
0000
0000
,  // measure 123
0001
0010
0100
2000
0000
0000
3000
0100
0010
0001
0010
0000
0100
0000
0000
0000
,  // measure 124
1010
0100
1010
0100
,  // measure 125
1001
0000
1001
0000
1000
0100
0001
0100
1000
0010
0100
0010
0001
0000
0100
0000
,  // measure 126
1010
0000
1010
0000
0001
0100
0010
1000
0001
1000
0100
0010
0001
0000
0100
0000
,  // measure 127
0011
0000
0101
0000
1000
0100
0010
0001
0010
0100
1000
0100
0010
0000
0010
0000
,  // measure 128
1001
0000
0110
0000
1000
0100
0001
0100
1000
0010
0001
0010
1000
0000
0001
0000
,  // measure 129
0110
0110
0000
0110
1100
0110
0000
0101
,  // measure 130
0011
0000
0011
0000
0000
0000
1100
0000
0000
0011
0000
0000
0011
0100
1000
0000
,  // measure 131
1100
0000
1100
0000
0001
1000
0010
0100
0001
0010
0100
1000
0100
0000
1000
0000
,  // measure 132
0011
0000
0011
0000
1000
0000
0100
0010
0001
0010
0100
1000
0001
0000
0010
0000
,  // measure 133
1100
0000
1100
0000
1000
0000
0100
0010
0001
0010
0100
1000
0100
0000
0011
0000
,  // measure 134
0011
0011
0000
0110
0000
0000
0100
0000
,  // measure 135
1100
0000
1100
0000
0001
0000
0100
1000
0100
0010
0001
0010
1000
0100
1000
0000
,  // measure 136
0011
0000
0011
0000
1000
0000
0010
0100
1000
0100
0010
0001
0010
0100
1000
0000
,  // measure 137
0011
0000
0000
0010
0000
0001
0101
1010
,  // measure 138
1100
0000
0110
0000
0000
0000
1001
0000
0000
0000
0000
0000
1000
0100
0010
0001
,  // measure 139
1100
0000
1100
0000
0001
0010
0100
0010
0001
1000
0100
0010
0001
0000
1000
0000
,  // measure 140
0101
0000
0101
0000
1000
0100
0010
0100
1000
0100
0010
0001
0010
0000
0100
0000
,  // measure 141
1010
0000
1010
0000
0001
0010
0100
0010
0001
0010
0100
1000
0100
0000
0010
0000
,  // measure 142
1100
0000
1100
0000
1000
0100
0010
0001
0010
0100
1000
0100
0010
0000
0100
0000
,  // measure 143
0011
0000
0011
0000
0001
0010
0100
1000
0010
0100
1000
0100
0010
0000
0001
0000
,  // measure 144
1100
0000
1100
0000
0010
0001
0010
0100
1000
0100
0010
0100
0010
0000
0001
0000
,  // measure 145
1100
1000
0100
0010
0001
0010
0100
1000
,  // measure 146
0101
0001
0010
0010
0100
0000
0000
0000
,  // measure 147
1010
1000
0100
0010
0001
0001
1000
0100
,  // measure 148
1010
0000
0010
0000
0001
0100
1000
0100
,  // measure 149
0011
0100
1000
0100
0010
0100
1000
0100
,  // measure 150
1010
0001
0010
0100
1001
0000
0000
0000
,  // measure 151
2002
0000
0000
3003
;
