#TITLE:Ride On the Light;
#SUBTITLE:-Hi Great Mix-;
#ARTIST:Mr. T;
#TITLETRANSLIT:;
#SUBTITLETRANSLIT:;
#ARTISTTRANSLIT:;
#CREDIT:;
#BANNER:great[1].jpg;
#BACKGROUND:great-bg.png;
#LYRICSPATH:;
#CDTITLE:!renTitle.png;
#MUSIC:06.RIDE ON THE LIGHT(HI GREAT MIX).mp3;
#OFFSET:-0.500;
#SAMPLESTART:33.833;
#SAMPLELENGTH:12.000;
#SELECTABLE:YES;
#BPMS:0.000=180.000;
#STOPS:;
#BGCHANGES:;
// cache tags:
#FIRSTBEAT:3.500;
#LASTBEAT:307.500;
#SONGFILENAME:Songs/All Songs/rotl/rotl hi great.sm;
#HASMUSIC:1;
#HASBANNER:1;
#MUSICLENGTH:106.716;
// end cache tags

//---------------dance-single - ----------------
#NOTES:
     dance-single:
     :
     Hard:
     11:
     1.000,1.000,1.000,0.131,0.515,662.000,339.000,14.000,0.000,0.000:  // measure 1
0000
0000
0000
0000
0000
0000
0000
1001
,  // measure 2
0100
1001
0110
0011
0000
2010
0000
3001
,  // measure 3
1100
0101
0000
0110
0000
1001
0000
0000
,  // measure 4
0011
0011
0000
1100
0000
0000
0000
0000
,  // measure 5
0000
0000
0000
0000
0000
0000
0011
0000
0000
0000
1010
0000
1001
0100
1000
0100
,  // measure 6
1000
0100
1000
0100
1000
0100
1000
0100
1000
0100
1000
0100
1000
0100
1000
0100
,  // measure 7
1000
0100
1000
0100
1000
0100
1000
0100
1000
0100
1000
0100
0011
1000
0100
0001
,  // measure 8
0100
1000
0001
1000
0011
1000
0100
0001
0100
1000
0001
0100
1010
0001
0100
0001
,  // measure 9
1010
0001
0100
0001
0110
1000
0001
0100
1001
0010
0001
0100
1001
0000
0101
0000
,  // measure 10
0110
1100
0110
0011
0100
1001
1000
0011
,  // measure 11
0110
0000
1100
0000
0001
0000
1001
0000
1000
0000
1001
0100
1010
0000
1010
0000
,  // measure 12
0011
0011
0101
1100
1001
0110
0001
0110
,  // measure 13
0100
0100
0110
0100
0110
1001
0001
1100
,  // measure 14
0110
0101
0110
1010
0100
1001
0001
1010
,  // measure 15
0110
0000
0101
0000
1000
0000
1001
0000
0001
0000
0110
0000
0001
0100
0010
1000
,  // measure 16
0001
0100
0010
1000
0001
0010
0100
1000
0001
0010
0100
1000
0001
0100
1000
0100
,  // measure 17
0001
0100
1000
0100
0001
0010
1000
0010
0001
0010
1000
0010
0001
1000
0010
0100
,  // measure 18
0001
0000
0010
0100
1000
0001
0100
0000
0000
0000
0000
0000
0110
0000
0000
0000
0000
0000
0000
0000
0000
0000
0000
0000
1001
0000
0000
0000
1001
0000
0000
0000
,  // measure 19
0100
0000
1001
0010
1100
0000
0101
0000
1010
0000
0011
0000
1000
0000
0011
0000
,  // measure 20
1100
0101
0100
0010
1010
0001
1010
1010
,  // measure 21
0101
0101
1000
0011
0010
0110
0100
1100
,  // measure 22
1000
0000
1001
0000
1100
0000
0110
1000
0011
0000
0011
0000
0100
0000
1000
0000
,  // measure 23
0101
0000
0101
0000
1000
0000
0110
0001
1010
0000
1010
0000
0100
0000
0001
0000
,  // measure 24
1100
0000
1100
0000
0001
0000
1001
0010
0101
0000
1100
0000
0100
0000
1001
0000
,  // measure 25
1100
1001
0101
1001
0110
1010
0011
0011
,  // measure 26
0110
0000
1100
0000
1001
0100
0011
0000
1000
0000
0101
0000
1001
0000
1001
0000
,  // measure 27
0100
0000
1001
0010
0101
0000
1100
0000
0011
0000
1010
0000
0001
0000
1010
0000
,  // measure 28
0101
1100
0100
0010
0011
1000
0011
0011
,  // measure 29
1100
1100
0001
1010
0010
0110
0100
0101
,  // measure 30
1000
0000
1001
0000
1100
0000
1010
0001
1100
0000
1100
0000
0010
0000
1000
0000
,  // measure 31
0101
0000
0101
0000
1000
0000
0011
1000
0101
0000
0101
0000
0010
0000
0001
0000
,  // measure 32
1100
0000
1100
0000
1000
0000
0001
1000
0001
0100
1000
0100
0001
0100
1000
0100
,  // measure 33
0001
0000
0010
0000
1000
0000
0010
0000
0001
0000
0010
0000
1000
0000
0010
0000
0001
0000
1000
0010
0100
0001
1000
0000
0000
0000
0000
0000
1001
0000
0000
0000
,  // measure 34
0000
1100
0000
0011
0000
1010
1010
0001
,  // measure 35
0100
1000
0101
0001
0011
0011
0001
1000
,  // measure 36
0100
0010
0100
1010
0110
0101
1000
0001
,  // measure 37
0100
0010
1100
1100
0011
0101
0100
0010
,  // measure 38
1000
0100
0001
0011
1010
1100
1000
1000
,  // measure 39
0011
0101
0001
0001
0110
1001
0100
0100
,  // measure 40
1010
0022
0033
2020
3030
2002
0000
0000
,  // measure 41
0000
0000
0000
0000
3003
0000
0100
0101
,  // measure 42
0000
0000
1001
0000
0000
0000
1010
0000
0000
0000
0001
0000
1001
0100
1000
0000
,  // measure 43
0011
0000
1010
0000
1100
0000
0101
0000
1100
0000
0101
0000
1001
0100
0001
0000
,  // measure 44
1010
0000
0011
0000
0101
0000
1100
0000
0101
0000
1100
0000
1001
0010
0001
0000
,  // measure 45
0101
0000
0110
0000
1100
0000
0110
0000
0101
0000
0110
0000
1001
0010
1000
0000
,  // measure 46
1100
0000
0110
0000
0101
0000
0110
0000
1100
0000
0110
0000
0011
1000
0100
0000
,  // measure 47
1100
0000
0011
0000
1010
0001
0100
0000
0101
0000
1010
0000
1100
0001
0010
0000
,  // measure 48
0011
0000
1100
0000
0101
1000
0010
0000
1010
0000
0101
0000
0100
0000
1001
0000
,  // measure 49
0110
1100
0110
0110
0101
0012
0000
1000
,  // measure 50
0000
0000
1000
0000
0000
0000
1003
0000
0000
0000
1001
0000
0110
0001
1100
0000
,  // measure 51
0101
1001
0110
1100
0011
0011
1000
0100
,  // measure 52
0010
0000
0001
0000
0101
1000
0101
0000
1001
0000
0100
0000
1010
0000
1010
0000
,  // measure 53
0011
1100
0000
1001
0000
0202
0000
0000
,  // measure 54
0303
0001
1100
0001
1010
0011
0010
0010
,  // measure 55
1100
0101
0100
0100
0011
1010
0010
0010
,  // measure 56
0101
1100
0100
0100
1010
0011
1010
0100
,  // measure 57
0110
1001
0000
0101
0000
2200
0000
0000
,  // measure 58
3300
0000
0001
0000
1100
0001
1100
0000
0101
0000
1001
0000
0110
1000
0101
0000
,  // measure 59
1100
1001
0110
0101
1010
1010
0001
0100
,  // measure 60
0010
0000
1000
0000
1100
0001
1100
0000
1001
0000
0100
0000
0011
0000
0011
0000
,  // measure 61
1010
0101
0000
1001
0000
2200
0000
0000
,  // measure 62
3300
1000
0101
1000
0011
1010
0010
0010
,  // measure 63
0101
1100
0100
1001
0010
1001
0100
0100
,  // measure 64
0011
1010
0010
1001
0100
1001
0010
0010
,  // measure 65
1001
0110
0001
1100
1000
0101
0010
0100
,  // measure 66
0001
0100
0010
1000
0100
0010
0001
0100
0010
1000
0100
0010
1001
0000
0010
0000
,  // measure 67
1001
0000
0010
0000
1001
0000
0100
0000
1001
0000
0100
0000
0110
1000
0110
0000
,  // measure 68
0001
0000
1001
0000
0110
0001
0110
0000
1000
0000
0100
0000
1001
0000
0101
0000
,  // measure 69
0110
1100
0110
0011
0100
1001
1000
0011
,  // measure 70
0110
0000
1100
0000
0001
0000
1001
0000
1000
0000
1001
0100
1010
0000
1010
0000
,  // measure 71
0011
0011
0101
1100
1001
0110
0001
0110
,  // measure 72
0100
0100
0110
0100
0110
1001
0001
1100
,  // measure 73
0110
0101
0110
1010
0100
1001
0001
1010
,  // measure 74
0110
0101
1000
1001
0001
0110
1100
0101
,  // measure 75
1010
0000
0011
0000
1001
0000
0110
0000
1001
0000
1000
0100
1000
0100
0011
0100
,  // measure 76
0001
0100
0001
0100
1010
0100
0010
0100
0010
0100
1001
0100
0010
0100
1001
0100
,  // measure 77
0010
0100
1001
0000
0000
0000
0110
0000
0000
0000
0000
0000
1001
0000
1001
0000
;
