#TITLE:Ramua;
#SUBTITLE:;
#ARTIST:Onoken;
#TITLETRANSLIT:;
#SUBTITLETRANSLIT:;
#ARTISTTRANSLIT:;
#CREDIT:;
#BANNER:Ramua.png;
#BACKGROUND:Ramua-BG.png;
#LYRICSPATH:;
#CDTITLE:!eclipseTitle.png;
#MUSIC:Onoken - Ramua.mp3;
#OFFSET:-2.220;
#SAMPLESTART:44.425;
#SAMPLELENGTH:12.000;
#SELECTABLE:YES;
#BPMS:0.000=155.000,148.000=77.500,149.875=155.000,150.000=155.000,470.500=77.500,472.875=77.500;
#STOPS:;
#BGCHANGES:;
// cache tags:
#FIRSTBEAT:68.000;
#LASTBEAT:478.000;
#SONGFILENAME:Songs/All Songs/Eclipse - Ramua/ramua.sm;
#HASMUSIC:1;
#HASBANNER:1;
#MUSICLENGTH:198.104;
// end cache tags

//---------------dance-single - ----------------
#NOTES:
     dance-single:
     :
     Hard:
     10:
     0.607,0.995,0.399,0.086,0.601,746.000,79.000,17.000,0.000,0.000:  // measure 1
0000
0000
0000
0000
,  // measure 2
0000
0000
0000
0000
,  // measure 3
0000
0000
0000
0000
,  // measure 4
0000
0000
0000
0000
,  // measure 5
0000
0000
0000
0000
,  // measure 6
0000
0000
0000
0000
,  // measure 7
0000
0000
0000
0000
,  // measure 8
0000
0000
0000
0000
,  // measure 9
0000
0000
0000
0000
,  // measure 10
0000
0000
0000
0000
,  // measure 11
0000
0000
0000
0000
,  // measure 12
0000
0000
0000
0000
,  // measure 13
0000
0000
0000
0000
,  // measure 14
0000
0000
0000
0000
,  // measure 15
0000
0000
0000
0000
,  // measure 16
0000
0000
0000
0000
,  // measure 17
0000
0000
0000
0000
,  // measure 18
1000
0010
0100
0000
0001
0100
0010
0000
0010
0100
0001
0000
1000
0100
0010
0000
,  // measure 19
1000
0001
0010
0000
0000
0000
0000
0000
0000
0000
0000
0000
0000
0000
0000
0000
,  // measure 20
0000
0000
0000
0000
,  // measure 21
0000
0000
0000
0000
,  // measure 22
0000
0000
0000
0000
0010
0100
1000
0000
1000
0100
0010
0000
0001
0010
0100
0000
,  // measure 23
1000
0100
0010
0000
1000
0001
0100
0000
0000
0000
0000
0000
0000
0000
0000
0000
,  // measure 24
0000
0000
0000
0000
0000
0000
0000
0000
0000
0000
1000
0100
0010
0100
1000
0000
,  // measure 25
0000
0000
1001
0000
0000
1001
0000
0000
,  // measure 26
0000
0000
0000
0000
0000
0000
0000
0000
0000
0000
0001
0010
0100
0010
0001
0000
,  // measure 27
0000
0000
1001
0000
0000
1001
0000
0000
,  // measure 28
0000
0000
0000
0000
0000
0000
0000
0000
0000
0000
1000
0100
0010
0100
1000
0000
,  // measure 29
0000
0000
1001
0000
0000
1001
0000
0000
,  // measure 30
0000
0000
0000
0000
0000
0000
0000
0000
0000
0000
0001
0010
0100
0010
0001
0000
,  // measure 31
0000
0000
1001
0000
0000
1001
0000
0000
,  // measure 32
0000
0000
0000
0000
1000
0000
1000
0000
1000
0000
0010
0100
1000
0100
0010
0000
,  // measure 33
0000
0000
1001
0000
0100
0000
0100
0000
1001
0000
0100
0010
0001
0010
0100
1000
,  // measure 34
0100
0010
0001
0010
0100
1000
0010
0100
0001
0000
0100
1000
0010
0000
0100
0001
,  // measure 35
0010
0000
1000
0010
0100
0000
0000
0000
0000
0000
0000
0000
0000
0000
0000
0000
,  // measure 36
0000
0000
0000
0000
,  // measure 37
0000
0000
0000
0000
,  // measure 38
2000
0000
0000
0000
0000
0000
0000
0000
0000
0000
0000
0000
0000
0000
0000
3000
0000
0000
0000
0000
0011
0000
0000
0000
0000
0000
0000
0000
0000
0000
0000
0000
,  // measure 39
0011
0000
0000
1001
0000
0000
0000
0000
,  // measure 40
0000
0000
0000
0000
0100
1000
0100
0000
,  // measure 41
0010
0001
0000
0000
,  // measure 42
0000
0100
0001
0100
1000
1100
0000
0000
,  // measure 43
0011
0000
0000
1100
0000
0000
0000
0000
,  // measure 44
0000
0000
0000
0000
1000
0000
0100
0010
,  // measure 45
0100
0000
0000
0000
0000
0000
0010
0100
,  // measure 46
1000
0100
0010
0000
0000
0011
0000
0000
,  // measure 47
1100
0000
0000
0101
0000
0000
0000
0000
,  // measure 48
0000
0000
0001
0010
0100
1000
0100
0010
,  // measure 49
0001
0100
0000
0000
,  // measure 50
0000
0000
0010
0001
1000
1001
0000
0000
,  // measure 51
0011
0000
0000
1001
0000
0000
0000
0000
,  // measure 52
0000
0000
0000
0000
0000
0000
0000
0000
0000
0000
1000
0010
0100
0001
0010
0000
,  // measure 53
0000
0000
1001
0000
0000
1001
0000
0000
,  // measure 54
0000
0000
0000
0000
0100
0000
0010
0000
0100
0000
0010
0001
0010
0100
1000
0010
,  // measure 55
0100
0001
0100
0010
1000
0100
0010
0001
0100
0010
1000
0010
0100
0001
0010
0100
,  // measure 56
1000
0010
0100
0001
0100
0001
1000
0100
1000
0001
0100
0001
1000
0100
1000
0100
,  // measure 57
0010
0001
0100
0010
1000
0100
0010
0001
0100
0010
1000
0001
1000
0100
0010
0001
,  // measure 58
1000
0001
0010
0100
1000
0010
0100
0001
0100
1000
0100
0010
0001
0010
0001
1000
,  // measure 59
0010
1000
0010
0100
0001
0010
0100
1000
0100
0010
0001
0100
1000
0100
0010
0001
,  // measure 60
0100
0010
1000
0010
0100
0001
0010
0100
1000
0010
0100
0001
1000
0100
1000
0010
,  // measure 61
0100
0001
0100
0010
0100
1000
0100
0010
0001
0010
0001
0100
0010
1000
0010
1000
,  // measure 62
0100
0010
0001
0010
0100
1000
0010
0100
0001
0100
0010
1000
0100
0010
0001
0100
,  // measure 63
0010
1000
0100
0010
0001
0100
0010
1000
0100
0010
0001
0100
0010
1000
0100
1000
,  // measure 64
0010
0100
0001
0100
0010
1000
0100
1000
0001
0100
0001
0100
0010
1000
0010
1000
,  // measure 65
0100
0010
0001
0100
0010
1000
0010
1000
0010
0100
0001
1000
0100
0010
0001
0100
,  // measure 66
0010
1000
0001
0100
0010
1000
0001
0100
0010
1000
0010
0100
0001
1000
0010
0100
,  // measure 67
0001
0100
0001
1000
0100
1000
0001
0100
0001
1000
0100
1000
0010
1000
0100
1000
,  // measure 68
0010
1000
0010
0100
0001
0100
0010
1000
0010
1000
0010
0100
0010
0001
0010
0100
,  // measure 69
1000
0000
0010
0000
1000
0000
0001
0000
0010
0000
0001
0000
1000
0000
0010
0000
1000
0100
0010
0001
0000
0000
0010
0000
1000
0000
0100
0000
0010
0000
0001
0000
,  // measure 70
0100
0010
1000
0100
0010
0001
1000
0010
0100
0000
0001
0010
0100
0000
1001
0000
,  // measure 71
0011
0100
1001
1100
0010
0001
0100
0010
,  // measure 72
1000
0000
0010
0000
0100
0000
0001
0000
0100
0000
1010
0001
1000
0100
0010
0001
,  // measure 73
0100
0010
0001
1000
0010
1000
0100
0001
1000
0010
0001
1000
0100
0001
0010
1000
,  // measure 74
0100
0001
1000
0100
0010
0001
0100
1000
0001
0000
1001
0000
0100
0000
1010
0000
,  // measure 75
0101
0001
0101
1010
0010
0100
1000
0100
,  // measure 76
0110
0000
0001
0000
0100
0000
1100
0000
0010
0000
0001
0000
1000
0100
0001
0010
,  // measure 77
0100
1000
0001
1000
0100
0001
1000
0100
0010
0001
0100
0010
1000
0100
0001
1000
,  // measure 78
0100
0001
0010
1000
0100
0000
1000
0100
0010
0000
1100
0000
0001
0000
0110
0000
,  // measure 79
0101
1000
1100
1010
0010
0000
0000
0000
,  // measure 80
0010
1000
0010
1000
0100
1000
0010
0100
0001
0010
0001
0100
0001
0010
0001
0010
,  // measure 81
0100
1000
0100
0010
0001
0100
0010
1000
0010
0100
0001
0000
0000
0000
1000
0100
,  // measure 82
1000
0000
0001
0010
0001
0000
1000
0010
1100
0000
0011
0000
0100
0000
1001
0000
,  // measure 83
0110
1000
0110
0101
0100
1000
0001
1000
,  // measure 84
1100
0010
0100
0001
0100
0001
0101
1000
,  // measure 85
0100
0010
0001
0100
0010
1000
0100
0010
,  // measure 86
0100
1000
0100
0010
0000
0001
0100
0010
1000
0100
0020
0000
0000
0000
0000
0000
,  // measure 87
0000
0000
0000
0000
,  // measure 88
0000
0000
0000
0000
0000
0000
0000
0000
0000
0000
0000
0000
0000
0030
2000
0000
,  // measure 89
0000
0000
0000
0000
0000
0000
0000
0000
0000
3000
0002
0000
0000
0000
0000
0000
,  // measure 90
0000
0003
0020
0000
0000
0000
0000
0000
0000
0030
0200
0000
0000
0000
0000
0000
,  // measure 91
0000
0000
0000
0000
0000
0000
0000
0000
0000
0300
2000
0000
0000
0000
0000
0000
,  // measure 92
0000
0000
0000
0000
0000
0000
0000
0000
0000
0000
0000
3000
0020
0000
0000
0000
,  // measure 93
0000
0000
0000
0000
0000
0000
0000
0000
0000
0030
0200
0000
0000
0000
0000
0000
,  // measure 94
0000
0000
0000
0000
,  // measure 95
0000
0000
0000
0000
0000
0000
0000
0000
0000
0300
0002
0000
0000
0000
0000
0000
,  // measure 96
0000
0000
0000
0000
,  // measure 97
0000
0000
0000
0000
0000
0003
2000
0000
0000
3000
0200
0000
0000
0000
0000
0000
,  // measure 98
0000
0300
0020
0000
0000
0000
0000
0000
0000
0030
2000
0000
0000
0000
0000
0000
,  // measure 99
0000
0000
0000
0000
0000
0000
0000
0000
0000
3000
0200
0000
0000
0000
0000
0000
,  // measure 100
0000
0000
0000
0000
0000
0000
0000
0000
0000
0300
0002
0000
0000
0000
0000
0000
,  // measure 101
0000
0000
0000
0000
,  // measure 102
0000
0000
0000
0000
0000
0000
0000
0000
0003
0000
1001
0010
0100
0001
0010
1000
,  // measure 103
0100
1001
0100
0010
0100
0011
0100
1000
,  // measure 104
0100
0000
0011
0000
0100
0000
1000
0000
0100
0000
1100
0010
0100
1000
0001
0010
,  // measure 105
0100
1100
0100
0001
0100
0110
0001
0100
,  // measure 106
0001
0000
0110
0000
0001
0000
0100
0000
0001
0000
1010
0001
1000
0100
0001
0010
,  // measure 107
1000
1010
1000
0001
1000
0101
0001
1000
,  // measure 108
0001
0000
0101
0000
0001
0000
1000
0000
0001
0000
1001
0100
0010
0100
0001
0010
,  // measure 109
0100
1001
0100
0010
0100
0011
0100
1000
,  // measure 110
0100
0000
0011
0000
0100
0000
1000
0000
0100
0000
1100
0010
0100
1000
0001
0010
,  // measure 111
0100
1100
0100
0001
0100
0110
0001
0100
,  // measure 112
0001
0000
0110
0000
0001
0000
0100
0000
0001
0000
1010
0100
0001
0010
0001
0010
,  // measure 113
0100
1010
1000
0001
1000
0101
0001
1000
,  // measure 114
0001
0101
0001
1000
0001
1001
0100
0100
,  // measure 115
0100
1001
0010
0010
0010
0011
1000
1000
,  // measure 116
1000
0011
0100
0100
0100
1100
0001
0001
,  // measure 117
0001
0000
0000
0000
1100
0000
0000
0000
0010
0000
0000
0000
0010
0000
0000
0000
0010
0000
0001
0010
0100
0000
0000
0000
0001
0000
1000
0000
0001
0000
1000
0000
,  // measure 118
0001
0010
0100
0000
1000
0000
0100
0000
0001
0000
0010
0000
1000
0000
0001
0000
1000
0000
0000
0000
0200
0000
0000
0000
0000
0000
0000
0000
0000
0000
0000
0000
,  // measure 119
0000
0000
0000
0000
,  // measure 120
0000
0000
0300
0000
;
