#TITLE:Like Toy Soldiers;
#SUBTITLE:;
#ARTIST:EMINEM;
#TITLETRANSLIT:;
#SUBTITLETRANSLIT:;
#ARTISTTRANSLIT:;
#CREDIT:;
#BANNER:Like Toy Soldiers.png;
#BACKGROUND:Like Toy Soldiers BG.png;
#LYRICSPATH:;
#CDTITLE:!RZ.png;
#MUSIC:Like Toy Soldiers.mp3;
#OFFSET:-6.166;
#SAMPLESTART:114.653;
#SAMPLELENGTH:11.545;
#SELECTABLE:YES;
#BPMS:0.000=163.600;
#STOPS:;
#BGCHANGES:;
// cache tags:
#FIRSTBEAT:8.500;
#LASTBEAT:353.500;
#SONGFILENAME:Songs/All Songs/Like Toy Soldiers (Radio Edit V2)/Like Toy Soldiers.sm;
#HASMUSIC:1;
#HASBANNER:1;
#MUSICLENGTH:138.266;
// end cache tags

//---------------dance-double - ----------------
#NOTES:
     dance-double:
     :
     Challenge:
     9:
     0.709,0.735,0.239,0.239,0.174,620.000,33.000,33.000,0.000,0.000:
00000000
00000000
00000000
00000000
,
00000000
00000000
00000000
00000000
,
00000000
12000000
00000000
00010000
00000000
13000000
00000000
00000000
,
00000000
00020000
00000000
00032000
00000000
00013000
00000000
00000000
,
00000000
00001200
00000000
00000001
00000000
00001300
00000000
00000000
,
00000000
00001000
00000000
00000000
00110000
00000000
00110000
00000000
,
00000000
00200000
00000000
01300000
00000000
00020000
00000000
00032000
,
00000000
00013000
00000000
00000000
00001100
00000000
00001100
00000000
,
00000001
00000010
00000000
00000100
00001000
00000000
00010000
00100000
,
00000000
00100000
01000000
10000000
00000000
10000000
01000000
00100000
,
00000000
00020000
00000000
00130000
00000000
00010000
00011000
00000000
,
00000000
00002000
00000000
00003100
00000000
00000010
00000110
00000000
,
00000000
00000002
00000000
00002003
00000000
00013000
00100000
00000000
,
00000000
20000000
00000000
30020000
00000000
10030000
01000000
00010000
,
00000000
00002000
00000000
00003020
00000000
00000031
00000010
00001000
,
00000000
00020000
00000000
00130000
00000000
01000000
00100000
00000000
,
00100000
01000000
00000000
10000000
00000000
01000000
00010000
00100000
,
00001000
00010000
00000100
00001000
00000010
00000100
00000001
00000010
,
00000000
00000100
00000001
00000100
00000010
00001000
00000010
00000100
,
00000001
00000100
00001000
00100000
00010000
01000000
10000000
01000000
,
00010000
00100000
00001000
00100000
00001000
00010000
00000100
00001000
,
00000010
00000000
00000100
00000000
00001000
00000000
00000010
00000000
00000100
00000000
00000001
00000010
00000001
00000010
00000001
00000000
,
00001000
00000010
00000100
00000010
00001000
00000100
00010000
00001000
,
00100000
00010000
01000000
10000000
01000000
00010000
00100000
10000000
,
00100000
00010000
01000000
00010000
00100000
00001000
00010000
00000100
,
00000100
00000000
00000100
00000000
00000001
00000000
00000010
00000000
00000100
00000000
00001000
00000000
00000100
00000000
00010000
00001000
,
00010000
00001000
00010000
00000000
00000100
00000000
00001000
00000000
00100000
00000000
00010000
00000000
01000000
00000000
00010000
00000000
,
00100000
10000000
00100000
00010000
01000000
00010000
00100000
00001000
,
00010000
00000100
00001000
00000001
00001000
00000010
00000001
00000010
,
00001000
00000000
00000100
00000000
00001000
00000000
00000100
00000000
00000010
00000000
00000100
00001000
00000100
00001000
00000100
00000000
,
00010000
00001000
00100000
00010000
01000000
10000000
01000000
00010000
,
00100000
00000000
00001000
00000000
00010000
00000000
00000010
00000000
00001000
00000000
00000100
00000000
00000010
00000000
00000100
00000001
,
00000100
00000001
00000100
00000000
00000010
00000000
00000001
00000000
00000100
00000000
00000010
00000000
00001000
00000000
00000100
00000000
,
00010000
00000000
00001000
00000000
00100000
00000000
00010000
00000000
00100000
00000000
10000000
00000000
00100000
00000000
00010000
00100000
,
00010000
00100000
00010000
00000000
01000000
00000000
00100000
00000000
00010000
00000000
01000000
00000000
00100000
00000000
00010000
00000000
,
00100000
00001000
00010000
00001000
00000100
00000001
00000010
00001000
,
00000010
00000100
00010000
00001000
00100000
00010000
00100000
01000000
,
00010000
00000000
01000000
00000000
00100000
00000000
01000000
00000000
00010000
00000000
00001000
00010000
00001000
00010000
00001000
00000000
,
00010000
00000100
00001000
00000100
00000001
00000010
00001000
00000010
,
00000100
00000000
00000010
00000000
00000100
00000000
00000000
00000000
00000100
00000000
00001000
00000000
00000100
00000000
00010000
00001000
,
00010000
00001000
00010000
00000000
00001000
00000000
00100000
00000000
00010000
00000000
00100000
00000000
00110000
00000000
00010000
00000000
,
00100000
00000000
00010000
00000000
00101000
00000000
00001000
00000000
00010000
00000000
00001000
00000000
00000100
00000000
00010000
00000100
,
00010000
00000100
00010000
00000000
00001000
00000000
00100000
00000000
00010000
00000000
01000000
00000000
00100000
00000000
10000000
00000000
,
00100000
00010000
00001000
00000010
00000100
00000001
00000010
00000100
,
00010000
00001000
00010000
00100000
00110000
00010000
01000000
00100000
,
10100000
00000000
10000000
00000000
00100000
00000000
01000000
00000000
00010000
00000000
00100000
00010000
00100000
00010000
00100000
00000000
,
00010000
00100000
00001000
00000100
00001000
00000010
00000100
00001000
,
00000010
00000000
00000100
00000000
00000010
00000000
00001000
00000000
00010000
00000000
00001000
00000000
00010000
00000000
00001000
00010000
,
00001000
00010000
00001000
00000000
00100000
00000000
00010000
00000000
01000000
00000000
00100000
00000000
10000000
00000000
01000000
00000000
,
10000000
00000000
00100000
00000000
01000000
00000000
00010000
00000000
00100000
00000000
00010000
00000000
00100000
00000000
00010000
01000000
,
00010000
01000000
00010000
00000000
00000200
00000000
00001000
00000000
00000300
00000000
00001000
00000000
00000100
00000000
00000001
00000000
,
00000100
00000010
00001000
00000010
00000100
00000001
00000100
00000010
,
00001000
00000100
00010000
00001000
00010000
01000000
00100000
01000000
,
00010000
00000000
10000000
00000000
00010000
00000000
00100000
00000000
00010000
00000000
00001000
00100000
00001000
00100000
00001000
00000000
,
00010000
00000100
00000100
00000010
00000001
00000100
00000010
00001000
,
00001001
00000000
00000001
00000000
00000010
00000000
00001000
00000000
00001010
00000000
00000010
00000000
00001000
00000000
00000100
00001000
,
00000100
00001000
00000100
00000000
00001000
00000000
00000100
00000000
00010000
00000000
00001000
00000000
00100000
00000000
00010000
00000000
,
01000000
00000000
00010000
00000000
00100000
00000000
00001000
00000000
00010000
00000000
00001000
00000000
00100000
00000000
00001000
00010000
,
00001000
00010000
00001000
00000000
00010000
00000000
00001000
00000000
00100000
00000000
00010000
00000000
00100000
00000000
10000000
00000000
,
01000000
00010000
00100000
00001000
00100000
00010000
00001000
00000100
,
00010000
00000100
00001000
00000010
00000001
00000010
00000100
00010000
,
00001000
00000000
00100000
00000000
00010000
00000000
00100000
00000000
00010000
00000000
01000000
00010000
01000000
00010000
01000000
00000000
,
00100000
00010000
01000000
00100000
00010000
01000000
00100000
00000000
,
00010000
00000000
00001000
00000000
00100000
00000000
00001000
00000000
00000100
00000000
00000010
00000000
00000100
00000000
00000001
00001000
,
00000001
00001000
00000001
00000000
00001000
00000000
00000001
00000000
00001000
00000000
00000100
00000000
00010000
00000000
00001000
00000000
,
00100000
00000000
00010000
00000000
01000000
00000000
00100000
00000000
10000000
00000000
00010000
00000000
10000000
00000000
00010000
01000000
,
00010000
01000000
00010000
00000000
00100000
00000000
00010000
00000000
00001000
00000000
00000100
00000000
00000010
00000000
00000100
00000000
,
00000000
00001000
00000001
00001001
00000000
00000110
00001000
00000000
,
00000100
00010000
00001000
00100000
00010000
01000000
00010000
00100000
,
00001000
00000000
00011000
00000000
00101000
00000000
00011000
00000000
01001000
00000000
00001000
00010000
00001000
00010000
00001000
00000000
,
00100000
00010000
01000000
00100000
10000000
01000000
00010000
01000000
,
00100000
00000000
00001000
00000000
00010000
00000000
00000100
00000000
00001000
00000000
00000100
00000000
00000010
00000000
00000001
00000010
,
00000001
00000010
00000001
00000000
00000100
00000000
00000001
00000000
00000100
00000000
00000010
00000000
00001000
00000000
00000100
00000000
,
00010000
00001000
00100000
00010000
00011000
01001000
00011000
00101000
,
00000000
10200000
00000000
00010000
00000000
10300000
00000000
00000000
,
00000000
00020000
00000000
00032000
00000000
00013000
00000000
00000000
,
00000000
00001200
00000000
00000001
00000000
00001300
00000000
00000000
,
00000000
00000000
00001000
00000000
00010000
00000000
00000000
00000000
00000000
00000000
00010000
00100000
00010000
00100000
00010000
00000000
,
02000000
00000000
00000000
03200000
00000000
02300000
00000000
03010000
,
00000000
00000000
00100000
00010000
00100000
00010000
00100000
00000000
00000000
00000000
00010000
00000000
00000000
00000000
00000000
00000000
,
00000000
00010100
00000000
00101000
00000000
00010000
00100000
00010000
,
01000000
00000000
00100000
00000000
10000000
00000000
01000000
00000000
00100000
00000000
00010000
00000000
00001000
00000000
00010000
00001000
,
00010000
00001000
00010000
00000000
00000000
00000000
00000200
00000000
00000000
00000000
00000020
00000000
00000000
00000000
00000330
00000000
,
00000000
00001001
00000000
00001000
00010000
00002000
00000000
00000000
,
00000000
00023000
00000000
00032000
00000000
00023000
00000000
00030000
,
00000000
00000000
01010000
00000000
00000000
00000000
00000000
00000000
00000000
00000000
10100000
00000000
00000000
00000000
00010000
00100000
,
00010000
00100000
00010000
00000000
00000000
00000000
01010000
00000000
00000000
00000000
00110000
00000000
00000000
00000000
00010000
00001000
,
00010000
00001000
00010000
00000000
00000000
00000000
00000200
00000000
00000000
00000000
00002000
00000000
00000000
00000000
00000300
00000000
,
00000000
00003200
00000000
00010300
00000000
00000000
00000000
00000000
;

//---------------dance-single - ----------------
#NOTES:
     dance-single:
     :
     Medium:
     8:
     0.558,0.511,0.108,0.362,0.014,475.000,15.000,50.000,0.000,0.000:
0000
0000
0000
0000
,
0000
0000
0000
0000
,
0000
1020
0000
0001
0000
1030
0000
0000
,
0000
0200
0000
2300
0000
3100
0000
0000
,
0000
1200
0000
0001
0000
1300
0000
0000
,
0000
0010
0000
0000
1100
0000
1100
0000
,
0000
0200
0000
1300
0000
0020
0000
0230
,
0000
1300
0000
0000
1100
0000
1100
0000
,
0001
1000
0000
0100
0010
0000
0001
0010
,
0000
0010
0001
0010
0000
0010
0001
0010
,
0000
0002
0000
0103
0000
1000
0100
0000
,
0000
0020
0000
1030
0000
0100
1000
0000
,
0000
0002
0000
0023
0000
0031
1000
0000
,
0000
0020
0000
0032
0000
0013
0100
0010
,
0000
0020
0000
2030
0000
3010
0100
0010
,
0000
0200
0000
0301
0000
1000
0100
0000
,
0100
1000
0000
0100
0000
1000
0100
1000
,
0000
0100
0010
0100
0000
0100
1000
0000
,
0010
0001
0100
0000
0001
0010
0100
0000
,
0010
0100
1000
0000
0100
1000
0100
0000
,
1000
0100
0010
0000
0100
0010
0001
0000
,
0100
0001
0010
0000
1000
0020
0000
0030
,
1000
0100
0001
0000
1000
0001
1000
0000
,
1000
0001
0010
0000
0100
0001
1000
0000
,
1000
0001
0100
0000
0010
0100
0010
0000
,
1000
1000
0100
0000
0100
0001
0100
0020
,
0000
0030
0100
1000
0010
0000
0010
1000
,
0100
0000
0010
0100
0001
0000
0010
1000
,
0001
0000
0010
0001
0010
0000
0001
1000
,
0010
0000
0010
0100
1000
0200
0000
0300
,
1000
0100
1000
0000
0100
1000
0001
0000
,
1000
0010
0100
0000
0001
0100
1000
0200
,
0000
0300
1000
0001
0100
1000
0010
0000
,
0100
0001
1000
0000
1000
0001
1000
0200
,
0000
0300
1000
0100
0010
0000
0100
0001
,
0100
0000
0010
0100
1000
0000
0001
1000
,
0010
0000
0001
0010
0100
0000
0100
1000
,
0010
0000
0100
0001
0010
0002
0000
0003
,
0010
0100
0010
0000
0001
1000
0010
0000
,
0100
0001
0100
0000
0100
1000
0010
0200
,
0000
0300
1000
0100
0001
0000
0010
0010
,
0100
0000
0010
0010
0001
0000
1000
0020
,
0000
0030
0001
0100
1000
0000
0100
1000
,
0001
0000
1000
0010
0100
0000
0001
1000
,
0010
0000
0010
1000
1000
0100
0010
0000
,
1000
1000
0100
1000
0010
0002
0000
0003
,
0010
0100
0001
0000
0001
1000
0100
0000
,
1000
0100
1000
0000
0100
1000
0001
0200
,
0000
0300
1000
0100
0010
0000
0010
0001
,
0100
0000
0010
0100
1000
0000
1000
0020
,
0000
0030
0200
1000
0300
1000
0100
0001
,
0100
0000
0010
1000
0100
0000
0100
1000
,
0010
0000
1000
0001
0010
0000
0100
1000
,
0010
0000
0010
0100
1000
0002
0000
0003
,
0100
0001
0100
0000
0001
0100
1000
0010
,
0010
0001
1000
0001
0010
0010
0100
0020
,
0000
0030
0100
0001
0100
1000
0100
1000
,
0010
0000
0001
0000
0010
0000
0001
0000
0100
0000
1000
0000
0100
0000
1000
0001
,
1000
0001
1000
0000
0100
0000
0001
0000
1000
0000
0000
0000
1000
0000
0001
0000
,
0010
0000
1000
0001
0100
0000
0010
1000
,
0001
0000
0100
1000
0010
0000
1000
0001
,
0100
0000
0100
1000
0001
0200
0000
0300
,
0001
0010
0001
0000
1000
0010
0100
0000
,
0001
0100
1000
0000
0100
0001
0010
0002
,
0000
0003
0010
0001
0100
0000
0010
0100
,
1000
0000
0000
0000
0100
0000
1000
0000
0010
0000
0000
0000
0010
0000
0001
1000
,
0001
1000
0001
0000
1000
0000
0010
0000
0100
0000
0000
0000
0001
0000
0100
0000
,
0000
0010
0100
1001
0000
1001
0010
0000
,
0100
1000
0100
0010
1000
0010
0100
0001
,
0100
0010
0100
0100
0100
0200
0000
0300
,
0010
0100
1000
0010
0100
0010
1000
0001
,
0010
0001
1000
0010
0100
0010
1000
0002
,
0000
0003
0100
0001
0100
1000
0010
0100
,
0010
0100
0010
0010
0100
0100
0010
0010
,
0000
0201
0000
0010
0000
0301
0000
0000
,
0000
0002
0000
0023
0000
0031
0000
0000
,
0000
1020
0000
0001
0000
1030
0000
0000
,
0000
0010
0100
0000
0000
1000
0100
1000
,
0200
0000
0000
2300
0000
3200
0000
1300
,
0000
0100
0010
0100
0000
0100
0000
0000
,
0000
0011
0000
1100
0000
0100
0010
0100
,
0010
0100
0010
0100
0010
0100
0010
0100
,
0010
0100
0000
0200
0000
2000
0000
3300
,
0000
0011
0000
0100
1000
0200
0000
0000
,
0000
2300
0000
3200
0000
2300
0000
3000
,
0000
0001
0000
0000
0000
1000
0000
0001
,
0010
0001
0000
1001
0000
1001
0000
1000
,
0010
1000
0000
0200
0000
2000
0000
0300
,
0000
3200
0000
0301
0000
0000
0000
0000
;

//---------------dance-single - ----------------
#NOTES:
     dance-single:
     :
     Hard:
     9:
     0.710,0.735,0.239,0.239,0.174,621.000,33.000,33.000,0.000,0.000:
0000
0000
0000
0000
,
0000
0000
0000
0000
,
0000
1200
0000
0001
0000
1300
0000
0000
,
0000
0020
0000
0230
0000
0310
0000
0000
,
0000
1020
0000
0001
0000
1030
0000
0000
,
0000
0001
0000
0000
0110
0000
0110
0000
,
0000
0020
0000
0130
0000
0002
0000
0023
,
0000
0130
0000
0000
0110
0000
0110
0000
,
1000
0100
0000
0010
0001
0000
1000
0001
,
0000
0001
1000
0001
0000
0001
1000
0001
,
0000
2000
0000
3010
0000
0100
0110
0000
,
0000
0002
0000
0103
0000
0010
0110
0000
,
0000
2000
0000
3002
0000
1003
0100
0000
,
0000
0002
0000
2003
0000
3001
0100
1000
,
0000
0002
0000
0203
0000
1300
0100
0001
,
0000
0020
0000
1030
0000
0100
0010
0000
,
0010
0100
0000
0010
0000
0100
0010
0100
,
0010
0100
0010
0100
0010
0100
0010
0100
,
0000
0010
1000
0010
0100
0001
0100
0010
,
1000
0010
1000
0100
0001
0100
0010
0001
,
1000
0100
0001
0100
1000
0001
0010
0001
,
0100
0000
0001
0000
0010
0000
1000
0000
0010
0000
0001
0010
0001
0010
0001
0000
,
0100
0010
1000
0010
0100
1000
0100
0001
,
0100
1000
0001
0100
0010
1000
0100
0001
,
0100
1000
0010
0100
0001
0010
0001
0100
,
0100
0000
0100
0000
0010
0000
0100
0000
0010
0000
1000
0000
0010
0000
0001
0100
,
0001
0100
0001
0000
0010
0000
0100
0000
0001
0000
0010
0000
0001
0000
0100
0000
,
0010
0100
0001
0010
1000
0010
0001
0100
,
1000
0100
0001
1000
0001
0100
1000
0100
,
0001
0000
0010
0000
0001
0000
0010
0000
0100
0000
0010
0100
0010
0100
0010
0000
,
0100
0010
0100
0001
0010
0100
1000
0010
,
0100
0000
0001
0000
0010
0000
0100
0000
1000
0000
0010
0000
0100
0000
0010
1000
,
0010
1000
0010
0000
0100
0000
1000
0000
0010
0000
0100
0000
0001
0000
0100
0000
,
0010
0000
1000
0000
0100
0000
0001
0000
0100
0000
1000
0000
0100
0000
0010
0100
,
0010
0100
0010
0000
0100
0000
0010
0000
0001
0000
0100
0000
0010
0000
1000
0000
,
0010
0100
0001
0010
0100
0010
1000
0100
,
0001
0100
1000
0001
0010
1000
0010
0100
,
0001
0000
0100
0000
0010
0000
1000
0000
0001
0000
1000
0001
1000
0001
1000
0000
,
0010
0100
0001
0010
1000
0100
0001
0100
,
0010
0000
1000
0000
0010
0000
0100
0000
0010
0000
0100
0000
0001
0000
0010
0100
,
0010
0100
0010
0000
0100
0000
0010
0000
1000
0000
0010
0000
1010
0000
1000
0000
,
0010
0000
0100
0000
1001
0000
0100
0000
1000
0000
0010
0000
0100
0000
0001
1000
,
0001
1000
0001
0000
1000
0000
0010
0000
0100
0000
0001
0000
0010
0000
0100
0000
,
1000
0010
0100
0001
0010
0100
1000
0100
,
0001
1000
0001
0100
0110
0100
0001
0010
,
0110
0000
0100
0000
0010
0000
0100
0000
0001
0000
1000
0001
1000
0001
1000
0000
,
0001
0010
1000
0100
1000
0100
0010
0001
,
0100
0000
0010
0000
0100
0000
0001
0000
0010
0000
0100
0000
1000
0000
0010
0100
,
0010
0100
0010
0000
0100
0000
0010
0000
0001
0000
1000
0000
0001
0000
1000
0000
,
0010
0000
0100
0000
0001
0000
0010
0000
0100
0000
1000
0000
0100
0000
0001
0100
,
0001
0100
0001
0000
0020
0000
0100
0000
0030
0000
0100
0000
0010
0000
1000
0000
,
0010
0100
0001
0100
0010
1000
0010
0100
,
0001
1000
0100
1000
0001
0100
0010
0100
,
0001
0000
1000
0000
0001
0000
0010
0000
0100
0000
1000
0010
1000
0010
1000
0000
,
0010
1000
0010
0100
1000
0010
0100
0001
,
1001
0000
1000
0000
0100
0000
1000
0000
1001
0000
0001
0000
0010
0000
0001
0010
,
0100
1000
0100
0000
0010
0000
1000
0000
0010
0000
0100
0000
0010
0000
0100
0000
,
0001
0000
1000
0000
0001
0000
1000
0000
0010
0000
0100
0000
0010
0000
0001
0010
,
0100
1000
0100
0000
0010
0000
1000
0000
0100
0000
0001
0000
0100
0000
1000
0000
,
0001
0010
0100
1000
0010
0100
0001
0100
,
1000
0100
0010
0100
0001
0010
0100
1000
,
0010
0000
0100
0000
0010
0000
0100
0000
1000
0000
0010
0100
0010
0100
0010
0000
,
1000
0100
1000
0010
0100
0001
0010
0000
,
1000
0000
0010
0000
0100
0000
0001
0000
0010
0000
0100
0000
0010
0000
1000
0001
,
1000
0001
1000
0000
0001
0000
1000
0000
0010
0000
0100
0000
0001
0000
0010
0000
,
0100
0000
1000
0000
0010
0000
0100
0000
0001
0000
1000
0000
0001
0000
1000
0100
,
1000
0100
1000
0000
0100
0000
0001
0000
0010
0000
0100
0000
1000
0000
0010
0000
,
0000
0001
1000
1001
0000
0110
0001
0000
,
0010
0100
1000
0010
0100
0001
1000
0100
,
0010
0000
1001
0000
0101
0000
1001
0000
0011
0000
0010
0001
0010
0001
0010
0000
,
0001
0010
0100
1000
0010
0100
0001
1000
,
0001
0000
1000
0000
0010
0000
0100
0000
0001
0000
0010
0000
0100
0000
1000
0100
,
1000
0100
1000
0000
0010
0000
1000
0000
0010
0000
0100
0000
0001
0000
0010
0000
,
0100
1000
0010
0100
1001
1100
1001
0101
,
0000
1020
0000
0001
0000
1030
0000
0000
,
0000
2000
0000
3002
0000
1003
0000
0000
,
0000
1200
0000
0001
0000
1300
0000
0000
,
0000
0000
0001
0000
0010
0000
0000
0000
0000
0000
0100
0010
0100
0010
0100
0000
,
0020
0000
0000
0230
0000
0320
0000
0130
,
0000
0000
0010
1000
0010
1000
0010
0000
0000
0000
0010
0000
0000
0000
0000
0000
,
0000
1001
0000
0110
0000
0010
0100
0010
,
1000
0000
0100
0000
1000
0000
0010
0000
0100
0000
0010
0000
0001
0000
0010
0001
,
0010
0001
0010
0000
0000
0000
0020
0000
0000
0000
0200
0000
0000
0000
0330
0000
,
0000
1001
0000
0010
0100
0020
0000
0000
,
0000
0230
0000
0320
0000
0230
0000
0300
,
0000
0000
1001
0000
0000
0000
0000
0000
0000
0000
1001
0000
0000
0000
1000
0001
,
1000
0001
1000
0000
0000
0000
1001
0000
0000
0000
1001
0000
0000
0000
0100
0010
,
0100
0010
0100
0000
0000
0000
0020
0000
0000
0000
0200
0000
0000
0000
0030
0000
,
0000
0320
0000
0130
0000
0000
0000
0000
;

//---------------dance-single - ----------------
#NOTES:
     dance-single:
     :
     Challenge:
     9:
     0.787,0.799,0.354,0.224,0.354,682.000,49.000,31.000,0.000,0.000:
0000
0000
0000
0000
,
0000
0000
0000
0000
,
0000
1200
0000
0001
0000
1300
0000
0000
,
0000
0020
0000
0230
0000
0310
0000
0000
,
0000
1020
0000
0001
0000
1030
0000
0000
,
0000
0001
0000
0000
0110
0000
0110
0000
,
0000
0020
0000
0130
0000
0002
0000
0023
,
0000
0130
0000
0000
0110
0000
0110
0000
,
1000
1100
0000
0001
0011
0000
1000
0001
,
0000
0001
1001
1000
0000
1000
1001
0001
,
0000
2010
0000
3010
0000
0100
0110
0000
,
0000
0102
0000
0103
0000
0010
0110
0000
,
0000
2010
0000
3002
0000
1003
0100
0000
,
0000
0102
0000
2003
0000
3001
0100
1000
,
0000
0012
0000
0203
0000
1300
0100
0001
,
0000
0120
0000
1030
0000
0100
0010
0000
,
0010
0000
0100
0000
0000
0000
0010
0000
0100
0010
0100
0000
0010
0000
0100
0000
,
1000
0100
0001
0100
1000
0100
0001
0100
,
0000
0010
1000
0010
0100
0001
0100
0010
,
1000
0100
1000
0000
0010
0000
0100
0000
0001
0000
0100
0000
0010
0000
0001
0000
,
0100
0010
0100
0000
0010
0000
0100
0000
0010
0000
1001
0000
1001
0000
1001
0000
,
0001
1000
0001
0000
0010
0000
1000
0000
0010
0000
1000
0010
1000
0010
1000
0000
,
0100
0010
0100
0000
0010
0000
0100
0000
0010
0000
1000
0000
0100
0000
0001
0000
,
0100
0010
0100
0000
0001
0000
0100
0000
0010
0000
1000
0000
0100
0000
0010
0000
,
0001
0010
0001
0000
0010
0000
0100
0000
0001
0000
0010
0000
0001
0000
0010
0000
,
0001
1000
0001
0000
1000
0000
0010
0000
0100
0000
0010
0000
0001
0000
0100
0001
,
0100
0001
0100
0000
0010
0000
0100
0000
0001
0000
0010
0000
0001
0000
0100
0000
,
0010
0100
0010
0000
0100
0000
0010
0000
1000
0000
0010
0000
0100
0000
0010
0000
,
1000
0010
1000
0000
0001
0000
1000
0000
1001
0000
0110
0000
1001
0000
0110
0000
,
0010
0100
0010
0000
1000
0000
0010
0000
0100
0000
0010
0100
0010
0100
0010
0000
,
0100
0010
0100
0000
0010
0000
0100
0000
0010
0000
0100
0000
1000
0000
0010
0000
,
0100
0010
0100
0000
0010
0000
0100
0000
1000
0000
0010
0000
0100
0000
0010
1000
,
0010
1000
0010
0000
0100
0000
1000
0000
0010
0000
0100
0000
0001
0000
0100
0000
,
0010
0100
0010
0000
0100
0000
0001
0000
0100
0000
1000
0000
0100
0000
0010
0100
,
0010
0100
0010
0000
0100
0000
0010
0000
0001
0000
0100
0000
0010
0000
1000
0000
,
0010
1000
0010
0000
0100
0000
0010
0000
0100
0000
0010
0000
1000
0000
0100
0000
,
1000
0010
1000
0000
0010
0000
1000
0000
1001
0000
0001
0000
0100
0000
0010
0000
,
0100
0010
0100
0000
0010
0000
1000
0000
0001
0000
1000
0001
1000
0001
1000
0000
,
0001
1000
0001
0000
1000
0000
0010
0000
1000
0000
0100
0000
0001
0000
0100
0000
,
0010
0100
0010
0000
1000
0000
0100
0000
0010
0000
0100
0000
0010
0000
0100
0010
,
0100
0010
0100
0000
0010
0000
0100
0000
0010
0000
1000
0000
1010
0000
1000
0000
,
0010
0100
0010
0000
1001
0000
0100
0000
1000
0000
0010
0000
0100
0000
0001
1000
,
0001
1000
0001
0000
1000
0000
0010
0000
0100
0000
0001
0000
0010
0000
0100
0000
,
0010
0100
0010
0000
0100
0000
0001
0000
0010
0000
0100
0000
1000
0000
0100
0000
,
0010
0100
0010
0000
0100
0000
0010
0000
0110
0000
0100
0000
0001
0000
0010
0000
,
0110
0000
0100
0000
0010
0000
0100
0000
0001
0000
1000
0001
1000
0001
1000
0000
,
0010
0100
0010
0000
1000
0000
0100
0000
1000
0000
0100
0000
0010
0000
0001
0000
,
0100
0010
0100
0000
0010
0000
0100
0000
0001
0000
0100
0000
0010
0000
0100
0010
,
0100
0010
0100
0000
0010
0000
0100
0000
0001
0000
1000
0000
0101
0000
1100
0000
,
1000
0001
1000
0000
0010
0000
0100
0000
0010
0000
0100
0000
0010
0000
1000
0100
,
1000
0100
1000
0000
0020
0000
0100
0000
0030
0000
0100
0000
0010
0000
1000
0000
,
0010
1000
0010
0000
0100
0000
0001
0000
0100
0000
1000
0000
0010
0000
0100
0000
,
0001
0010
0001
0000
0100
0000
0010
0000
1000
0000
0100
0000
1000
0000
0010
0000
,
0100
0010
0100
0000
0010
0000
1000
0000
0010
0000
1000
0010
1000
0010
1000
0000
,
0010
0100
0010
0000
0100
0000
0010
0000
1000
0000
0010
0000
0100
0000
0001
0000
,
1001
0000
1000
0000
0100
0000
1000
0000
1001
0000
0001
0000
0010
0000
0001
0010
,
0100
1000
0100
0000
1000
0000
0010
0000
0100
0000
0010
0000
1000
0000
0010
0000
,
0100
0010
0100
0000
0010
0000
1000
0000
0010
0000
0100
0000
0010
0000
0001
0010
,
0100
1000
0100
0000
0010
0000
1000
0000
0100
0000
0001
0000
0100
0000
1000
0000
,
0010
0100
0010
0000
0100
0000
1000
0000
0010
0000
0100
0000
0010
0000
1000
0000
,
0100
0010
0100
0000
0010
0000
0100
0000
0001
0000
0010
0000
0100
0000
1000
0000
,
0010
1000
0010
0000
0100
0000
0010
0000
1000
0000
0010
0100
0010
0100
0010
0000
,
0100
0010
0100
0000
0010
0000
1000
0000
0100
0000
0010
0000
0001
0000
0000
0000
,
0010
0100
0010
0000
0100
0000
0001
0000
0010
0000
0100
0000
0010
0000
1000
0001
,
1000
0001
1000
0000
0001
0000
1000
0000
0010
0000
0100
0000
0001
0000
0010
0000
,
0100
0010
0100
0000
0010
0000
0100
0000
0001
0000
1000
0000
0001
0000
1000
0100
,
1000
0100
1000
0000
0100
0000
0001
0000
0010
0000
0100
0000
1000
0000
0010
0000
,
0000
0100
0010
0000
1000
0000
1001
0000
0000
0000
0110
0000
0001
0000
0000
0000
,
0010
0001
0010
0000
0001
0000
0100
0000
0010
0000
0100
0000
0001
0000
0100
0000
,
0010
0000
1001
0000
0101
0000
1001
0000
0011
0000
0010
0001
0010
0001
0010
0000
,
0001
0010
0001
0000
0010
0000
0001
0000
0010
0000
0100
0000
0001
0000
1000
0000
,
0001
0010
0001
0000
0100
0000
0010
0000
0001
0000
0010
0000
0100
0000
1000
0100
,
1000
0100
1000
0000
0010
0000
1000
0000
0010
0000
0100
0000
0001
0000
0010
0000
,
0100
0010
0100
0000
0010
0000
0100
0000
1001
0000
1100
0000
1001
0000
0101
0000
,
0000
1020
0000
0001
0000
1030
0000
0000
,
1000
0100
2000
0000
0000
0000
3002
0000
0000
0000
1003
0000
0000
0000
1000
0100
,
1000
0000
1100
0000
0000
0000
1000
0010
1000
0010
2000
0000
0000
0000
0000
0000
,
0000
0000
3001
0000
0010
0000
0000
0000
0000
0000
0100
0010
0100
0010
0100
0000
,
0020
0000
0000
0230
0000
0320
0000
0130
,
0000
0000
0010
1000
0010
1000
0010
0000
0000
0000
0010
0000
0000
0000
0100
0010
,
0100
0010
0000
0110
0000
0010
0100
0010
,
1000
0000
0100
0000
1000
0000
0010
0000
0100
0000
0010
0000
0001
0000
0010
0001
,
0010
0001
0010
0000
0000
0000
0020
0000
0000
0000
0200
0000
0000
0000
0330
0000
,
0100
0010
0100
0000
0000
0000
0010
0000
0100
0000
0020
0000
0000
0000
0000
0000
,
0000
0000
0130
0010
0100
0000
0020
0000
0000
0000
0230
0000
0000
0000
0300
0000
,
0010
0100
0010
0000
0000
0000
0000
0000
0000
0000
1001
0000
0000
0000
1000
0001
,
1000
0001
1000
0000
0000
0000
0100
0000
0000
0000
0010
0000
0000
0000
0100
0010
,
0100
0010
0100
0000
0000
0000
0020
0000
0000
0000
0200
0000
0000
0000
0030
0000
,
0000
0000
0310
0100
0010
0000
1001
0000
0000
0000
0000
0000
0000
0000
0000
0000
;

//---------------dance-single - ----------------
#NOTES:
     dance-single:
     :
     Easy:
     5:
     0.393,0.479,0.022,0.369,0.000,326.000,3.000,51.000,0.000,0.000:
0000
0000
0000
0000
,
0000
0000
0000
0000
,
0000
1000
0000
0001
0000
1000
0000
0000
,
0000
0200
0000
0310
0000
0100
0000
0000
,
0000
1000
0000
0001
0000
1000
0000
0000
,
0000
0010
0000
0000
0100
0000
0100
0000
,
0000
0200
0000
0300
0000
0020
0000
0030
,
0000
1000
0000
0000
0100
0000
0100
0000
,
0001
1000
0000
0100
0010
0000
0001
0010
,
0000
0010
0001
0010
0000
0010
0001
0010
,
0000
0002
0000
1003
0000
1000
0100
0000
,
0000
0020
0000
0130
0000
0100
1000
0000
,
0000
0002
0000
0013
0000
0010
1000
0000
,
0000
0020
0000
0030
0000
0010
0100
0010
,
0000
0020
0000
0030
0000
0010
0100
0010
,
0000
0200
0000
0300
0000
1000
0100
0000
,
0100
1000
0000
0100
0000
0000
0100
0000
,
1000
0010
0100
0100
,
0010
0001
0001
0010
,
0010
0100
0100
0100
,
1000
0010
0100
0001
,
0100
0001
2000
0020
,
3030
0001
1000
0001
,
1000
0001
0100
0001
,
1000
0001
0010
0010
,
1000
0100
0100
0002
,
0020
0033
0010
0010
,
0100
0010
0001
0010
,
0001
0010
0001
0001
,
0010
0010
0020
0200
,
0330
0100
0100
0001
,
1000
0010
0001
0020
,
0200
0330
0001
0010
,
0100
0001
1000
0002
,
0200
0303
0010
0100
,
0001
0010
0100
0001
,
0010
0001
0010
0100
,
0010
0100
0020
0002
,
0033
0010
0001
0010
,
0100
0001
0100
0020
,
0200
0330
0001
0010
,
0010
0010
0001
2000
,
0020
3030
0100
0100
,
0001
1000
0010
0001
,
0010
0010
1000
0010
,
1000
0100
0020
0002
,
0033
0001
0001
0100
,
1000
0100
0100
0002
,
0200
0303
0010
0010
,
0001
0010
0100
2000
,
0020
3030
1000
0100
,
0001
0010
0100
0100
,
0010
1000
0001
0100
,
0010
0010
0200
0002
,
0303
0001
0001
0100
,
0010
0001
0001
0002
,
0020
0033
0001
0100
,
0010
0001
0001
0100
,
0001
0100
0001
1000
,
0001
1000
0001
0010
,
0001
0100
0010
1000
,
0001
0100
0002
0200
,
0303
0001
1000
0010
,
0001
0100
0100
0020
,
0002
0033
0001
0010
,
0100
0100
0010
0010
,
0001
0001
0010
0001
,
0100
0010
0001
0001
,
0100
0100
0010
0010
,
0001
0010
0002
0200
,
0303
0100
0010
0010
,
0001
0001
0010
0020
,
0002
0033
0001
0010
,
0010
0010
0010
0010
,
0010
0001
0010
0001
,
0000
0002
0000
0003
0000
0001
0000
0000
,
0000
1000
0000
0001
0000
1000
0000
0000
,
0000
0010
0100
0000
0000
1000
0100
1000
,
0200
0000
0000
0310
0010
0200
0000
0300
,
0000
0100
0010
0100
0000
0100
0000
0000
,
0000
1001
0000
0100
0000
0100
0010
0100
,
0010
0100
0010
0100
0010
0100
0010
0100
,
0010
0100
0000
0200
0000
0010
0000
0310
,
0000
1001
0000
0100
1000
0200
0000
0000
,
0000
0310
0000
0200
0000
0300
0000
0000
,
0000
1001
0000
0000
0000
1000
0000
0001
,
0010
0001
0000
0001
0000
0001
0000
1000
,
0010
1000
0000
0200
0000
0000
0000
0300
,
0000
0200
0000
0310
0000
0000
0000
0000
;

//---------------dance-single - ----------------
#NOTES:
     dance-single:
     :
     Beginner:
     3:
     0.236,0.287,0.000,0.000,0.000,228.000,0.000,0.000,0.000,0.000:
0000
0000
0000
0000
,
0000
0000
0000
0000
,
0000
0000
0000
0000
,
0000
0000
0000
0000
,
0000
0000
0000
0000
,
0000
0000
0100
0001
,
0000
0000
0000
0000
,
0000
0000
0001
0100
,
0010
0000
0010
1000
,
0000
0100
0000
0100
,
0000
0000
0000
0100
,
0000
0000
0000
0100
,
0000
0000
0000
0010
,
0000
0000
0000
1000
,
0000
0000
0000
1000
,
0000
0000
0000
1000
,
0100
0000
0000
0001
,
1000
0100
0100
0001
,
0001
0100
0100
0010
,
1000
0001
0010
0001
,
1000
1000
0001
1000
,
0001
0010
0001
0000
,
0000
1000
0001
0001
,
0100
0001
0001
0100
,
0100
1000
0010
0010
,
1000
0010
0010
1000
,
0000
0000
0010
0100
,
0001
0001
0001
1000
,
0001
1000
1000
0010
,
0010
0010
0010
0000
,
0000
0100
0001
0010
,
0100
0100
0010
0010
,
0000
0000
0001
0100
,
0010
0100
0010
0001
,
0000
0000
0010
0001
,
0100
0001
1000
0001
,
0010
0100
0100
0100
,
0100
0100
0001
0000
,
0000
1000
0001
1000
,
0010
1000
0001
0010
,
0000
0000
0100
0100
,
0001
0001
0100
0010
,
0000
0000
1000
0001
,
0100
0001
0100
0100
,
1000
0001
0001
1000
,
0010
0001
0001
0000
,
0000
0100
0010
0100
,
0100
0010
0001
0001
,
0000
0000
0001
0010
,
1000
0010
0010
0001
,
0000
0000
0100
0001
,
1000
1000
0100
0010
,
0001
0001
0010
0010
,
0001
1000
0100
0000
,
0000
0100
1000
0100
,
1000
0001
1000
0010
,
0000
0000
0010
0010
,
0010
1000
1000
0010
,
1000
0010
0010
0010
,
0100
1000
0001
1000
,
1000
0010
0001
0010
,
0010
0001
0100
0000
,
0000
0100
0100
0001
,
0001
0001
0100
1000
,
0000
0000
1000
1000
,
0001
0001
0010
1000
,
0100
0001
0001
0001
,
1000
1000
0001
0001
,
0010
0010
0001
0100
,
1000
1000
1000
0000
,
0000
0100
0010
0010
,
0010
1000
1000
0001
,
0000
0000
0010
1000
,
1000
0001
0001
0100
,
0100
1000
0001
0010
,
0000
0000
0000
0000
,
0000
0000
0000
0000
,
0000
0001
0000
0010
,
0000
0000
0000
0000
,
0000
0100
0000
0000
,
0000
0000
0000
0010
,
0001
0010
0001
0010
,
0010
0000
0000
0000
,
0000
0000
0100
0000
,
0000
0000
0000
0000
,
0000
0000
0000
0000
,
0010
0000
0000
0000
,
1000
0000
0000
0000
,
0000
0010
0000
0000
;
