#TITLE:Utopia;
#SUBTITLE:;
#ARTIST:=);
#TITLETRANSLIT:;
#SUBTITLETRANSLIT:;
#ARTISTTRANSLIT:;
#CREDIT:;
#BANNER:Utopia.png;
#BACKGROUND:Utopia-bg.png;
#LYRICSPATH:;
#CDTITLE:!duktitle.png;
#MUSIC:Utopia.mp3;
#OFFSET:1.370;
#SAMPLESTART:37.500;
#SAMPLELENGTH:10.000;
#SELECTABLE:YES;
#BPMS:0.000=166.000,328.000=148.540,328.500=144.360,329.000=134.180,329.500=130.000,330.000=120.000,330.500=110.000,331.000=98.600,331.500=88.000;
#STOPS:;
#BGCHANGES:;
// cache tags:
#FIRSTBEAT:4.000;
#LASTBEAT:332.000;
#SONGFILENAME:Songs/All Songs/Duk Amok - Utopia/Utopia.sm;
#HASMUSIC:1;
#HASBANNER:1;
#MUSICLENGTH:124.585;
// end cache tags

//---------------dance-single - ----------------
#NOTES:
     dance-single:
     :
     Hard:
     11:
     1.000,1.000,1.000,0.056,0.646,729.000,198.000,7.000,0.000,0.000:  // measure 1
0000
0000
0000
0000
,  // measure 2
2000
0100
0001
0100
0010
0100
0001
3200
,  // measure 3
0000
0000
1000
0000
0000
0000
0010
0001
0010
0000
1000
0000
0001
0000
1000
0000
,  // measure 4
0320
1000
0001
0100
1000
0100
1000
0032
,  // measure 5
0000
0100
1000
0100
0010
1000
0100
0010
,  // measure 6
0203
1000
0001
1000
0010
1000
0001
2300
,  // measure 7
0000
0000
0100
0000
0000
0000
0010
0001
0010
0000
0100
0000
0001
0000
0100
0000
,  // measure 8
3020
0100
0001
1000
0100
1000
0100
0031
,  // measure 9
1100
0010
0100
0001
1010
0100
1010
0001
,  // measure 10
0101
0010
1100
0100
1010
0010
0110
0101
,  // measure 11
0000
0000
1001
0000
0000
0000
0010
0100
0010
0000
0100
0000
1001
0000
0011
0000
,  // measure 12
0110
0001
1100
0100
1001
0001
0101
0110
,  // measure 13
0000
1010
1100
0001
0011
0100
1010
0011
,  // measure 14
1010
0100
0011
0010
0101
0100
0110
1010
,  // measure 15
0000
0000
1001
0000
0000
0000
0100
0010
0100
0000
0010
0000
1001
0000
1100
0000
,  // measure 16
0110
1000
0011
0010
1001
1000
1010
0110
,  // measure 17
0000
0000
0101
0000
0011
0000
1000
0000
1100
0000
0010
0001
0010
0000
0100
1000
,  // measure 18
0011
1000
0011
0010
1100
0010
1001
1100
,  // measure 19
0000
0010
0101
0010
0110
1000
1010
0100
,  // measure 20
0101
0001
1100
0001
0101
0010
0011
1010
,  // measure 21
0000
0000
1000
0000
0100
0000
0010
0100
0000
0000
0000
0010
0001
0000
1000
0000
,  // measure 22
1100
0000
0110
0000
0011
0000
0101
0100
,  // measure 23
0110
0000
0000
0000
1010
0000
0000
0000
1001
0000
0000
0010
1000
0000
0010
1000
,  // measure 24
0101
0000
0011
0000
0110
0000
1100
0010
,  // measure 25
1001
0000
0000
0000
1010
0000
0000
0000
0101
0000
0000
0010
1000
0000
0010
0100
,  // measure 26
1001
0000
0000
0100
0001
0000
0000
0001
0010
0000
0000
0010
0100
0000
1000
0100
,  // measure 27
0010
0001
0000
0001
0100
0000
0000
0100
0010
0000
0000
1000
0010
0000
1000
0000
,  // measure 28
1000
0000
0000
0010
1000
0000
0000
1000
0100
0000
0010
0100
0010
0000
0001
0010
,  // measure 29
0100
1000
0000
1000
0010
0000
0100
0001
0010
0100
0000
0100
1000
0000
0000
0000
,  // measure 30
1100
0000
1000
0000
0011
0000
0010
0100
0010
0000
0110
0000
0000
0000
1001
0000
,  // measure 31
1000
0000
0000
0000
1010
0000
0000
0100
0010
0000
0110
0000
0001
0000
0100
0000
,  // measure 32
0101
0000
0000
0000
0110
0000
0000
0100
0010
0000
0110
0000
0000
0000
1001
0000
,  // measure 33
0001
0100
0010
0100
0001
1000
0010
0000
0100
0001
0100
0010
1000
0000
0100
0000
,  // measure 34
0011
0000
0001
0000
1100
0000
0100
0010
0100
0000
0110
0000
0000
0000
1001
0000
,  // measure 35
0001
0000
0000
0000
0101
0000
0000
0010
0100
0000
0110
0000
1000
0000
0010
0000
,  // measure 36
1010
0000
0000
0000
0110
0000
0000
0010
0100
0000
0110
0000
0000
0000
1001
0000
,  // measure 37
1000
0010
0100
0000
0001
0000
0000
1000
0100
0010
0001
0010
0001
0000
0100
0000
,  // measure 38
1010
0000
0010
0000
1100
0000
0100
0001
0100
0000
0101
0000
0000
0000
1010
0000
,  // measure 39
0010
0000
0000
0000
0110
0000
0000
0001
0100
0000
0101
0000
1000
0000
0001
0000
,  // measure 40
1001
0000
0000
0000
0101
0000
0000
0001
0100
0000
0101
0000
0000
0000
1010
0000
,  // measure 41
1000
0001
0100
0000
1010
0000
1000
0001
0010
0001
0100
0010
1000
0000
0101
0000
,  // measure 42
1100
0000
1000
0000
0011
0000
0001
0100
0001
0000
0101
0000
0000
0000
1010
0000
,  // measure 43
1000
0000
0000
0000
1001
0000
0000
0100
0001
0000
0101
0000
0010
0000
0100
0000
,  // measure 44
0110
0000
0000
0000
0101
0000
0000
0100
0001
0000
0101
0000
0000
0000
1010
0000
,  // measure 45
0010
0100
0001
0100
0010
0000
1000
0000
0010
1000
0100
0010
0001
1000
0100
0000
,  // measure 46
0011
0000
0000
0000
1000
0100
1000
0000
1010
0000
0000
0000
0110
0000
0000
0000
,  // measure 47
0101
0000
1010
0000
1100
1000
0110
0010
,  // measure 48
1001
0000
0110
0000
1010
1000
1100
0010
,  // measure 49
0101
0000
0000
0000
0110
0000
0000
0000
1100
0000
0010
0001
0000
0001
0010
0000
,  // measure 50
1100
0000
0000
0000
1000
0001
0010
0000
0011
0000
0000
0000
1000
0100
0000
0000
,  // measure 51
0011
0000
0000
0000
1010
0000
0000
0000
0110
0000
0001
0000
0100
0010
0100
0000
,  // measure 52
1001
0000
0011
0100
0110
1000
1010
0001
,  // measure 53
0010
1000
0010
0100
0001
1000
0010
0000
0100
0001
0010
0100
1000
0001
0010
0100
,  // measure 54
0010
0001
0010
0100
1000
0100
0010
0001
0010
0100
1000
0100
0010
0001
0010
0100
,  // measure 55
1000
0010
1000
0001
0100
0001
1000
0010
1000
0001
0100
0001
1000
0010
1000
0001
,  // measure 56
0010
0100
0010
0001
1000
0001
0100
0010
0100
0001
1000
0001
0010
0100
0010
0001
,  // measure 57
1000
0100
0010
0001
0100
0010
1000
0100
0010
0001
0100
0010
1000
0100
0010
0100
,  // measure 58
1000
0001
1000
0100
0010
0100
1000
0001
1000
0010
0100
0010
1000
0001
1000
0010
,  // measure 59
1000
0100
1000
0001
0010
0001
1000
0010
1000
0001
0100
0001
1000
0100
1000
0001
,  // measure 60
1000
0001
1000
0010
0100
0010
1000
0001
1000
0010
1000
0010
0100
0001
0100
0010
,  // measure 61
1000
0100
0010
0001
0100
0010
1000
0100
0010
0100
1000
0001
0100
0001
1000
0000
,  // measure 62
1001
0000
1000
0000
0010
0000
0100
0010
0100
0000
0001
0000
0010
0000
0000
0000
,  // measure 63
1100
0000
1000
0000
0010
0000
0000
0010
0101
0000
0000
0000
0110
0000
0000
0000
,  // measure 64
0011
0000
0001
0000
1100
0000
0100
0010
0100
0000
0110
0000
0010
0000
1001
0000
,  // measure 65
0001
0000
1000
0000
0101
0000
0001
0010
0100
0000
0110
0000
1000
0000
0010
0000
,  // measure 66
1010
0000
0100
0000
0110
0000
0100
0001
1000
0000
1010
0000
0010
0000
1001
0000
,  // measure 67
0001
0010
1100
0000
0011
0000
0100
1000
0010
0100
1001
0000
0101
0000
0010
0000
,  // measure 68
1100
0000
1000
0000
0011
0000
0010
0100
0010
0000
0110
0000
0100
0000
1001
0000
,  // measure 69
1000
0000
0001
0000
1010
0000
1000
0100
0010
0000
0110
0000
0001
0000
0100
0000
,  // measure 70
0101
0000
0010
0000
0110
0000
0010
1000
0001
0000
0101
0000
0100
0000
1001
0000
,  // measure 71
1000
0100
0011
0000
1100
0000
0010
0001
0100
0010
1001
0000
1100
0000
0001
0010
,  // measure 72
1100
0100
0011
0010
0101
0100
0110
1010
,  // measure 73
0000
0000
1001
0000
0000
0000
0100
0010
0100
0000
0010
0000
1001
0000
1100
0000
,  // measure 74
0110
1000
0011
0010
1001
1000
1010
0110
,  // measure 75
0001
0010
0100
0000
0011
0000
1000
0010
0100
0001
0010
0000
0110
0000
1100
0000
,  // measure 76
0101
0010
1100
0100
1010
0010
0110
0101
,  // measure 77
0000
0001
0011
0010
1100
0001
1001
0011
,  // measure 78
0110
0001
1100
0100
1001
0001
0101
0110
,  // measure 79
0001
0010
0100
0000
1100
0000
0001
0000
0001
0010
0100
1000
0100
0010
0001
0100
,  // measure 80
1010
0001
0010
0100
1000
0010
0100
0011
,  // measure 81
0000
0000
0001
0000
0000
0000
1000
0010
0100
0000
0001
0000
0010
0000
0001
0000
,  // measure 82
1001
1000
0010
0100
0001
0010
1000
0101
,  // measure 83
0000
0000
0001
0000
0010
0001
0010
0000
0100
0000
1000
0000
0010
0000
0100
0000
,  // measure 84
1001
0000
0000
0000
;
