#TITLE:Sir Duke;
#SUBTITLE:;
#ARTIST:Captain Go!!;
#TITLETRANSLIT:;
#SUBTITLETRANSLIT:;
#ARTISTTRANSLIT:;
#CREDIT:;
#BANNER:Sir copy.png;
#BACKGROUND:Sir-bg copy.png;
#LYRICSPATH:;
#CDTITLE:!vivaldiTitle.png;
#MUSIC:02 - Captain Go!! - Sir Duke.mp3;
#OFFSET:-2.960;
#SAMPLESTART:42.024;
#SAMPLELENGTH:12.000;
#SELECTABLE:YES;
#BPMS:0.000=172.000;
#STOPS:;
#BGCHANGES:;
// cache tags:
#FIRSTBEAT:0.000;
#LASTBEAT:319.000;
#SONGFILENAME:Songs/All Songs/Vivaldi Amuro - Sir Duke/Sir.sm;
#HASMUSIC:1;
#HASBANNER:1;
#MUSICLENGTH:114.576;
// end cache tags

//---------------dance-single - ----------------
#NOTES:
     dance-single:
     :
     Hard:
     10:
     0.940,1.000,0.559,0.061,0.650,683.000,64.000,7.000,0.000,0.000:  // measure 1
0001
0100
1000
0010
,  // measure 2
1000
0100
1000
0100
0000
1000
0001
0100
,  // measure 3
0010
0001
1000
0100
,  // measure 4
1000
0001
1000
0010
0000
0010
0010
0000
,  // measure 5
0100
1100
1001
1010
,  // measure 6
0001
0010
0100
1000
0000
0001
0100
0010
,  // measure 7
0100
1000
0000
1000
0001
1000
0010
0100
,  // measure 8
0110
0000
0000
1001
0000
1100
0000
1000
,  // measure 9
0001
0000
0001
0100
0010
0000
0100
1000
0010
0000
0010
0100
0000
1000
0001
1000
,  // measure 10
0001
0000
0100
0010
1000
0100
1000
0000
0001
0010
0100
1000
0000
1000
0001
1000
,  // measure 11
0100
1000
0100
0000
0001
0010
0100
0000
0001
0100
0001
0000
0001
0010
0100
0010
,  // measure 12
0000
0010
0100
0010
0001
0010
0100
1000
0100
0010
0100
0000
0001
0010
0100
1000
,  // measure 13
0010
0000
1000
0100
1000
0000
1000
0001
1000
0000
1000
0001
0000
0001
1000
0100
,  // measure 14
1000
0000
0010
1000
0100
1000
0001
0000
0100
0010
0001
0010
0000
0001
0010
0100
,  // measure 15
1000
0100
1000
0000
0100
0010
0001
0000
1000
0010
1000
0000
0010
0100
0001
1000
,  // measure 16
0100
0010
0100
1000
0100
0010
0001
0010
0001
1000
0001
0010
0100
1000
0100
0010
,  // measure 17
0001
0100
0010
0100
0001
1000
0100
1000
,  // measure 18
0001
1000
0000
1001
0000
1000
0001
0010
,  // measure 19
0100
1000
0001
0100
0010
2000
0000
0100
,  // measure 20
0000
0000
3100
0000
1000
0000
0001
1000
0000
0001
0010
0000
0101
0000
1000
0000
,  // measure 21
0110
0000
1100
0000
1001
0000
0100
0010
,  // measure 22
0001
1000
0010
0100
0000
0100
0001
1000
,  // measure 23
0100
1000
0010
0100
0001
2000
0000
3100
,  // measure 24
1100
0000
0100
0000
0110
0000
1001
0000
0000
0000
1001
0000
0110
0000
0001
0010
,  // measure 25
0001
0010
0000
0000
0010
0100
0000
0000
0100
1000
0000
1000
0100
0000
0001
0000
,  // measure 26
1000
0000
0010
0000
0100
0000
0001
0100
0000
0000
1002
0000
0000
0000
1003
0000
,  // measure 27
0010
0000
1000
0000
0010
0000
1000
0010
0000
0010
1000
0000
1001
0000
0001
0000
,  // measure 28
0010
0000
0100
0000
1000
0000
0100
0010
0110
0000
0000
0000
0110
0000
0000
0000
,  // measure 29
0110
0010
0001
0010
0100
1000
0010
0100
,  // measure 30
0002
0000
0000
0000
0100
0000
0100
0000
0000
0003
0100
0000
0010
0000
1000
0000
,  // measure 31
0100
0000
1100
0000
0101
0000
0001
0010
,  // measure 32
0100
0000
1100
0000
0001
0100
0010
1000
,  // measure 33
0000
0010
1000
0100
1000
0001
0100
0000
,  // measure 34
0010
0100
0010
0100
0000
0010
0110
0000
,  // measure 35
0001
0010
0100
1000
0001
0100
0010
0000
,  // measure 36
1000
0010
1000
0010
1000
0000
1100
0000
,  // measure 37
0001
0000
0001
0100
0010
0000
0100
1000
0010
0000
0010
0100
0000
1000
0001
1000
,  // measure 38
0001
0000
0100
0010
1000
0100
1000
0000
0001
0010
0100
1000
0000
1000
0001
1000
,  // measure 39
0100
1000
0100
0000
0001
0010
0100
0000
0001
0100
0001
0000
0001
0010
0100
0010
,  // measure 40
0000
0010
0100
0010
0001
0010
0100
1000
0100
0010
0100
0000
0001
0010
0100
1000
,  // measure 41
0010
0000
1000
0100
1000
0000
1000
0001
1000
0000
1000
0001
0000
0001
1000
0100
,  // measure 42
1000
0000
0010
1000
0100
1000
0001
0000
0100
0010
0001
0010
0000
0001
0010
0100
,  // measure 43
1000
0100
1000
0000
0100
0010
0001
0000
1000
0010
1000
0000
0010
0100
0001
1000
,  // measure 44
0100
0010
0100
1000
0100
0010
0001
0010
0001
1000
0001
0010
0100
1000
0100
0010
,  // measure 45
0001
0110
1001
1100
,  // measure 46
0001
0010
0100
1000
0000
1000
0100
1000
,  // measure 47
0100
1000
0100
0010
,  // measure 48
0001
0000
0010
0000
0110
0000
0010
1000
0000
1000
0010
0000
0001
0000
0100
0000
,  // measure 49
1001
0000
0010
0000
0001
0010
0100
0000
0010
0100
1000
0000
0001
0010
0100
0000
,  // measure 50
0010
0100
1000
0000
0010
0100
0001
0000
1000
0100
0010
0000
0100
0010
0001
0000
,  // measure 51
1000
0010
0100
0001
1000
0100
0010
0001
,  // measure 52
0001
0010
0100
1000
0100
0010
0100
1000
0100
0010
0001
0010
0100
0010
0100
0010
,  // measure 53
0001
0000
0010
0000
0100
0000
1000
0000
0100
0000
1000
0010
0000
0000
1000
0000
,  // measure 54
0100
0000
0010
0000
0001
0000
0001
0010
0000
0000
2001
0000
0000
0000
0001
0000
,  // measure 55
3001
0000
0001
0000
0100
0000
0010
0000
0010
0000
0100
0010
0000
0000
0100
0000
,  // measure 56
0010
1000
0100
0010
1100
0000
1010
0000
,  // measure 57
1001
0001
0010
0100
0001
1000
0010
0100
,  // measure 58
0002
0000
0100
0100
0000
0103
0010
1000
,  // measure 59
0200
0000
0000
0000
1000
0000
1000
0300
0100
0000
0010
0000
0001
0000
1000
0000
,  // measure 60
0010
1000
0001
0000
0010
0100
0001
0000
0001
0010
0001
0000
0100
0010
1000
0000
,  // measure 61
1001
1000
0100
1000
0001
0100
0010
0000
,  // measure 62
0010
0100
0010
0100
0000
0001
0101
0000
,  // measure 63
0001
0010
0100
1000
0001
0100
0010
0000
,  // measure 64
1010
1100
1001
0110
,  // measure 65
0001
0010
0100
1000
0001
1000
0010
0000
,  // measure 66
1000
0100
1000
0100
0000
1000
1100
0100
,  // measure 67
0110
1000
0010
0100
0001
0100
0001
0000
,  // measure 68
0001
0010
0001
0000
0001
1000
0001
0000
0001
0100
0001
0000
0101
0000
0001
0000
,  // measure 69
1100
0010
0100
0001
1000
0100
1000
0000
,  // measure 70
0100
1000
0100
1000
0100
0010
1001
0010
,  // measure 71
0011
0110
1100
0110
1010
1100
0011
0110
,  // measure 72
0010
1000
0100
0010
0001
0010
0100
1000
0100
0010
0100
0010
0001
1000
0001
1000
,  // measure 73
0001
0000
1000
0000
0010
0000
0100
0000
0010
0000
1000
0100
0000
1000
0100
1000
,  // measure 74
0100
0000
0010
0000
0100
0000
0001
0000
0100
0000
0001
0100
0000
0001
0100
0001
,  // measure 75
0100
0000
0010
0000
1000
0000
0100
0000
0010
0000
0001
0000
0010
0000
0010
1000
,  // measure 76
0100
0000
1000
0000
0001
0000
0100
0000
0001
0000
0001
0000
0010
0100
0000
0100
,  // measure 77
0010
0000
0110
0000
0110
0100
1100
0001
,  // measure 78
1000
0010
0100
0010
0000
0010
0110
0010
,  // measure 79
0110
0000
0100
1000
0001
1000
1001
1000
,  // measure 80
0110
1100
0011
0110
;
