#TITLE:Stoic;
#SUBTITLE:;
#ARTIST:TaQ;
#TITLETRANSLIT:;
#SUBTITLETRANSLIT:;
#ARTISTTRANSLIT:;
#CREDIT:;
#BANNER:Stoic-bn.png;
#BACKGROUND:Stoic2.png;
#LYRICSPATH:;
#CDTITLE:!jelloTitle.png;
#MUSIC:Stoic -Extreme Version- - Taq.mp3;
#OFFSET:-1.605;
#SAMPLESTART:38.690;
#SAMPLELENGTH:12.000;
#SELECTABLE:YES;
#BPMS:0.000=154.980;
#STOPS:211.750=0.480
;
#BGCHANGES:;
// cache tags:
#FIRSTBEAT:0.000;
#LASTBEAT:240.000;
#SONGFILENAME:Songs/All Songs/Jello - Stoic/Stoic.sm;
#HASMUSIC:1;
#HASBANNER:1;
#MUSICLENGTH:96.087;
// end cache tags

//---------------dance-single - ----------------
#NOTES:
     dance-single:
     :
     Hard:
     12:
     1.000,1.000,1.000,0.021,1.000,824.000,268.000,2.000,0.000,0.000:  // measure 1
0011
0100
1000
0100
0011
0100
1000
0100
0011
0100
1000
0100
0011
0100
1000
0100
,  // measure 2
1010
0001
0010
0100
1010
0001
0010
0100
1010
0001
0010
0100
1010
0001
0010
0100
,  // measure 3
0011
1000
0010
0100
0011
1000
0010
0100
0011
1000
0010
0100
0011
1000
0010
0100
,  // measure 4
0011
0000
1000
0000
0110
0000
1001
0000
0100
0000
0010
0000
0000
1001
0000
0000
0000
0000
0000
0000
0110
0000
0000
0000
1001
0000
0000
0000
1010
0000
0100
0000
,  // measure 5
0011
1000
0110
0001
1010
0000
0011
0100
1010
0001
0110
0001
1100
0000
1010
0100
,  // measure 6
0011
1000
0101
0010
1001
0000
0011
1000
0101
0010
1001
0100
0011
0000
1001
0010
,  // measure 7
1001
0100
1001
0010
1001
0000
0101
0010
1001
0100
1010
0001
1100
0000
0011
0100
,  // measure 8
1010
0001
0110
1000
0101
0000
0101
0010
1001
0100
0011
0100
1010
0000
0011
1000
,  // measure 9
0110
1000
0011
0100
1010
0000
0101
0010
1001
0010
1100
0001
1010
0000
1010
0001
,  // measure 10
0110
1000
0101
0010
1001
0000
0110
0001
1010
0100
1010
0001
0110
0000
0011
1000
,  // measure 11
0110
0001
1010
0100
0011
0000
1010
0100
1001
0010
0101
1000
0110
0000
0011
0100
,  // measure 12
1001
0010
0101
0010
1100
0001
1010
0100
0011
1000
0101
0010
0101
0010
1100
0001
,  // measure 13
0100
0010
0001
0010
1100
0000
0010
1100
0000
0010
0100
1000
0011
0000
1010
0100
,  // measure 14
0010
0100
1000
0100
0011
0000
0100
0011
0000
0100
0010
0001
1100
0000
0101
0010
,  // measure 15
1000
0100
0010
0100
0011
0000
0100
0011
0000
0001
0010
0100
0011
0000
1001
0010
,  // measure 16
0100
0010
0001
1000
0110
0000
1000
0110
0000
0100
0001
0010
1100
0000
0101
0010
,  // measure 17
1000
0100
0010
0001
1100
0000
0001
1100
0000
0001
0010
0100
0011
0000
1010
0100
,  // measure 18
0011
0100
1000
0100
0011
0000
0100
0011
0000
0001
0010
1000
0101
0000
0101
0010
,  // measure 19
1100
0010
0001
0010
1100
0000
0010
1100
0000
0100
1000
0100
0011
0000
1100
0010
,  // measure 20
0101
1000
0010
0001
1100
0000
0001
1100
0000
1000
0001
0010
1100
0000
0010
0100
,  // measure 21
1001
0100
0010
0001
0110
0000
1000
0101
0000
0010
0101
0000
1100
0000
0001
0010
,  // measure 22
1100
0010
1100
0010
1100
0000
1000
0010
0101
1000
0101
1000
0011
0000
0001
1000
,  // measure 23
0101
0010
1100
0001
1010
0000
0100
0010
1100
0001
1100
0001
0110
0000
0100
1000
,  // measure 24
0011
1000
0011
1000
0110
0000
0010
0001
1010
0001
1010
0001
1100
0000
0100
0010
,  // measure 25
0101
1000
0101
1000
0011
0000
0100
1000
0011
1000
0011
1000
0110
0000
0001
0010
,  // measure 26
1001
0100
1001
0100
1001
0000
0010
1000
0110
0001
0110
0001
1010
0000
0010
0001
,  // measure 27
0110
1000
0110
1000
0011
0000
1000
0001
1010
0100
0011
0100
1001
0000
0100
0010
,  // measure 28
1100
0001
1100
0001
0110
0000
1000
0100
0011
0100
0011
0100
0011
0000
1000
0100
,  // measure 29
0011
0100
1001
0010
0101
1000
0110
0001
1010
0100
1001
0100
0011
1000
0101
0010
,  // measure 30
1000
0100
0010
0001
1100
0000
0001
1100
0000
1100
0010
0100
0010
0000
0001
0010
,  // measure 31
0001
0010
0100
1000
0011
0000
1000
0011
0000
0011
1000
0100
1000
0000
1000
0100
,  // measure 32
0001
0010
0100
0001
1010
0000
0001
1010
0000
1010
0001
0010
1000
0000
0101
0010
,  // measure 33
1000
0010
0100
1000
0011
0000
1000
0011
0000
0011
0100
1000
0100
0010
0100
0010
,  // measure 34
0001
1000
0100
0010
1100
0000
0010
1100
0000
1100
0010
0001
0100
0000
1010
0100
,  // measure 35
0001
0010
1000
0100
0011
0000
0100
0011
0000
0011
0100
0010
1000
0000
0101
0010
,  // measure 36
1000
0100
0010
0001
0110
0000
0001
0110
0000
0110
1000
0100
0010
0001
0010
0100
,  // measure 37
0010
0001
0010
0100
0010
0100
1000
0100
0010
0100
1000
0100
0010
0100
0010
0100
,  // measure 38
1000
0001
0010
0001
1100
0000
0001
0010
0000
0001
0010
0100
1010
0000
1000
0100
,  // measure 39
0001
0010
0001
0010
1100
0000
0010
0100
0000
0010
0100
1000
0011
0000
0010
0100
,  // measure 40
1000
0100
1000
0100
0011
0000
0100
0010
0000
1000
0100
0010
1100
0000
0001
0010
,  // measure 41
1000
0010
1000
0010
1100
0000
0001
0010
0000
1000
0100
0001
1010
0000
0001
0010
,  // measure 42
1000
0001
1000
0001
0110
0000
1000
0100
0000
0100
1000
0001
0110
0000
0001
0010
,  // measure 43
1000
0100
1000
0100
0011
0000
0100
0001
0000
0001
0010
0001
1100
0000
1000
0001
,  // measure 44
0100
0001
0100
0010
1100
0000
0010
0100
0000
0010
0100
0001
1100
0000
1000
0100
,  // measure 45
0001
1000
0001
1000
0010
0100
0010
0100
1000
0100
1000
0100
0010
0001
0010
0001
,  // measure 46
1010
0100
1000
0100
0011
0000
0100
0011
0000
1000
0100
0001
1010
0000
1000
0100
,  // measure 47
0011
0100
1000
0100
0011
0000
0100
0011
0000
0011
0100
1000
0110
0000
0001
0010
,  // measure 48
1100
0010
0001
0010
1100
0000
0010
1100
0000
1100
0010
0001
0110
0000
0100
1000
,  // measure 49
0011
0100
1000
0100
0011
0000
0010
1100
0000
0010
0001
0010
1100
0000
0010
0001
,  // measure 50
1100
0010
0001
0010
1100
0000
0100
0011
0000
0100
1000
0100
0011
0000
1000
0001
,  // measure 51
0110
1000
0100
0001
0110
0000
1000
0110
0000
0001
0010
1000
0110
0000
0001
1000
,  // measure 52
0110
0001
0010
1000
0110
0000
0001
0110
0000
1000
0100
0010
0101
0010
0100
0010
,  // measure 53
0001
0010
0100
1000
0110
0001
0010
0100
0011
0100
1000
0100
0001
0010
0100
1001
,  // measure 54
0010
0100
1000
0100
0011
0000
0001
0010
0100
1000
0110
0001
0110
0000
0010
0100
,  // measure 55
1000
0100
0011
0100
0011
0000
0010
0100
0001
0010
1100
0001
1100
0000
0100
0010
,  // measure 56
0001
0010
1001
0100
1001
0000
1000
0001
0010
0001
1100
0010
1100
0000
0010
0001
,  // measure 57
1000
0010
0101
1000
0101
0000
0001
0010
0100
0010
1100
0010
1100
0000
1000
0100
,  // measure 58
0010
0100
0011
0100
0011
0000
1000
0010
0100
1000
0011
1000
0011
0000
0001
0100
,  // measure 59
0010
0001
1100
0010
1100
0000
0010
0100
1000
0100
0010
0001
0110
0000
0100
1000
,  // measure 60
0100
0010
0001
0010
1100
0000
0100
0010
0001
0010
0100
1000
0110
0000
2002
0000
,  // measure 61
3003
0000
0000
0000
;
