#TITLE:You Don't Wanna Runup!;
#SUBTITLE:;
#ARTIST:Rodney & Joe;
#TITLETRANSLIT:;
#SUBTITLETRANSLIT:;
#ARTISTTRANSLIT:;
#CREDIT:;
#BANNER:Youdont.png;
#BACKGROUND:Youdont-bg.png;
#LYRICSPATH:;
#CDTITLE:!vivaldiTitle.png;
#MUSIC:Song.mp3;
#OFFSET:-0.065;
#SAMPLESTART:51.946;
#SAMPLELENGTH:12.000;
#SELECTABLE:YES;
#BPMS:0.000=107.000;
#STOPS:;
#BGCHANGES:;
// cache tags:
#FIRSTBEAT:5.000;
#LASTBEAT:180.500;
#SONGFILENAME:Songs/All Songs/Vivaldi Amuro - You Don't Wanna Runup!/Youdont.sm;
#HASMUSIC:1;
#HASBANNER:1;
#MUSICLENGTH:102.243;
// end cache tags

//---------------dance-single - ----------------
#NOTES:
     dance-single:
     :
     Hard:
     10:
     0.788,0.728,0.900,0.029,0.817,469.000,92.000,3.000,0.000,0.000:  // measure 1
0000
0000
0000
0000
,  // measure 2
0000
0000
0000
0000
0001
1000
0100
1000
0100
0010
0001
0010
0000
0010
0101
0000
,  // measure 3
1001
0000
0101
0000
0001
1000
0010
1000
0010
0000
0001
0010
1001
0000
1100
0000
,  // measure 4
1001
0000
0100
0000
1000
0010
1000
0010
1000
0100
0010
0100
0000
1000
0011
0000
,  // measure 5
0101
0000
0011
0000
0001
0010
0001
0010
0100
0010
0100
1000
0010
0100
0010
1000
,  // measure 6
0001
1000
0110
0000
0010
0001
1000
0010
0100
0001
1000
0000
1001
0100
0010
0000
,  // measure 7
0110
0000
1001
0000
1100
0000
0001
0010
0100
0010
1000
0000
0010
0100
1000
0000
,  // measure 8
0110
0000
0101
0000
0000
0010
0001
0010
0100
0000
1000
0100
1001
0000
1000
0000
,  // measure 9
0011
0000
0110
0000
0000
0001
0000
0001
0100
0000
0010
0100
1000
0000
1000
0000
,  // measure 10
1010
0000
1100
0000
0000
0000
0001
0000
0100
0001
0010
0000
1001
0000
0001
1000
,  // measure 11
0001
0000
0000
0000
0001
1000
0001
1000
0001
1000
0001
0000
0000
0001
0010
0000
,  // measure 12
0110
0000
1001
0000
1100
0000
0110
1000
0010
0000
0010
0000
1000
0000
0010
0000
,  // measure 13
0011
0000
0000
0000
0001
1000
0001
0010
0100
0000
0100
1000
0001
1000
0001
1000
,  // measure 14
0100
0010
0001
0000
1000
0001
0010
0100
0010
0001
0000
0000
0000
0010
0001
0000
,  // measure 15
0010
1000
0000
0000
0000
1100
0000
1000
0100
0000
0100
0000
1000
0100
1000
0000
,  // measure 16
1000
0001
0000
0000
0001
0010
0001
0010
0001
0100
0000
0000
1000
0100
1000
0100
,  // measure 17
1000
0010
0000
0000
1001
0000
0100
0001
1000
0000
0100
1000
0001
0010
0100
1000
,  // measure 18
0100
0010
1001
0000
0001
1000
0001
1000
0010
1000
0000
0000
0000
0001
0010
0000
,  // measure 19
0110
0000
1010
0000
0000
0000
0100
0000
1001
0010
0000
0001
0100
0000
0010
0000
,  // measure 20
0011
0000
0210
0000
0300
0000
0100
1000
0100
0000
0101
0000
1100
0000
0101
0000
,  // measure 21
1100
0000
0101
0000
0000
0000
0001
1000
0001
1000
0011
0000
1010
0000
0011
0000
,  // measure 22
1010
0000
0011
0000
0000
0000
0001
0010
0100
0010
0001
0010
0100
0000
0010
0000
,  // measure 23
0011
0000
1100
0000
0000
0000
0100
1000
0010
0000
0010
1000
0100
0000
0001
0010
,  // measure 24
0001
0000
0001
0000
0000
0000
0001
0010
0100
1000
0100
0010
0001
0010
0100
1000
,  // measure 25
0001
0000
1001
0000
0001
0000
0100
0000
1000
0100
1000
0000
0001
1000
0000
1000
,  // measure 26
0000
0001
1000
0001
1010
0000
0010
0100
1000
0000
0100
0000
1100
0000
1000
0001
,  // measure 27
0100
0001
0100
0000
0000
0001
0000
1000
0101
0000
0010
0100
1000
0100
1000
0000
,  // measure 28
0100
0010
0001
0000
0000
0000
0001
0010
0100
0000
0010
0001
0000
1000
0001
1000
,  // measure 29
0001
2000
0000
0000
0100
0000
0100
0000
0100
0000
0100
3000
0001
1000
0001
1000
,  // measure 30
0001
1000
1100
0000
0001
0010
0001
0010
0100
1000
0100
0000
1000
0000
0110
0000
,  // measure 31
0101
0000
1001
0000
0001
1000
0001
0100
1000
0000
0001
0000
1100
0000
0011
0000
,  // measure 32
1010
0000
0100
0000
1000
0001
1000
0010
0001
0000
0100
0000
1001
0000
1100
0001
,  // measure 33
0000
1010
0000
0000
0010
0001
0010
0100
0010
0000
0001
0000
1010
0000
1100
0001
,  // measure 34
0000
1001
0000
0000
0010
0100
0010
0001
1000
0000
0001
0000
1001
0000
1100
0000
,  // measure 35
1010
0000
0100
0000
0010
0001
0010
0100
1000
0000
0010
0000
1010
0000
0110
0000
,  // measure 36
1001
0000
0100
0000
0010
0100
1000
0001
1000
0000
0010
0000
1100
0000
1010
0001
,  // measure 37
0000
1100
0000
0000
0001
1000
0001
1000
0100
0010
0001
1000
0100
0010
0001
1000
,  // measure 38
0100
1000
0110
0000
0011
1000
0010
1000
0100
2000
0000
0000
0000
0010
0100
0000
,  // measure 39
0100
3010
0000
0000
1100
0000
0011
0000
0000
0001
0010
0000
0100
0000
0100
0000
,  // measure 40
0100
1001
0000
1000
0001
1000
0000
0000
0010
1000
0000
1000
0000
0100
0010
0001
,  // measure 41
1100
0000
0011
0000
0000
0010
0001
0000
0001
0010
0001
1000
0001
1000
0100
0010
,  // measure 42
0001
0000
0010
0000
0010
1000
0100
0010
0001
0000
0001
0000
0110
0000
1001
0000
,  // measure 43
1100
0010
0100
0000
0100
1000
0001
0100
0010
0000
1000
0000
0011
1000
0110
0000
,  // measure 44
1100
0001
0110
0000
0101
0000
0100
0000
1000
0000
0001
0100
0010
1000
0100
0010
,  // measure 45
0001
0000
0010
0000
0000
0100
0001
0100
0001
0000
1100
0000
0100
1001
0000
0100
,  // measure 46
1001
1001
0000
0000
0000
0000
0000
0000
;
