#TITLE:Late Night Sneakin';
#SUBTITLE:;
#ARTIST:HappyBivouac;
#TITLETRANSLIT:;
#SUBTITLETRANSLIT:;
#ARTISTTRANSLIT:;
#CREDIT:;
#BANNER:Late Night Sneakin'.jpg;
#BACKGROUND:Late Night Sneakin'-bg.jpg;
#LYRICSPATH:;
#CDTITLE:!danceguyTitle.png;
#MUSIC:Late Night Sneakin'.mp3;
#OFFSET:-0.081;
#SAMPLESTART:38.881;
#SAMPLELENGTH:12.000;
#SELECTABLE:YES;
#BPMS:0.000=154.000,390.500=308.000,392.000=154.000,422.500=616.014,423.000=307.999,423.500=153.999;
#STOPS:390.500=0.110
,391.000=0.110
,391.500=0.110
,422.500=0.060
,423.000=0.165
;
#BGCHANGES:;
// cache tags:
#FIRSTBEAT:0.000;
#LASTBEAT:512.000;
#SONGFILENAME:Songs/All Songs/dAnceguy117 - Late Night Sneakin'/Late Night Sneakin'.sm;
#HASMUSIC:1;
#HASBANNER:1;
#MUSICLENGTH:202.115;
// end cache tags

//---------------dance-single - ----------------
#NOTES:
     dance-single:
     :
     Hard:
     11:
     1.000,1.000,1.000,0.124,0.908,1150.000,254.000,25.000,0.000,0.000:  // measure 1
1000
0001
0100
0010
1000
0000
0100
0000
0010
0000
0001
0000
1000
0001
0010
0000
,  // measure 2
0001
0010
0100
1000
0010
0000
0100
0000
0001
0001
0000
0000
0010
0000
0100
0000
,  // measure 3
1000
0000
0001
1000
1000
0000
0100
0000
1000
0000
0000
0010
0100
0001
0010
0000
,  // measure 4
0001
1000
0010
0100
0010
0000
1000
0000
0001
0001
0000
0000
0010
0000
0100
0000
,  // measure 5
1000
0001
0100
0001
0010
0000
0100
0000
1000
0000
0001
0000
0100
0001
0010
0000
,  // measure 6
0001
0010
0100
1000
0010
0000
0100
0000
0001
0001
0000
0000
0010
0000
0100
0000
,  // measure 7
0010
0000
0001
0010
0010
0000
0001
0000
1000
0000
0000
0010
0100
0001
0010
0000
,  // measure 8
0001
0010
0100
1000
0010
0000
0100
0000
0010
0010
0000
0000
0010
0010
0000
0000
,  // measure 9
1001
0000
1100
0001
0000
0011
0000
1001
,  // measure 10
0000
0101
0000
0001
0011
0100
1100
0010
,  // measure 11
0101
0000
0110
0001
0000
1001
0000
0011
,  // measure 12
0000
1010
0000
0000
1010
0000
1100
0000
,  // measure 13
1001
0000
0000
0001
1100
0000
0000
0010
,  // measure 14
0101
0000
0000
0001
0011
0100
1000
0100
,  // measure 15
0101
0000
0000
0000
0101
0000
0000
0000
0101
0000
0000
0000
0100
0011
1000
0000
,  // measure 16
0001
0010
0100
1000
0010
1000
0000
0000
0100
1000
0010
0100
0001
0010
0100
0000
,  // measure 17
1001
0000
0100
1000
0010
0100
0001
1000
0100
0010
0001
1000
0010
1000
0100
0000
,  // measure 18
1000
0000
0100
1000
0010
0100
0001
0010
0001
0100
0010
1000
0001
1000
0100
0000
,  // measure 19
0000
0000
2000
0000
3010
0100
0001
1000
0100
0010
0001
1000
0010
1000
0100
0000
,  // measure 20
1000
0000
0100
0010
0001
0100
0010
1000
0001
0010
0100
1000
0010
1000
0100
0000
,  // measure 21
1000
1000
0010
1000
0001
0010
0100
1000
0100
0010
0001
1000
0010
1000
0100
0000
,  // measure 22
0100
1000
0001
0010
0001
1000
0010
0100
0001
0010
0001
1000
0010
1000
0100
0000
,  // measure 23
0011
0011
0110
0110
1100
1100
1001
1001
,  // measure 24
0010
0001
1000
0010
0100
0001
1000
0100
1000
0010
0100
0001
1000
1000
0001
0001
,  // measure 25
1001
0000
0000
0100
0010
0000
1010
0000
0000
0000
0000
0100
0010
0000
0101
0000
,  // measure 26
0000
0000
0000
0100
0010
1000
0011
0000
0110
0000
0011
1000
0110
0000
0101
0000
,  // measure 27
1001
0000
0000
0001
0010
0000
1100
0000
0000
0000
1000
0000
0110
0000
0001
0000
,  // measure 28
0000
0000
0001
0000
1000
0100
1000
0000
1000
0100
0000
0000
1001
0000
0000
0000
,  // measure 29
0110
0000
0000
0001
0010
0000
0101
0000
0000
0000
0000
1000
0010
0000
1100
0000
,  // measure 30
0000
1000
0000
1000
0010
0100
1010
0000
0110
0000
0011
0000
0110
0001
1100
0000
,  // measure 31
1001
0000
1001
0100
0000
0001
0011
1000
,  // measure 32
1000
0000
1000
0100
1000
0000
1000
0000
1000
0100
1000
0000
0001
0001
0100
0000
,  // measure 33
1001
0000
0000
0001
1000
0000
1010
0000
0000
0000
0000
1000
0100
0000
0110
0000
,  // measure 34
0000
0000
0000
1000
0100
0010
0101
0000
0110
0000
1010
0000
0110
1000
0101
0000
,  // measure 35
1001
0000
0000
0000
1010
0000
0001
0000
0000
0000
0001
0000
1100
0100
1000
0000
,  // measure 36
1000
0000
0001
0000
0001
0100
0001
0000
0001
1000
0000
0000
0110
0000
0000
0000
,  // measure 37
1001
0000
0000
0010
1000
0000
1010
0000
0000
0000
0000
1000
0001
0000
0101
0000
,  // measure 38
0000
1000
0000
1000
0001
0100
0011
0000
0110
0000
1010
0000
0110
0000
1100
0000
,  // measure 39
1001
0000
1010
0001
0000
0001
0101
1000
,  // measure 40
1000
0000
0000
0000
0001
0000
0000
0000
0100
0000
0000
0000
0010
0000
0000
0000
0000
0000
0010
0000
0000
0000
0000
0000
0100
0000
0000
0001
0000
0000
2000
0000
0000
0000
0000
0000
0000
0000
0000
0000
0000
0000
3000
0000
0000
0000
0000
0000
,  // measure 41
1001
0000
0100
0010
0001
1000
0010
0100
0001
1000
0001
0100
0010
1000
0100
0000
,  // measure 42
0000
0000
0100
1000
0010
0100
0001
0010
0100
1000
0001
0100
0010
1000
0100
0000
,  // measure 43
0000
0000
0020
0000
0031
1000
0001
0100
0001
0010
0100
1000
0010
1000
0100
0000
,  // measure 44
0000
0000
0100
1000
0010
0100
0001
0010
0001
0100
0010
1000
0001
1000
0100
0000
,  // measure 45
0000
0000
0020
0000
0031
1000
0010
0100
0001
1000
0100
0010
0001
1000
0100
0000
,  // measure 46
0000
0000
0100
1000
0010
0100
0000
0000
0101
0000
0000
0000
0101
0000
0000
0000
,  // measure 47
0101
0000
0000
0000
0000
0000
0000
0000
0000
1000
0000
0000
1000
0000
0000
1000
0000
0000
0000
0000
0000
0001
0010
0100
,  // measure 48
1000
0000
0110
0000
0000
0000
0000
0000
0110
0000
0000
0110
0000
0000
0100
0000
,  // measure 49
1001
0000
0000
0000
0000
0000
0100
0000
1000
0000
0001
0000
0100
0000
0000
0000
0000
0000
0000
0000
0000
0000
0000
0000
0100
0000
0000
0100
0000
0000
0001
0000
0000
1000
0000
0000
1000
0000
0000
0100
0000
0000
0010
0000
0000
0010
0000
0000
,  // measure 50
0001
0100
0100
0001
1000
0001
0000
0100
0001
0001
0001
0000
0100
0000
0010
0000
,  // measure 51
0010
0010
1000
0001
0000
0001
0000
1000
0100
1000
0001
0100
0001
0010
0100
0000
,  // measure 52
0100
1000
0001
0010
0010
0001
1000
0010
0100
0001
1000
0100
0100
0100
0000
0000
,  // measure 53
1000
1000
0100
1000
1000
0100
0010
0001
1000
0100
0010
0100
0100
0100
1000
0100
,  // measure 54
1000
0010
0000
0000
0000
0000
0000
0010
1000
1000
0000
0100
0100
0000
0000
0000
,  // measure 55
0001
0000
0011
0000
0000
0000
0000
0000
1100
0000
0100
0000
0000
0010
0101
0000
,  // measure 56
0001
0010
0100
1000
0001
0001
0000
1000
0001
0001
1000
1000
0010
0000
0000
0000
,  // measure 57
1001
0000
0000
0000
0001
0000
0000
0000
0001
0001
0000
0000
1000
0001
0010
0100
,  // measure 58
1010
0000
0000
0110
0000
0000
0101
0000
0000
1100
0000
0000
0001
0010
0100
1000
,  // measure 59
0001
0001
0001
0010
0010
0010
0100
0100
0100
1000
1000
1000
,  // measure 60
0010
0010
1010
0100
0100
0100
0110
0001
0001
0010
0100
1000
,  // measure 61
1001
0000
0000
0000
1010
0000
0000
0000
0100
0100
0011
0000
0001
0010
0100
1000
,  // measure 62
0001
0000
0000
0000
0000
0000
0001
0000
0000
0000
0000
0000
0011
0000
0000
0010
0001
1000
0100
0000
0000
0000
0000
0000
,  // measure 63
0001
0000
0000
1000
0000
0000
0100
0100
0011
0000
0001
0000
1001
0000
1000
0000
,  // measure 64
0100
0000
0000
0000
0010
0000
0000
0000
0011
0000
0000
0000
1001
0000
0000
0000
1010
0000
0000
0000
0001
1000
0100
0010
,  // measure 65
1001
0000
0000
0000
0000
0000
0010
0000
0000
0000
0000
0000
0010
0000
0000
1000
,  // measure 66
0000
0000
0100
0000
0000
0010
0000
0000
1001
0000
1000
0000
0001
0100
0100
0000
,  // measure 67
0010
0010
0000
1000
0000
0001
0001
0000
0010
0000
0001
0001
0000
0000
1000
1000
,  // measure 68
1010
0000
0000
0100
0000
0000
0011
0000
0000
1010
0000
0000
0110
0000
0000
0000
,  // measure 69
0100
0100
0011
0000
0001
0001
0000
1000
1000
1000
0000
0100
0100
0000
1000
0000
,  // measure 70
0001
0011
0100
1001
0010
0100
0011
1000
0100
1010
0001
1000
,  // measure 71
1001
0000
1010
0000
0000
0110
0000
0101
0000
0000
0000
0000
0110
0000
0110
0000
,  // measure 72
0100
0000
0000
0000
0000
0000
0000
0000
0000
0000
1000
0000
0001
0010
0000
0000
,  // measure 73
1001
0000
1000
0100
1000
0010
0100
0001
,  // measure 74
0010
0000
0001
1000
0001
0000
0010
0000
0100
0000
1000
0000
0010
0000
0100
0000
,  // measure 75
0001
1000
0100
0000
0010
0001
0001
1000
,  // measure 76
0100
0000
0010
0001
0010
0000
0001
0000
1000
0000
0010
0000
0100
0001
0000
0000
,  // measure 77
1001
0000
0011
0010
0001
0100
1010
1000
,  // measure 78
0100
0010
0001
1000
0010
0010
0100
0000
0001
0000
0010
0000
0100
0000
1000
0000
,  // measure 79
0011
0010
1100
0000
0100
1000
1010
0001
,  // measure 80
0010
0000
0100
1000
0101
0000
1000
0000
0110
0000
0000
0000
0000
0000
0000
0000
,  // measure 81
0011
0000
0000
0000
0011
0000
0000
1100
0000
0000
0000
0000
0000
0000
0000
0000
,  // measure 82
0011
0000
0011
0000
0011
0000
0000
1100
0000
0000
0000
0000
0000
0000
0000
0000
,  // measure 83
0011
0000
0000
0000
0011
0000
0000
1100
0000
0000
0002
0000
0003
0000
0000
0000
,  // measure 84
0011
0000
0011
0000
0011
0000
0000
1100
0000
0000
1000
0100
0010
0001
0000
0000
,  // measure 85
1001
0001
0011
0010
0100
1000
0101
1000
,  // measure 86
0100
0010
0001
1000
0010
0010
1000
0000
0001
0000
0010
0000
0100
0000
1000
0000
,  // measure 87
0011
1000
0110
0001
1000
0100
0011
0002
,  // measure 88
0003
0000
0000
0000
0000
0000
0000
0000
0000
0000
0000
0000
0200
2300
3002
0013
,  // measure 89
1001
0000
0100
1000
0010
0100
0001
1000
0001
0010
0001
0100
0010
1000
0100
0000
,  // measure 90
0000
0000
1000
0100
0010
0001
1000
0001
0010
0001
1000
0010
0100
0001
1000
0000
,  // measure 91
0000
0000
0200
0000
1300
0010
0100
0001
1000
0100
0010
0001
1000
0010
0100
0000
,  // measure 92
0000
0000
0001
0100
0010
1000
0001
0010
0100
1000
0001
0000
1000
0010
0000
0000
,  // measure 93
1001
0000
0002
0000
1003
0100
0010
0001
1000
0010
0100
0001
0010
0001
0100
0000
,  // measure 94
0001
1000
0000
0000
0020
0000
0130
0000
0020
0000
0130
0000
0020
0000
0130
0000
,  // measure 95
0011
0011
0110
0110
1100
1100
1001
1001
,  // measure 96
1000
0000
0000
0000
0100
0000
0000
0000
0010
0000
0000
0000
0001
0000
0000
0000
0000
0000
0001
0000
0000
0000
0000
0000
1000
0000
0000
0001
0000
0000
1000
0000
0000
0100
0000
0000
1000
0000
0000
0100
0000
0000
0010
0000
0000
0001
0000
0000
,  // measure 97
1001
0000
0000
1000
0010
0000
0101
0000
0001
0000
1000
0001
0010
0000
1100
0000
,  // measure 98
1000
0000
0001
1000
0001
0100
0010
0000
1000
0000
1010
0000
0110
0000
0101
0000
,  // measure 99
1001
0011
0110
1100
0001
1010
1000
0101
,  // measure 100
0001
0000
1000
0000
0100
0000
1100
0000
1100
0001
0000
0001
0010
0000
0100
0000
,  // measure 101
1001
0000
0000
1000
0010
0000
0101
0000
0000
0000
0000
0001
0010
0000
1100
0000
,  // measure 102
0000
1000
0000
1000
0001
0100
1010
0000
0110
0000
0011
0000
0110
0000
1100
0000
,  // measure 103
1001
0110
0101
1100
1000
0110
0011
0101
,  // measure 104
0001
0000
0001
0100
0001
0000
0001
0000
0001
0100
0001
0000
1000
1000
0000
0000
,  // measure 105
1002
0000
1003
0010
0100
0000
0011
0000
0001
0000
0010
0100
1000
0000
0101
0000
,  // measure 106
1000
0000
0001
0100
0010
1000
0101
0000
1001
0000
1010
0000
1010
0000
1001
0000
,  // measure 107
0011
0000
0110
0000
0101
0000
1100
0000
1000
0000
1010
0000
0001
0100
0001
0000
,  // measure 108
0000
0010
0000
0010
0000
0010
1100
0000
1100
0001
0000
0000
1001
0000
0000
0000
,  // measure 109
0110
0000
0000
1000
0010
0000
0011
0000
0001
0000
0010
0001
0100
0000
1100
0000
,  // measure 110
0100
0010
0001
1000
0010
0010
0101
0000
0110
0000
1010
0000
0110
0000
1100
0000
,  // measure 111
1001
1010
1100
0101
0001
0110
1000
1100
,  // measure 112
0000
0000
0000
0000
0000
0000
0000
0000
0000
0001
0000
0000
0001
0001
0000
0000
,  // measure 113
1020
0000
1030
0000
1100
0000
0010
0100
0001
0000
1000
0000
1010
0000
0100
0000
,  // measure 114
0011
0010
0001
0100
0010
0010
1100
0000
0110
0000
0011
0000
0101
0000
1100
0000
,  // measure 115
0021
0000
0031
0000
0101
0000
0110
0000
1000
0000
0011
0000
0001
0001
1100
0000
,  // measure 116
1000
0000
0001
0000
0001
0010
0100
0000
0100
1000
0000
1000
0001
0100
0010
0000
,  // measure 117
1200
1300
0001
0011
0001
1000
0010
0101
,  // measure 118
0010
0000
1000
0001
1000
1000
0101
0000
0110
0000
1010
0000
0110
0000
1100
0000
,  // measure 119
0201
0301
0011
1100
1000
1100
1000
0101
,  // measure 120
0001
0000
0000
0000
0000
0000
0000
0000
0000
0001
0000
0000
0001
0001
0000
0000
,  // measure 121
0102
0000
1003
0000
0010
0100
0000
0001
1000
0000
0010
0000
1000
0010
0100
0001
,  // measure 122
1000
0000
1000
0000
1000
0000
0000
0001
0100
0000
0000
0000
0100
0000
0000
0000
,  // measure 123
2010
0000
3001
0000
0001
1000
0001
0000
0001
0000
0010
0000
0001
0010
0100
1000
,  // measure 124
0001
0000
0001
0010
0001
0000
0000
1000
0001
0000
0000
0010
0001
0000
0000
0000
,  // measure 125
0021
0000
0032
0000
1003
0010
0100
0000
0001
1000
0100
0000
0010
0001
0100
0000
,  // measure 126
0001
0000
0000
0100
0000
0000
0000
0000
0000
0000
0000
0000
0001
0000
0000
1000
0000
0000
0000
0000
0000
0000
0000
0000
1010
0000
0000
0000
0010
0000
0000
0000
0100
0000
0000
0000
0011
0000
0000
0000
1000
0000
0000
0000
0001
0000
0000
0000
,  // measure 127
1200
0000
1300
0000
0000
0001
0000
0001
0000
0000
0000
0000
0011
0000
1100
0000
,  // measure 128
1000
0000
0000
0000
0000
0000
0000
0000
0000
0000
1000
0000
0100
0020
0000
0000
,  // measure 129
0031
0000
0000
0000
;
