#TITLE:The Sakura of MAX;
#SUBTITLE:;
#ARTIST:RevenG vs OMEGA;
#TITLETRANSLIT:;
#SUBTITLETRANSLIT:;
#ARTISTTRANSLIT:;
#CREDIT:;
#BANNER:The Sakura of MAX.PNG;
#BACKGROUND:The Sakura of MAX-bg.PNG;
#LYRICSPATH:;
#CDTITLE:!Dokuroridertitle.png;
#MUSIC:The Sakura Of MAX.mp3;
#OFFSET:-7.760;
#SAMPLESTART:55.740;
#SAMPLELENGTH:12.500;
#SELECTABLE:YES;
#BPMS:0.000=300.000,254.000=150.000,285.000=300.001,424.000=320.001,584.000=300.001,586.000=275.002,588.000=250.000,590.000=184.000,592.000=138.000,594.000=89.000;
#STOPS:285.000=0.480
;
#BGCHANGES:;
// cache tags:
#FIRSTBEAT:0.000;
#LASTBEAT:595.000;
#SONGFILENAME:Songs/All Songs/Sakura of MAX/The Sakura of MAX.sm;
#HASMUSIC:1;
#HASBANNER:1;
#MUSICLENGTH:135.183;
// end cache tags

//---------------dance-single - ----------------
#NOTES:
     dance-single:
     :
     Challenge:
     11:
     0.844,0.990,0.148,0.081,0.118,768.000,20.000,11.000,0.000,1.000:
0010
0000
0100
0000
1000
0001
0000
0100
,
0010
0000
0100
0000
0001
1000
0000
0100
,
0010
0000
0001
0000
1000
0010
0000
0100
,
0001
0100
0101
0000
,
0010
0000
1000
0000
0100
1000
0000
0010
,
0100
0000
0001
0000
0010
0001
0000
0100
,
1000
0100
1000
0000
0010
0100
0010
0000
,
0100
0001
1000
0010
0100
0010
0100
0000
,
0001
0000
1000
0000
0010
1000
0000
1000
,
0010
0000
0100
0000
0001
0010
0000
0010
,
0100
0000
1000
0000
0001
0100
0000
0010
,
1000
0100
1100
0100
,
0010
0000
0001
0000
0001
0100
0000
0100
,
0010
0000
1000
0000
0100
0010
0000
0001
,
1000
0000
0010
0000
0100
0001
0000
1000
,
0010
1000
1010
0010
,
0100
0000
0001
0000
1000
0100
0000
0010
,
0001
0000
0100
0000
0010
1000
0000
0010
,
0100
0000
0001
0000
1000
0010
0000
0100
,
0001
1000
1001
0001
,
0010
0000
0100
0000
0000
0100
0000
0100
,
1000
0000
0010
0000
0000
0100
0000
0100
,
0001
0000
0010
0000
0000
0100
0000
0100
,
1000
0001
0010
0100
1000
0010
0100
0000
,
0001
0100
0001
0000
1000
0100
1000
0000
,
0010
0100
0001
1000
,
0010
0100
0010
0000
1000
0010
1000
0000
,
0001
0100
0010
1000
,
0100
0010
0100
0000
1000
0100
1000
0000
,
0010
1000
0100
0010
,
0100
0000
1000
0001
1000
0000
0010
0100
,
0010
1000
0001
0100
,
0001
0000
1000
0100
1000
0000
0001
0100
,
0001
0010
0100
1000
,
0001
0000
0100
0010
0100
0010
0100
0010
,
0100
0001
1000
0001
,
0001
0100
0001
0000
1000
0010
1000
0000
,
0100
1000
0100
0000
0010
0001
0010
0000
,
0001
1000
0001
0000
1000
0001
1000
0000
,
0010
0100
0001
0000
0010
0100
1000
0000
,
0010
1000
0100
0000
0010
0001
0100
0000
,
0010
1000
0001
0000
0100
0001
1000
0000
,
0100
1000
0010
0000
0100
0001
0010
0000
,
0100
1000
0001
0000
0100
0001
0100
0000
,
0010
1000
0001
0000
1000
0001
1000
0000
,
0100
0010
0001
0000
0010
0100
0010
0000
,
0100
1000
0010
0000
0100
0000
0001
0000
,
0100
0001
1001
0000
,
1000
0000
0001
0000
1000
0100
0000
1000
,
0100
0000
0010
0000
0001
0010
0000
0001
,
0010
0000
0100
0000
0100
1000
0000
0100
,
1000
0001
1001
0000
,
0001
0000
0100
0000
0010
0100
0000
0010
,
0100
0000
0001
0000
1000
0100
0000
1000
,
0100
1000
0100
1000
0001
0100
0001
0100
,
0001
1000
1001
0000
,
0010
0000
1000
0000
0100
0001
0000
0100
,
0001
0000
0100
0000
1000
0010
0000
1000
,
0010
0000
0100
0000
0001
0100
0000
0001
,
0100
0010
0110
0000
,
2000
0000
0000
0000
,
3002
0000
0000
0000
,
0103
0000
0010
0000
0100
0000
0010
0000
0100
0000
0010
0000
,
0100
0000
0010
0000
0100
0000
0010
0000
0000
1000
0000
0000
,
0100
0000
0000
0100
0010
0000
0000
0010
0001
0000
0000
0001
0100
0000
0000
0100
,
0010
1001
0100
0010
,
1000
0000
0000
1000
0001
0000
0000
0001
0100
0000
0000
0100
0010
0000
0000
0010
,
1000
0000
0000
0000
1100
0000
0000
0000
0010
0000
0000
0000
0100
0000
0001
0100
,
0001
0000
0000
1000
0100
0000
0000
0100
0010
0000
0001
0010
0001
0000
0000
0100
,
0001
0000
0000
0000
1001
0000
0000
0000
0100
0000
0010
0100
0010
0000
0000
1000
,
0100
0000
0010
0100
0010
0000
0000
0001
0100
0000
0010
0100
0010
0000
0000
0000
,
0100
0000
0110
0000
1000
0100
1000
0100
,
1000
0001
1000
0000
0010
0000
0100
0000
,
0001
0000
1000
0000
0100
0010
0100
0010
,
0100
1000
0001
0100
,
0010
0000
1000
0000
0001
0100
0001
0100
,
0001
1000
0001
0000
0010
0000
0100
0000
,
1000
0000
0010
0000
0100
0001
0000
0000
,
1000
0000
0100
0010
0100
0010
0100
1000
,
0001
0000
0100
0000
0010
1000
0010
1000
,
0010
0000
0100
0001
0100
0001
0100
0000
,
0001
0010
0001
0010
0001
0000
0100
1000
,
0100
1000
0100
0000
0010
0001
0100
0010
,
1000
0000
0100
0010
0001
0100
0010
0000
,
1000
0100
1000
0001
0100
0000
0010
1000
,
0100
0010
0001
0000
0100
0010
1000
0100
,
0010
0000
0001
0100
0010
1000
0100
0010
,
0001
0100
0010
1000
0010
0000
0000
0100
,
0000
0100
0010
0000
0110
0000
0002
0000
,
0000
2003
0000
0000
3001
0000
0000
1000
,
0000
1000
0001
0000
1001
0000
0020
0000
,
0000
0230
0000
0000
0301
0000
0000
1000
,
0000
0010
0100
0000
0001
0000
0000
0010
,
0000
0100
1000
0000
0010
0000
0000
0100
,
0000
0001
1000
0000
0100
0000
0022
0000
,
0000
2233
0000
3300
0001
0010
0100
0010
,
0001
0100
0010
1000
0100
0010
0100
1000
,
0010
0100
0001
0010
0100
1000
0100
0001
,
0100
0001
0100
0010
0001
0100
0010
1000
,
0010
0100
0010
1000
0100
0001
1000
0100
,
1000
0001
0100
0001
1000
0001
0100
0010
,
1000
0000
0000
0100
0000
0000
0010
0000
0000
0000
0000
0000
0010
0000
0000
0000
1000
0000
0000
0000
0001
0000
0000
0000
,
0000
0000
0000
0000
0000
0000
0100
0000
0001
0000
1000
0000
,
0000
0000
0000
0000
0000
0000
0001
0000
0010
0000
0001
0000
,
1000
0000
0010
0000
1000
0000
0200
0000
0000
0000
0000
0000
,
0000
0000
0000
0000
,
0310
0001
0100
1000
,
0100
0001
0010
0100
,
1000
0010
0001
0010
,
0100
0001
0010
0100
,
1000
0100
0001
0100
,
1000
0010
0100
0001
,
1000
0100
1000
0010
,
0100
0000
0001
0100
0001
0100
0001
0000
,
1000
0100
0010
0010
,
0100
1000
0010
0010
,
0100
0001
1000
0100
,
0010
0001
0010
0100
,
1000
0010
0100
0001
,
0100
0010
1000
0001
,
0100
0010
0100
0000
0001
0100
0001
0000
,
1000
0100
1000
0100
1000
0100
1000
0000
,
0010
0000
0100
0001
0100
0000
0010
1000
,
0010
0000
0100
0010
0100
0000
0001
1000
,
0001
0000
1000
0100
1000
0000
0010
0100
,
0010
0100
0110
0000
,
0001
0000
1000
0001
1000
0000
0100
1000
,
0100
0000
0010
0100
0010
0000
0001
0100
,
0001
0000
0100
0010
0100
0000
0010
1000
,
0010
0100
0010
0100
,
0001
0000
1000
0001
1000
0000
0001
0100
,
0001
0000
0100
0010
0100
0000
0010
1000
,
0010
0000
0100
0001
0100
0000
0001
1000
,
0001
1000
1100
0000
,
0010
0000
0100
1000
0001
0000
0100
0010
,
1000
0000
0100
0010
0001
0000
0100
0001
,
1000
0000
0100
1000
0010
0000
0010
0100
,
0001
0010
0100
1000
,
0001
0001
0100
0100
,
0010
0010
1000
1000
,
0100
0100
0010
0010
,
0100
0100
1000
1000
,
0001
0001
0010
0010
,
0100
0100
1000
1000
,
0010
0000
0000
0110
0000
0000
0001
1000
,
0001
0000
0000
1001
0000
0000
0010
0100
,
0010
1000
0010
0100
0010
1000
0100
0010
,
0100
0001
0100
0010
0100
1000
0010
0100
,
0010
1000
0010
1000
0100
0001
0010
0000
;
