#TITLE:Lovely Lovely Lovely;
#SUBTITLE:;
#ARTIST:Thanatos;
#TITLETRANSLIT:;
#SUBTITLETRANSLIT:;
#ARTISTTRANSLIT:;
#CREDIT:;
#BANNER:L3-bn.png;
#BACKGROUND:L3-bg.png;
#LYRICSPATH:;
#CDTITLE:!tank-cdtitle.png;
#MUSIC:l3.mp3;
#OFFSET:-0.479;
#SAMPLESTART:31.729;
#SAMPLELENGTH:12.000;
#SELECTABLE:YES;
#BPMS:0.000=192.000;
#STOPS:;
#BGCHANGES:;
// cache tags:
#FIRSTBEAT:0.000;
#LASTBEAT:302.500;
#SONGFILENAME:Songs/All Songs/Lovely Lovely Lovely/l3.sm;
#HASMUSIC:1;
#HASBANNER:1;
#MUSICLENGTH:95.720;
// end cache tags

//---------------dance-single - ----------------
#NOTES:
     dance-single:
     :
     Hard:
     11:
     1.000,1.000,0.982,0.000,1.000,912.000,94.000,0.000,0.000,0.000:  // measure 1
1001
0011
0100
1100
0010
0101
0100
1010
,  // measure 2
0100
0011
0010
0011
0100
1010
0100
0011
,  // measure 3
0100
1010
0001
0101
0010
0110
1000
1001
,  // measure 4
0010
0101
0010
1010
0001
0011
0100
1100
,  // measure 5
1001
1001
0010
1001
0001
0011
1000
0110
,  // measure 6
0010
0000
1001
0000
0100
0000
1010
0000
0001
0010
0100
1000
0010
0100
0001
1000
,  // measure 7
0001
0010
0100
1000
0010
0100
0001
0010
0100
1000
0010
0100
0001
0010
0100
1000
,  // measure 8
0100
0010
1001
0000
0000
0000
1001
0000
0000
0000
1001
0000
0000
0000
1001
0000
,  // measure 9
0000
0000
0011
0000
0000
0011
0000
0000
1100
0000
0000
0110
0000
0000
1001
0000
,  // measure 10
0110
0000
0011
0000
0000
1010
0000
0000
0101
0000
0000
0011
0000
0000
1010
0000
,  // measure 11
1001
0000
1010
0000
0000
0101
0000
0000
0110
0000
0000
1001
0000
0000
0110
0000
,  // measure 12
1001
0000
0011
0000
0000
1010
0000
0000
0011
0000
0000
0110
0000
0000
0110
0000
,  // measure 13
0011
0000
0011
0100
1000
0001
0010
0100
1000
0010
0100
0001
1000
0100
0010
0001
,  // measure 14
0010
0100
1000
0010
0100
0001
0010
0100
1000
0010
0100
0001
0100
0010
0100
0001
,  // measure 15
1000
0001
0010
0100
1000
0001
0100
0010
1000
0100
0010
0100
1000
0010
1000
0001
,  // measure 16
0010
0100
1001
0000
0000
0000
1001
0000
0000
0000
1001
0000
0000
0000
1001
0000
,  // measure 17
0000
0000
0001
1000
0010
0100
0001
0010
0100
1000
0010
0100
0001
1000
0001
0010
,  // measure 18
0001
0100
0010
1000
0100
0010
0001
0010
0100
1000
0010
0100
0001
1000
0010
0100
,  // measure 19
0001
1000
0100
0010
0001
0100
0010
1000
0100
1000
0010
0100
0001
0010
0100
0010
,  // measure 20
0100
1000
0010
0100
0010
0100
0001
1000
0001
0010
0100
1000
0010
0100
0001
0010
,  // measure 21
0100
1000
0001
0100
0001
0100
0010
1000
0100
0010
0001
0100
0010
1000
0010
0100
,  // measure 22
0001
1000
0010
0100
0001
0100
0001
0010
0001
0010
0100
1000
0010
0100
0001
1000
,  // measure 23
0001
0100
1001
0000
0000
0000
0000
0000
0011
0000
0000
0000
0010
0000
0100
0000
,  // measure 24
1000
0100
0010
0001
1001
0000
1001
0100
,  // measure 25
0010
0000
0100
1000
0010
0100
0001
1000
0001
1000
0010
0100
0001
1000
0100
0010
,  // measure 26
0001
0010
0100
1000
0010
1000
0001
1000
0010
0100
0001
1000
0010
0100
0001
0010
,  // measure 27
0100
1000
0001
0010
0100
1000
0001
1000
0001
0100
0010
1000
0001
0010
0100
1000
,  // measure 28
0100
0010
0001
1000
0010
0100
0001
1000
0001
1000
0010
0100
0001
0010
0100
1000
,  // measure 29
0001
0010
0100
1000
0010
0100
0001
1000
0001
1000
0010
1000
0001
0100
0010
1000
,  // measure 30
0001
0010
0100
1000
0001
1000
0010
0100
0001
1000
0100
0010
0001
0010
0100
1000
,  // measure 31
0010
0100
0001
1000
0010
0100
0001
0010
0001
0100
0001
1000
0100
0010
0001
1000
,  // measure 32
0010
0100
0001
1000
0010
0100
0001
0010
0100
1000
0001
0100
0010
1000
0001
1000
,  // measure 33
0001
1000
0010
0100
0001
0010
0100
1000
0001
1000
0100
0010
0001
1000
0001
0010
,  // measure 34
0100
1000
0010
0100
0001
1000
0001
0010
0100
1000
0001
0010
0100
1000
0010
0100
,  // measure 35
0001
1000
0100
0010
0001
1000
0001
0100
0010
1000
0010
0100
0001
1000
0010
0100
,  // measure 36
0001
1000
0001
0010
0100
1000
0001
0010
0100
1000
0100
0010
0001
1000
0010
0100
,  // measure 37
0001
0100
0010
1000
0001
0010
0100
1000
0001
1000
0010
1000
0100
1000
0001
0010
,  // measure 38
0100
1000
0001
0010
0100
1000
0001
0100
0010
1000
0001
0010
0001
0100
0001
1000
,  // measure 39
0010
0100
0001
1000
0100
0010
0001
0100
0010
1000
0001
0010
0100
1000
0010
0100
,  // measure 40
0001
0010
0100
1000
0100
0010
0001
1000
0010
0100
0001
0010
0100
1000
0010
0100
,  // measure 41
0001
0010
1001
0000
0000
0001
0010
0000
1000
0100
1000
0000
0100
0000
0010
0000
,  // measure 42
1001
0000
1001
0000
0000
0001
0010
0000
1000
0010
0100
0000
1000
0000
0100
0000
,  // measure 43
0011
0000
0011
0000
0000
0100
1000
0000
0010
0100
1000
0000
0010
0000
0100
0000
,  // measure 44
0011
0000
1100
0000
0000
0001
0010
0000
0001
0010
0100
1000
0100
0000
1001
0000
,  // measure 45
0110
0000
0011
0000
0000
0001
0010
0000
1000
0100
1000
0000
0100
0000
1000
0000
,  // measure 46
0011
0000
1010
0000
0000
1000
0100
0000
0001
0010
0100
0000
1000
0000
0100
0000
,  // measure 47
1010
0000
0101
0000
0000
0010
0100
0000
1000
0100
0010
0000
1000
0000
0100
0000
,  // measure 48
1001
0000
0110
0000
0000
1000
0001
0000
1000
0100
0010
0001
0010
0000
0011
0000
,  // measure 49
1100
0000
1001
0000
0000
0010
0100
0000
0001
0010
0100
0000
1000
0000
0010
0000
,  // measure 50
0101
0000
0110
0000
0000
1000
0010
0000
1000
0010
0100
0000
0001
0000
0010
0000
,  // measure 51
0001
0010
0100
1001
0100
1000
0100
0001
,  // measure 52
0100
1000
0001
1010
0100
0100
0001
1000
,  // measure 53
0100
1000
0001
0110
0001
1000
0100
0010
,  // measure 54
0100
1000
0100
0101
0001
1000
0010
0100
,  // measure 55
1000
0001
1001
1010
1001
0000
1001
0010
,  // measure 56
0100
0001
0010
0100
1001
0000
0110
0001
,  // measure 57
0010
0000
1000
0010
0100
0001
0010
0100
1000
0001
0010
0100
1000
0001
0100
0010
,  // measure 58
1000
0000
0001
0000
0010
0000
0100
0000
1000
0000
0001
0000
0010
0000
0100
0000
1000
0000
0001
0000
0010
0000
0100
0000
1000
0001
0010
0100
1000
0001
0010
0100
,  // measure 59
1000
0000
0011
0100
1000
0001
0010
0100
1000
0010
0100
0001
1000
0100
0010
0001
,  // measure 60
0010
0100
1000
0010
0100
0001
0010
0100
1000
0010
0100
0001
0100
0010
0100
0001
,  // measure 61
1000
0001
0010
0100
1000
0001
0100
0010
1000
0100
0010
0100
1000
0010
1000
0001
,  // measure 62
0010
0100
1000
0100
0010
0001
0010
0001
1000
0001
1000
0100
1000
0010
0100
0001
,  // measure 63
0010
0100
0010
0001
0010
0100
0001
0010
0100
1000
0010
0100
0001
1000
0001
0010
,  // measure 64
0001
0100
0010
1000
0100
0010
0001
0010
0100
1000
0010
0100
0001
1000
0010
0100
,  // measure 65
0001
1000
0100
0010
0001
0100
0010
1000
0100
1000
0010
0100
0001
0010
0100
0010
,  // measure 66
0100
1000
0010
0100
0010
0100
0001
1000
0001
0010
0100
1000
0010
0100
0001
0010
,  // measure 67
0100
1000
0010
0100
0001
0100
0010
1000
0100
0010
0001
0100
0010
1000
0010
0100
,  // measure 68
0001
1000
0010
0100
0001
0100
0001
0010
0001
0010
0100
1000
0010
0100
0001
1000
,  // measure 69
0001
0100
0010
1000
0001
0010
0001
1000
0100
1000
0010
0100
0010
0100
0001
0010
,  // measure 70
0100
1000
0100
0010
0001
0010
0100
1000
0001
1000
0001
0010
0100
0010
0001
1000
,  // measure 71
0100
0010
0001
1000
0100
1000
0001
0100
0010
1000
0010
1000
0100
0010
0001
0010
,  // measure 72
0100
1000
0001
1000
0001
1000
0001
1000
0001
1000
0001
1000
0001
1000
0001
1000
,  // measure 73
0001
0010
1001
0000
0000
0000
0000
0000
0000
0000
0000
0000
0000
0000
0000
0000
;

//---------------dance-single - ----------------
#NOTES:
     dance-single:
     :
     Challenge:
     14:
     1.000,1.000,1.000,0.000,1.000,1001.000,336.000,0.000,0.000,0.000:  // measure 1
1001
0011
0100
1100
0010
0101
0100
1010
,  // measure 2
0100
0011
0010
0011
0100
1010
0100
0011
,  // measure 3
0100
1010
0001
0101
0010
0110
1000
1001
,  // measure 4
0010
0101
0010
1010
0001
0011
0100
1100
,  // measure 5
1001
1001
0010
1001
0001
0011
1000
0110
,  // measure 6
0010
0000
1001
0000
1000
0000
1010
0000
0001
1000
0101
0000
0010
0001
0110
0001
,  // measure 7
1000
0100
1001
0100
0010
0000
0011
0100
1000
0000
1100
0001
0010
0100
1001
0010
,  // measure 8
0100
1000
0110
0001
0100
0010
1001
0100
0001
1000
0110
1000
0001
0100
1001
0010
,  // measure 9
0100
1000
0011
0000
0000
0011
1100
0000
1100
0000
0000
0110
0000
0000
1001
0000
,  // measure 10
0110
0000
0011
0000
0000
1010
0101
0000
0101
0000
0000
0011
0000
0000
1010
0000
,  // measure 11
1001
0000
1010
0000
0000
0101
1010
0000
0110
0000
0000
1001
0000
0000
0110
0000
,  // measure 12
1001
0000
0011
0000
0000
1010
0101
0000
0011
0000
0000
0110
0000
0000
0110
0000
,  // measure 13
0011
0000
0011
0100
1000
0011
1000
0100
1001
0010
0100
0011
1000
0100
1010
0001
,  // measure 14
1010
0100
1001
0010
0100
1001
0010
0100
1001
0010
1000
0011
0100
0010
1100
0001
,  // measure 15
1010
0001
1010
0100
1000
0011
0100
0010
1001
0100
1000
0101
1000
0010
1000
0001
,  // measure 16
0010
0100
1001
0010
0100
0010
1001
0100
0010
0100
1001
0010
0100
0010
1001
0010
,  // measure 17
0100
0010
0101
1000
0010
0101
1000
0010
0101
1000
0010
1100
0001
1000
0101
0010
,  // measure 18
1001
0100
0011
1000
0100
0011
1000
0010
0101
1000
0001
1100
0001
1000
0011
0100
,  // measure 19
0011
1000
0101
0010
0001
1100
0001
1000
0110
1000
0001
1100
0001
0010
1001
0010
,  // measure 20
0101
1000
0011
0100
0010
1100
0010
1000
0101
0010
0100
1001
0010
0100
1001
0010
,  // measure 21
0101
1000
0011
0100
0001
1100
0010
1000
0101
0010
1000
0101
0010
1000
0011
0100
,  // measure 22
0011
1000
0011
0100
0001
1100
0001
0010
0101
0010
0100
1001
0010
0100
0011
1000
,  // measure 23
0011
0100
1001
0000
0100
0000
0010
0000
0011
0000
0100
0000
1010
0000
0100
0000
,  // measure 24
1000
0100
0010
0001
1001
0010
1001
0100
,  // measure 25
1000
0000
0001
1000
0100
1000
0011
0100
0001
1000
0001
1000
0100
1000
0101
0010
,  // measure 26
0001
0100
0001
1000
0100
0010
0101
1000
0100
0010
0100
0001
1000
0010
1100
0001
,  // measure 27
0010
0100
1000
0010
0100
0001
1100
0010
0100
0010
0100
0001
0100
0010
1100
0001
,  // measure 28
1000
0010
0100
0001
1000
0010
1001
0010
1000
0001
0010
0001
1000
0100
0011
0100
,  // measure 29
1000
0010
0100
0001
1000
0010
1100
0001
1000
0001
0100
0010
1000
0010
1100
0001
,  // measure 30
0010
0001
0100
0010
1000
0001
1100
0010
0100
0001
1000
0001
0010
0100
1010
0001
,  // measure 31
0100
0010
1000
0001
1000
0010
1100
0001
1000
0010
0100
0001
0010
0100
1001
0010
,  // measure 32
0100
0001
1000
0010
1000
0001
1010
0001
1000
0001
0010
0100
1000
0010
1100
0001
,  // measure 33
0010
0100
1000
0100
0010
0001
1010
0100
1000
0010
0100
0010
0100
0001
1010
0100
,  // measure 34
0010
0100
1000
0001
1000
0001
1010
0100
1000
0010
0100
0001
1000
0010
1001
0100
,  // measure 35
1000
0010
1000
0001
0010
0100
1001
0100
0010
0001
0100
0010
0100
0001
1010
0100
,  // measure 36
0010
0001
1000
0001
1000
0100
1010
0001
0010
0100
1000
0010
0100
0001
0110
0001
,  // measure 37
1000
0100
1000
0010
0100
0001
1100
0010
0100
0001
0010
0100
1000
0100
1010
0001
,  // measure 38
0010
0100
0010
0001
1000
0100
0011
0100
1000
0001
0010
0001
1000
0100
1001
0010
,  // measure 39
0100
0001
0010
0100
1000
0001
1100
0001
0010
0100
0010
0001
0100
0010
1001
0010
,  // measure 40
0001
0100
0011
1100
0011
1100
0011
1100
0011
1100
0011
1100
0011
1100
0011
1100
,  // measure 41
0011
0110
1001
0000
0000
0001
1010
0000
1000
0100
1001
0000
0010
0000
0101
0000
,  // measure 42
1001
0000
1001
0000
0000
0001
1010
0000
1000
0001
1100
0000
0001
0000
1100
0000
,  // measure 43
0011
0000
0011
0000
0000
0100
1001
0000
0010
0100
1001
0000
0100
0000
1001
0000
,  // measure 44
0011
0000
1100
0000
0000
0001
1010
0000
1000
0001
0100
1000
0100
0010
1001
0010
,  // measure 45
1001
0100
0011
0000
0000
0001
0010
0000
1000
0001
1010
0000
0100
0000
1010
0000
,  // measure 46
0011
0000
1010
0000
0000
1000
0101
0000
0001
1000
0110
0000
0001
0000
0101
0000
,  // measure 47
1010
0000
0101
0000
0000
0010
0101
0000
1000
0100
0011
0000
1000
0000
0110
0000
,  // measure 48
1001
0000
0110
0000
0000
1000
0011
0000
0010
0001
1100
0010
0001
0100
0011
0100
,  // measure 49
1010
0100
1001
0000
0000
0010
1100
0000
0001
0100
1010
0000
0001
0000
1010
0000
,  // measure 50
0101
0000
0110
0000
0000
1000
0011
0000
0001
0100
0011
0000
0001
0000
0010
0000
,  // measure 51
1001
0011
0100
1001
0100
1000
0101
0011
,  // measure 52
0100
0001
0100
0010
0001
0100
1010
0001
0010
0001
0100
0010
1001
0100
1001
0010
,  // measure 53
0100
0001
1010
0000
0001
0000
0110
0000
0100
0000
1000
0000
0101
0000
0011
0000
,  // measure 54
0100
1000
0100
0101
0001
1000
1010
0110
,  // measure 55
1000
0000
0001
0000
0100
0000
1010
0000
1001
0010
0100
0010
1001
0100
0010
1000
,  // measure 56
0100
0010
0001
0100
0010
1000
0100
0010
1001
0010
0100
1000
0110
1000
0011
0100
,  // measure 57
0011
1000
0101
0010
1000
0100
1000
0010
1001
0010
0100
0010
1001
0010
0100
1000
,  // measure 58
0001
0000
0010
0000
1100
0000
0010
0000
0001
0000
0010
0000
0101
0000
1000
0000
0001
0000
0010
0000
0101
0000
1000
0000
0001
0010
0100
1000
0001
0010
0100
1000
,  // measure 59
0000
0000
0011
0100
1000
0101
1000
0100
1001
0010
1000
0101
1000
0100
1010
0001
,  // measure 60
1010
0100
1001
0010
0100
0011
1000
0100
1001
0010
1000
0011
1000
0010
1100
0001
,  // measure 61
1010
0001
1010
0100
1000
0011
1000
0010
1001
0100
0010
0101
1000
0010
1100
0001
,  // measure 62
1010
0100
1001
0100
0010
0101
1000
0001
1100
0001
1000
0101
1000
0010
1100
0001
,  // measure 63
1010
0100
1010
0001
0010
0101
1000
0010
0101
1000
0010
1100
0001
1000
0101
0010
,  // measure 64
1001
0100
0011
1000
0100
0011
0100
0010
0101
1000
0010
0101
0010
1000
0011
0100
,  // measure 65
0011
1000
0101
1000
0001
0110
0001
1000
0110
1000
0001
1100
0001
0010
1001
0010
,  // measure 66
0101
1000
0011
0100
0010
1100
0010
1000
0101
0010
0001
1100
0010
0100
1001
0010
,  // measure 67
0101
1000
0011
0100
0001
1100
0001
1000
0101
0010
0001
1100
0010
1000
0011
0100
,  // measure 68
0011
1000
0011
0100
0001
1100
0001
0010
0101
0010
0100
1001
0010
0100
0011
1000
,  // measure 69
0011
0100
0011
1000
0001
1010
0001
1000
0101
1000
0010
1100
0010
0100
1001
0010
,  // measure 70
0101
1000
0101
0010
0001
1010
0001
1000
0101
1000
0001
1010
0100
0010
0101
1000
,  // measure 71
0101
0010
0101
1000
0100
1001
0010
0100
0011
1000
0010
1001
0100
1000
0101
0010
,  // measure 72
1001
0000
0100
0000
1010
0000
0001
0000
1000
0000
0101
0000
1000
0000
0001
0000
1010
0000
0100
0000
0010
0000
0101
0000
1000
0000
0001
0010
1000
0100
0010
0000
,  // measure 73
0100
0010
1001
0000
0000
0001
1100
0000
0001
1000
0011
0000
0010
0000
1001
0000
,  // measure 74
0000
0000
1001
0000
0000
1000
0011
0000
1000
0001
1100
0000
0100
0000
1001
0000
,  // measure 75
0000
0000
1001
0000
0000
0010
1001
0000
0001
0010
1000
0000
0010
0000
1001
0000
,  // measure 76
0000
0000
0001
0000
0000
0001
0010
0000
1000
0100
1000
0000
0000
0000
0000
0000
;
