#TITLE:桜;
#SUBTITLE:IVKAS Style;
#ARTIST:RevenG;
#TITLETRANSLIT:SAKURA;
#SUBTITLETRANSLIT:;
#ARTISTTRANSLIT:;
#CREDIT:;
#BANNER:RevenG - SAKURA.png;
#BACKGROUND:RevenG - SAKURA-bg.png;
#LYRICSPATH:;
#CDTITLE:!kilgacdtitle.png;
#MUSIC:RevenG - SAKURA.mp3;
#OFFSET:-0.076;
#SAMPLESTART:48.380;
#SAMPLELENGTH:12.800;
#SELECTABLE:YES;
#BPMS:0.000=300.000,192.000=150.000,203.500=120.000,204.000=108.000,204.500=96.000,206.000=46.000,207.000=23.000,208.000=150.000,240.000=120.000,242.000=160.000,242.500=240.000,243.000=320.000,403.000=300.000,405.000=280.000,407.000=260.000,409.000=240.000,411.000=180.000,412.000=150.000,413.000=130.000,414.000=90.000;
#STOPS:;
#BGCHANGES:;
// cache tags:
#FIRSTBEAT:0.000;
#LASTBEAT:418.000;
#SONGFILENAME:Songs/All Songs/Kilgamayan - Sakura (IVKAS Style)/RevenG - SAKURA.sm;
#HASMUSIC:1;
#HASBANNER:1;
#MUSICLENGTH:99.169;
// end cache tags

//---------------dance-single - Heavy----------------
#NOTES:
     dance-single:
     Heavy:
     Hard:
     10:
     1.000,1.000,1.000,0.121,0.257,713.000,159.000,12.000,0.000,0.000:

1001
0100
1000
0010
1000
0000
0010
0100
,
1001
0010
0001
0100
0001
0000
0100
0010
,
1100
0010
0001
0010
0100
0000
0001
1000
,
0011
0100
1000
0100
0010
0000
1000
0001
,
1010
0001
0100
1000
0010
0000
0100
1000
,
0101
1000
0010
0001
0100
0000
0010
0001
,
1100
0010
0001
0010
0001
0000
0100
1000
,
0011
0100
1000
0100
1001
0000
0000
0000
,
1010
0100
0010
0001
0010
0000
0100
1000
,
0101
0010
0100
1000
0100
0000
0010
0001
,
1100
0001
0010
0100
1000
0000
1000
0100
,
0011
1000
0100
0010
0001
0000
0001
0010
,
1001
0100
0010
0100
0010
0000
0001
1000
,
0110
0001
1000
0001
1000
0000
0010
0100
,
2002
0000
3003
2002
0000
3003
2002
0000
,
3003
0000
0110
0000
0110
0000
0110
0110
,
1001
0100
1001
0100
,
0011
0100
1000
0100
0001
0000
0010
0100
,
1001
0010
1001
0010
,
1100
0010
0001
0010
1000
0000
0100
0010
,
1100
1000
1010
1000
,
1001
0001
0101
0001
,
0011
1100
0101
1010
,
0110
1000
0001
1000
0110
0000
1000
0100
,
0011
0000
1000
0100
0011
0000
1000
0010
,
0101
0000
1000
0010
0101
0000
0001
0010
,
1100
0000
0001
0010
1100
0000
0001
0100
,
1010
0000
0001
0100
1010
0000
0001
0001
,
0001
0000
0010
0010
0010
0000
0100
0100
,
0100
0000
0010
0010
0010
0000
1000
1000
,
1000
0000
0001
0001
0110
0000
1001
0000
,
0110
0000
0001
1000
0001
1000
0001
1000
,
0110
0001
0110
1000
,
0011
0100
1000
0100
0010
0000
0110
0000
,
1001
0100
1001
0010
,
1100
0010
0001
0010
0100
0000
1001
0000
,
0011
1000
0101
1000
,
1001
0001
1010
0001
,
1100
1010
1001
0101
,
0011
0100
0010
0000
0110
0000
0110
0000
,
1100
0011
1100
0011
,
1000
0001
1000
0001
1000
0000
0001
1000
,
0101
1010
0101
1010
,
0100
0010
0100
0010
0100
0000
0010
0100
,
1000
0000
0010
0010
0010
0000
0100
0100
,
0100
0000
0001
0001
0001
0000
1000
1000
,
1000
0000
0110
0110
0110
0000
0100
0000
,
0010
0000
1001
0010
0100
0010
1001
0000
,
1100
0010
0101
1000
0011
0100
1010
0001
,
0110
1000
0101
0010
1100
0001
1010
0100
,
0011
0100
1000
0000
0110
0000
0001
0000
1010
0000
0100
0000
1001
0000
0010
0000
,
2100
0000
0000
0000
0000
0000
0010
0000
0000
0000
0000
0000
0001
0000
0000
0000
0000
0000
0000
0000
0000
0000
0000
0000
0100
0000
0000
0000
0000
0000
0000
0000
0000
0000
0000
0000
0010
0000
0000
0000
0000
0000
0000
0000
0000
0000
0000
0000
0002
0000
0000
0000
0000
0000
0000
0000
0000
0000
0000
0000
0000
0000
0000
0000
0000
0000
0000
0000
0000
0000
0000
0000
0003
0000
0000
0000
0010
0000
0000
0000
0000
0000
0000
0000
0000
0000
0000
0000
0000
0000
0000
0000
0000
3000
0000
0000
,
0101
0000
1010
0000
0001
0010
0100
1000
0011
0000
1100
0000
1000
0100
0010
0001
,
1100
0000
0110
0000
0010
0001
1000
0100
0011
0000
0110
0000
0100
1000
0001
0010
,
1100
0000
0110
0000
0001
1000
0100
0010
0101
0000
1001
0000
1000
0001
0010
0100
,
1001
0000
0110
0000
1001
0000
0110
0000
0001
0010
0100
1000
0001
0010
1100
0000
,
1001
0010
0100
1000
0100
0010
0001
0010
1100
0001
1000
0001
0100
1000
0010
1000
,
0011
0100
0001
1000
0010
0001
1000
0100
1010
0001
0100
1000
0001
0010
1000
0010
,
0101
1000
0100
1000
0001
0010
0100
1000
0110
0001
0010
0100
1000
0100
0010
0001
,
1100
0001
0100
1000
0011
1000
0100
0010
1001
0010
0100
0010
0100
0010
0100
0020
,
0000
0200
0000
0000
0000
0000
0000
0000
0000
0000
0000
0000
0000
0000
0000
0330
,
1001
0100
1000
0100
0010
0000
1000
0010
,
1001
0010
0001
0010
0100
0000
1000
0100
,
0011
1000
0100
0010
0001
0000
0001
0010
,
1100
0001
0010
0100
1000
0000
0001
1000
,
0110
0001
1000
0100
0010
0000
1000
0001
,
0110
1000
0001
0010
0100
0000
0001
0100
,
1010
0001
0010
1000
0100
0000
1000
0010
,
0101
1000
0100
0001
0010
0100
0010
0100
,
0001
0010
0100
1000
0001
0010
0100
1000
,
0010
1000
0100
0010
0001
1000
0100
0010
,
0001
0010
0001
0010
0100
1000
0100
1000
,
0001
1000
0001
1000
0100
0010
0100
0010
,
0001
0010
0100
1000
0100
0010
0001
0010
,
0100
1000
0100
0010
0001
0010
0100
1000
,
0001
0010
1000
0100
0010
0001
0100
1000
,
0001
1000
0001
1000
0001
1000
0001
1000
,
0010
0001
0010
0000
1001
0000
1000
0100
,
1000
0000
1000
0100
1000
0000
1000
0100
,
0010
0001
0010
0000
1001
0000
1000
0100
,
1000
0000
1000
0100
1000
0000
0001
0001
,
0001
0000
0010
0100
0010
1000
0100
0100
,
0100
0000
0010
0001
0010
0100
1000
1000
,
1000
0000
0100
0010
0001
0010
0100
1000
,
0100
0010
1001
0000
0110
0000
1001
0000
,
0010
1000
0010
0000
1001
0000
0100
0001
,
0100
0000
0100
0001
0100
0000
0100
0001
,
0010
1000
0010
0000
1001
0000
0100
0001
,
0100
0000
0100
0001
0100
0000
0100
0001
,
0010
0100
1000
0100
0010
0000
0001
1000
,
0100
0010
0001
0010
0100
0000
1000
0001
,
1000
0100
0010
0001
0010
0100
1000
0100
,
0010
0001
1100
0000
0011
0000
1100
0000
,
0001
0010
0100
1000
0011
0000
0010
0100
,
0010
0000
0100
0010
0100
0000
0010
0001
,
1000
0100
0010
0001
1100
0000
0100
0010
,
0100
0000
0010
0100
0010
0000
0100
1000
,
0001
0010
0001
0010
0100
1000
0100
1000
,
0001
1000
0001
1000
0001
1000
0001
1000
,
0110
0000
0000
0110
0000
0000
0110
0110
,
1001
0000
0000
1001
0000
0000
1001
1001
,
0110
0001
1000
0001
1100
0010
0001
1000
,
0011
1000
0100
0010
1001
0010
1000
0001
,
0110
1100
0101
1001
1010
0011
0220
0000
,
0000
0000
0330
0000
,;
