#TITLE:Tougen 0;
#SUBTITLE:;
#ARTIST:Unknown;
#TITLETRANSLIT:;
#SUBTITLETRANSLIT:;
#ARTISTTRANSLIT:;
#CREDIT:;
#BANNER:tougen0bn.png;
#BACKGROUND:TOUGEN0-bg.png;
#LYRICSPATH:;
#CDTITLE:!mwerpTitle.png;
#MUSIC:tougen_0.mp3;
#OFFSET:-8.318;
#SAMPLESTART:40.946;
#SAMPLELENGTH:12.000;
#SELECTABLE:YES;
#BPMS:0.000=160.000;
#STOPS:;
#BGCHANGES:;
// cache tags:
#FIRSTBEAT:0.000;
#LASTBEAT:274.000;
#SONGFILENAME:Songs/All Songs/Tougen 0/tougen0.sm;
#HASMUSIC:1;
#HASBANNER:1;
#MUSICLENGTH:114.372;
// end cache tags

//---------------dance-single - ----------------
#NOTES:
     dance-single:
     :
     Hard:
     10:
     0.828,1.000,0.507,0.052,0.914,599.000,58.000,6.000,0.000,0.000:  // measure 1
0100
0000
0000
0000
0100
0000
0000
0001
0000
0000
1000
0000
0100
0000
0010
0000
,  // measure 2
0001
0010
0000
0000
0001
0000
0000
0001
0000
0000
1000
0000
0000
0000
0000
0000
,  // measure 3
0001
0000
0000
0000
1000
0000
0000
0010
0000
0000
0010
0000
0000
0000
0001
0000
,  // measure 4
1001
0000
0000
0101
0000
1000
1100
0000
,  // measure 5
1001
0000
0010
0000
1100
0000
1000
0001
,  // measure 6
0000
0000
0001
0000
1000
0000
0000
0000
1001
0000
0001
0100
0010
1000
0001
0000
,  // measure 7
0010
0000
0100
1000
0001
0000
0100
0010
1000
0001
0000
0001
1000
0000
0001
0100
,  // measure 8
0010
1000
0001
0010
0100
1000
0001
0100
0010
0000
1000
0000
0000
0000
1000
0000
,  // measure 9
0101
0000
0010
0000
1001
0000
0001
0010
,  // measure 10
0000
0000
0010
0000
0001
0000
0000
0000
0011
0000
0001
0010
0100
1000
0100
0000
,  // measure 11
1000
0000
0010
1000
0100
0000
0010
0001
0100
0001
0000
0001
0100
0000
0001
0010
,  // measure 12
0100
1000
0001
0100
0010
1000
0001
0010
0100
1000
0002
0000
1000
0000
0013
0000
,  // measure 13
0011
0000
0100
0000
1010
0000
0010
1000
,  // measure 14
0000
0000
1000
0000
0010
0000
0000
0000
0101
0000
1000
0100
0010
0001
1000
0000
,  // measure 15
0010
0000
1000
0100
0010
0000
0001
0100
0010
1000
0000
1000
0010
0000
0001
0100
,  // measure 16
0010
1000
0100
0010
0001
0100
0010
1000
0100
0000
0001
0000
0000
0000
0001
0000
,  // measure 17
1010
0000
0010
0000
1001
0000
0100
1000
,  // measure 18
0000
0000
1000
0000
0100
0000
0000
0000
1001
0000
0100
0001
1000
0010
1000
0000
,  // measure 19
0010
0000
1000
0001
0100
0000
0010
1000
0100
0010
0000
0010
0100
0000
0010
0001
,  // measure 20
0100
0010
1000
0100
0010
0001
0100
0010
1100
0000
0000
1001
0000
0000
0011
0000
,  // measure 21
0100
0001
1000
0010
0100
0001
1000
0010
1000
0000
0000
0000
0100
0000
0000
0000
0000
0000
0000
0000
1000
0010
0100
0001
1000
0000
0000
0000
0100
0000
0000
0000
,  // measure 22
0000
0011
1000
0100
1000
0001
0100
0001
,  // measure 23
1000
0100
0010
0001
1000
0100
0010
0001
1000
0000
0000
0000
0001
0000
0010
0000
0100
1000
0001
0010
0100
1000
0001
0010
0100
0000
0000
0000
0001
0000
1000
0000
,  // measure 24
0100
0000
0010
0001
1000
0000
0001
0000
0100
0010
1000
0100
0010
0000
0001
0000
,  // measure 25
0100
0001
1000
0100
0010
0001
1000
0100
0010
0000
0000
0000
0001
0000
0000
0000
0000
0000
0000
0000
0100
0001
1000
0100
1000
0000
0000
0000
0001
0000
0000
0000
,  // measure 26
0000
1001
0100
0001
1000
0100
1000
0010
,  // measure 27
1000
0010
0100
0001
1000
0010
0100
0001
1000
0000
0000
0000
0001
0000
0100
0000
0001
0000
0000
0000
0010
0000
0000
0000
0100
0000
1000
0000
0100
0000
0000
0000
,  // measure 28
0000
0000
0000
0000
1000
0000
0010
0000
1000
0000
0000
0000
0100
0000
0000
0000
1000
0001
0100
0010
1000
0001
0100
0010
1000
0000
0000
0000
0000
0000
0000
0000
,  // measure 29
0001
0010
0100
1000
0001
0010
0100
1000
0001
0000
0000
0000
0010
0000
0000
0000
0000
0000
0000
0000
0010
0001
1000
0100
0010
0000
0000
0000
0100
0000
0000
0000
,  // measure 30
0000
1010
1000
0100
1000
0001
0100
0001
,  // measure 31
1000
0001
0100
0010
1000
0001
0100
0010
1000
0000
0000
0000
0001
0000
0010
0000
0100
1000
0001
0010
0100
1000
0001
0010
0100
0000
0000
0000
0001
0000
1000
0000
,  // measure 32
0100
0000
0010
0001
1000
0000
0001
0000
0100
0010
1000
0100
0010
0000
0001
0000
,  // measure 33
0100
0010
1000
0001
0100
0010
1000
0001
1000
0000
0000
0000
0100
0000
0000
0000
0000
0000
0000
0000
1000
0001
0010
0100
0010
0000
0000
0000
0100
0000
0000
0000
,  // measure 34
0000
0110
0100
0001
1000
0100
1000
0010
,  // measure 35
1000
0001
0010
0100
1000
0001
0010
0100
1000
0000
0000
0000
0001
0000
0100
0000
0001
0000
0000
0000
0010
0000
0000
0000
0100
0000
1000
0000
0100
0000
0000
0000
,  // measure 36
0000
0000
1000
0010
1000
0000
0100
0000
1000
0000
1000
0000
0001
0000
0100
0000
,  // measure 37
0010
1000
0100
0000
0000
0000
0000
0000
0000
0000
0000
0000
0000
0000
0000
0000
1010
0000
0000
0000
0000
0000
0000
0000
0000
0000
0000
0000
0000
0000
0000
0000
,  // measure 38
0110
0000
0000
0000
0000
0000
0000
0000
0100
0000
0000
0000
0001
0000
0000
0000
1000
0001
0100
0000
0000
0000
0000
0000
0000
0000
0000
0000
0001
0000
0000
0000
,  // measure 39
1001
0000
0000
0000
0000
0000
0000
0000
0000
0000
0000
0000
0000
0000
0000
0000
0011
0000
0000
0000
0000
0000
0000
0000
0000
0000
0000
0000
0000
0000
0000
0100
,  // measure 40
0001
0000
0000
0000
0000
0000
0000
0001
1000
0000
0000
0000
0000
0000
0000
1000
0010
0000
0000
0000
0000
0000
0000
0010
0100
0000
0000
0000
0001
0000
0000
0000
,  // measure 41
0010
0000
0011
0000
,  // measure 42
1010
0000
0000
0000
0000
0000
0000
0000
1000
0000
0000
0000
0100
0000
0000
0000
0010
0100
1000
0000
0000
0000
0000
0000
0000
0000
0000
0000
0100
0000
0000
0000
,  // measure 43
0011
0000
0000
0000
1001
0000
0100
1000
,  // measure 44
0200
0000
0001
0000
0320
0000
0030
1000
,  // measure 45
0001
0100
0010
0000
0000
0000
0000
0000
0000
0000
0000
0000
0000
0000
0000
0000
0110
0000
0000
0000
0000
0000
0000
0000
0000
0000
0000
0000
0000
0000
0000
0000
,  // measure 46
0011
0000
0000
0000
0000
0000
0000
0000
0001
0000
0000
0000
0100
0000
0000
0000
0010
1000
0100
0000
0000
0000
0000
0000
0000
0000
0000
0000
0001
0000
0000
0000
,  // measure 47
1001
0000
0000
0000
0000
0000
0000
0000
0000
0000
0000
0000
0000
0000
0000
0000
0011
0000
0000
0000
0000
0000
0000
0000
0000
0000
0000
0000
0000
0000
0000
0010
,  // measure 48
0001
0000
0000
0000
0000
0000
0000
0001
0100
0000
0000
0000
0000
0000
0000
0100
0010
0000
0000
0000
0000
0000
0000
0010
1000
0000
0000
0000
0100
0000
0000
0000
,  // measure 49
0001
0000
0000
0000
1010
0000
0000
0100
,  // measure 50
0101
0000
0000
0000
0000
0000
0000
0000
0001
0000
0000
0000
0100
0000
0000
0000
1000
0100
0001
0000
0000
0000
0000
0000
0000
0000
0000
0000
0100
0000
0000
0000
,  // measure 51
0110
0000
1001
1010
,  // measure 52
0101
0000
0000
0011
0000
0110
0000
0000
,  // measure 53
1001
0000
0010
0000
1010
0000
1000
0010
,  // measure 54
0000
0000
0010
0000
1000
0000
0000
0000
1001
0000
0100
0010
1000
0001
0100
0000
,  // measure 55
0010
0000
1000
0100
0010
0000
0001
1000
0100
0010
0000
0010
0100
0000
1000
0010
,  // measure 56
0100
0001
1000
0010
0100
0001
1000
0010
0100
0000
0001
0000
0000
0000
0001
0000
,  // measure 57
1100
0000
0010
0000
0110
0000
0001
1000
,  // measure 58
0000
0000
1000
0000
0001
0000
0000
0000
0110
0000
0100
1000
0100
0010
0100
0000
,  // measure 59
1000
0000
0001
0100
0010
0000
1000
0100
0010
0100
0000
0100
1000
0000
0010
0100
,  // measure 60
0001
1000
0100
0010
0001
1000
0010
0100
0002
0000
1000
0000
0013
0000
0000
0000
,  // measure 61
0011
0000
0100
0000
1001
0000
0010
0001
,  // measure 62
0000
0000
0001
0000
0010
0000
0000
0000
0001
0000
1000
0100
1000
0001
1000
0000
,  // measure 63
0010
0000
1000
0001
0100
0000
0010
1000
0100
0010
0000
1000
0001
0000
0001
0010
,  // measure 64
0100
1000
0001
0010
0100
1000
0001
0010
0100
0000
1000
0000
0000
0000
1000
0000
,  // measure 65
0101
0000
0010
0000
1100
0000
1000
0010
,  // measure 66
0000
0000
0010
0000
1000
0000
0000
0000
0101
0000
0001
0010
0100
1000
0001
0000
,  // measure 67
0110
0000
1000
0001
0010
0000
0100
1000
0001
0100
0000
0100
0001
0000
1000
0001
,  // measure 68
0100
0010
1000
0001
0100
0010
1000
0001
0110
0000
0000
0101
0000
0000
1010
0000
,  // measure 69
2002
0000
3003
0000
;
