#TITLE:Big Blue;
#SUBTITLE:;
#ARTIST:S.S.H.;
#TITLETRANSLIT:;
#SUBTITLETRANSLIT:;
#ARTISTTRANSLIT:;
#CREDIT:;
#BANNER:Big_Blue.png;
#BACKGROUND:Big_Blue-bg.png;
#LYRICSPATH:;
#CDTITLE:!duktitle.png;
#MUSIC:Big_Blue.mp3;
#OFFSET:0.420;
#SAMPLESTART:37.500;
#SAMPLELENGTH:10.000;
#SELECTABLE:YES;
#BPMS:0.000=113.000;
#STOPS:;
#BGCHANGES:;
// cache tags:
#FIRSTBEAT:2.000;
#LASTBEAT:234.000;
#SONGFILENAME:Songs/All Songs/Duk Amok - Big Blue/Big_Blue.sm;
#HASMUSIC:1;
#HASBANNER:1;
#MUSICLENGTH:126.589;
// end cache tags

//---------------dance-single - ----------------
#NOTES:
     dance-single:
     :
     Hard:
     12:
     1.000,1.000,1.000,0.032,1.000,863.000,259.000,4.000,0.000,0.000:  // measure 1
0000
0000
0000
0000
0001
0001
0001
0100
,  // measure 2
1001
0000
0000
0000
0110
0000
0000
0000
1000
0010
0000
0000
1010
0000
1100
0000
0000
0000
0100
0000
0110
0000
0000
0000
0000
0000
0010
0000
0110
0000
0000
0000
,  // measure 3
0011
0000
0000
0000
1001
0000
0000
0000
0001
0000
0001
0000
0110
0000
1100
0000
0000
0000
0010
0001
1100
0000
0000
0000
0000
0000
0010
0100
1001
0000
0000
0000
,  // measure 4
1010
0000
0000
0000
0101
0000
0000
0000
1000
0100
0000
0000
0101
0000
0110
0000
0000
0000
0100
0000
0101
0000
0000
0000
0010
0000
0000
0000
0101
0000
0000
0000
,  // measure 5
1100
0000
0000
0000
0101
0000
0000
0000
0010
0000
0100
0000
1001
0000
0011
0000
0000
0000
0100
0001
1000
0000
0010
0000
0100
0000
0010
0000
1000
0000
0100
0000
,  // measure 6
0110
0000
0101
0000
0000
0100
1001
0011
0000
0100
1100
0000
0001
0000
0101
0000
,  // measure 7
1010
1000
0110
0000
0000
0001
0110
0011
0000
0001
0010
0100
0000
1000
0100
1000
,  // measure 8
1001
0000
0000
0000
0101
0000
0000
0000
0001
0100
0000
0000
1010
0000
1100
0000
0000
0000
1000
0000
1100
0000
0000
0000
0110
0000
0000
0011
0000
0000
0101
0000
,  // measure 9
0110
0000
0110
0000
1001
0000
0000
0000
0101
0000
0001
0000
1010
0000
1100
0000
0001
0010
0100
1000
0001
0010
0100
1000
0100
0010
0001
1000
0100
0010
0001
1000
,  // measure 10
0010
0000
0101
0000
0100
0110
0000
0010
1010
0000
1000
1001
0000
0001
0101
0000
,  // measure 11
0001
0010
0110
0000
0100
1100
0000
0110
0000
0101
0000
1000
1100
0000
0100
0010
,  // measure 12
0101
0000
0011
0000
0010
0110
0000
1000
1001
0000
0001
0101
0000
0100
0110
0000
,  // measure 13
0010
1000
1010
0000
1000
1001
0000
0011
0000
0110
0000
0010
0001
1000
0010
0100
,  // measure 14
0001
1000
0100
0000
1000
0001
0010
0000
0001
0000
0100
0000
0010
0000
1000
0000
0000
0000
0100
0010
0001
0000
0100
0000
0001
0000
1000
0000
0110
0000
0000
0000
,  // measure 15
0001
0010
0100
0000
1000
0100
0010
0000
0001
0000
1100
0000
0010
0000
1100
0000
0010
0000
0100
0000
0110
0000
0000
0000
0001
0010
0100
0000
0010
0000
0001
0000
,  // measure 16
1001
0000
1000
1010
0000
0010
0100
0001
0011
0000
0010
0110
0000
0010
0001
1000
,  // measure 17
1010
0000
0000
1000
0000
0000
1100
0000
0000
0100
0000
0000
0110
0000
0000
0010
0000
0000
1001
0000
0000
0100
0000
0000
1010
0000
0000
1010
0000
0000
0000
0000
0000
0000
0000
0000
1100
0000
0000
0000
0011
0000
0000
0000
0101
0000
0000
0000
,  // measure 18
1001
0000
0011
0000
0100
1000
0011
0000
0100
0000
0011
1000
0000
0100
1010
0000
,  // measure 19
0101
0000
0000
0010
0000
0000
1100
0000
0000
0001
0000
0000
0100
0000
0000
0010
0000
0000
1001
0000
0000
0000
0000
0000
1010
0000
0100
0000
0001
0000
0010
0000
0000
0100
0000
0000
0010
0000
0000
0001
0000
0000
0100
0000
0000
0001
0000
0000
,  // measure 20
1100
0010
0001
1000
0101
0000
1010
0000
0011
0000
0110
1000
0000
0010
1100
0000
,  // measure 21
0011
0000
0100
0000
1000
0000
0001
0000
1100
0000
0010
0000
1000
0000
0100
0000
0010
0000
0001
0000
1001
0000
0010
0000
0000
0000
1000
0100
0011
0000
0000
0000
,  // measure 22
0101
0000
0010
0000
1100
0000
0001
0000
0110
0000
1000
0000
0011
0000
0100
0000
1001
0000
0000
0000
0101
0000
0010
0000
1000
0100
1000
0000
0011
0000
0100
0000
,  // measure 23
1010
0001
0110
1000
0011
0100
1001
0110
0000
0010
1000
0100
0010
0001
0100
0010
,  // measure 24
0001
0010
0100
0001
0010
0100
0001
0010
0100
0001
0010
0100
2000
0000
3020
0000
,  // measure 25
1030
0000
0100
0000
0010
0000
1000
0000
0100
0000
0010
0000
1000
0000
0100
0000
0010
0000
1000
0000
0100
0000
0010
0000
0001
1000
0010
0000
0100
0001
0010
0000
,  // measure 26
0001
0010
0100
1000
0010
1000
0001
0010
0100
1000
0001
0100
0010
1000
0010
0100
0001
0010
0100
1000
0100
0010
0001
0100
,  // measure 27
0010
0000
1100
0010
0000
1000
0101
0010
0110
0000
1100
0000
0101
0100
0010
1010
,  // measure 28
0000
0000
0000
0000
0000
0000
0101
0000
0000
0000
0000
0000
1100
0000
0000
0000
0011
0000
0000
0000
0110
0000
0000
0000
1010
0000
0000
0000
0000
0000
1000
0000
0000
1001
0000
0000
0000
0000
0000
0001
0000
0000
0100
0000
0000
0010
0000
0000
,  // measure 29
0100
0000
0000
0000
0000
0000
0000
0000
0000
0000
0000
0000
0010
0000
0000
0000
0000
0000
0000
0000
0000
0000
0000
0000
0110
0000
0000
0000
0000
0000
0000
0000
0000
0000
0000
0000
0100
0000
0000
0000
0000
0000
0000
0000
0000
0000
0000
0000
0110
0000
0000
0000
0000
0000
0000
0000
0000
0000
0000
0000
0000
0000
0000
0000
0101
0000
0000
0000
0000
0000
0000
0000
0000
0000
0000
0000
0000
0000
0000
0000
0011
0000
0000
0000
0000
0000
0000
0000
0000
0000
0000
0000
0000
0000
0000
0000
1100
0000
0000
0000
0000
0000
0000
0000
0000
0000
0000
0000
0001
0000
0000
0000
0000
0000
0000
0000
0000
0000
0000
0000
0100
0000
0000
0000
0000
0000
0000
0000
0000
0000
0000
0000
0010
0000
0000
0000
0000
0000
0000
0000
0000
0000
0000
0000
1000
0000
0000
0000
0000
0000
0000
0000
0000
0000
0000
0000
0100
0000
0000
0000
0000
0000
0010
0000
0000
0000
0000
0000
0001
0000
0000
0000
0000
0000
0100
0000
0000
0000
0000
0000
0010
0000
0000
0000
0000
0000
0000
0000
0000
0000
0000
0000
,  // measure 30
1001
0100
0001
0010
0100
0010
0101
0011
0100
1000
0010
0100
0001
0010
0100
0010
,  // measure 31
1100
0000
0001
0000
0100
0000
0010
0000
1000
0000
0001
0000
0110
0000
0011
0000
0100
0000
1000
0001
0010
0000
0100
0000
0001
0000
0100
0001
0010
0000
1000
0000
,  // measure 32
0101
1000
0010
0100
0001
0100
1010
0110
0001
0010
0100
1000
0001
0100
0010
1000
,  // measure 33
0011
0100
0010
0001
0010
0100
1001
1100
0001
0011
0101
0110
1010
1100
1010
0110
,  // measure 34
0101
0000
0101
0000
0010
0100
1001
1100
0010
0101
0000
0001
1010
0000
1000
0010
,  // measure 35
0101
0000
0011
0000
0100
1000
0110
1100
0001
1000
0100
0010
0000
0001
0010
0001
,  // measure 36
1001
0000
0000
0000
0101
0000
0000
0000
1100
0000
0010
0000
0101
0000
0011
0000
0000
0000
0100
0000
0001
0000
1000
0000
0110
0000
0000
1100
0000
0000
1010
0000
,  // measure 37
0110
0000
0110
0000
0001
0000
0010
0000
0100
0000
1000
0000
0101
0000
0011
0100
1000
0100
0010
0001
0010
0100
1000
0100
0010
0001
0010
0100
1000
0001
0010
0100
,  // measure 38
1000
0000
1001
0010
0001
0101
0010
0100
0110
1000
0100
0011
0100
0001
1100
0010
,  // measure 39
1000
0000
0010
0000
0101
0000
1000
0000
0100
0000
1001
0000
0010
0000
1001
0000
0000
0000
0110
0000
0000
0000
1000
0000
0110
0000
0001
1000
0100
0000
0010
0000
,  // measure 40
0101
0000
1010
0000
1000
0101
0000
0010
0101
1000
0100
0011
0100
0010
1001
0010
,  // measure 41
1000
0000
0001
0000
0101
0000
0100
0000
0100
0000
0110
0000
0010
0000
1010
0000
0000
0000
1100
0000
0000
0000
0010
0000
0011
0000
0001
0010
0100
0000
1000
0000
,  // measure 42
0010
0100
1000
0000
0100
1000
0010
0000
0100
0000
0010
0000
1000
0000
1010
0000
0000
0000
0100
0000
0101
0000
0000
0000
0000
0000
0010
0100
0010
0000
0001
0000
,  // measure 43
0100
0010
1000
0000
0100
0010
0001
0000
1000
0000
0100
0000
0010
0000
1001
0000
0000
0000
0100
0000
1001
0000
0000
0000
0000
0000
0010
0001
1000
0000
0010
0000
,  // measure 44
0100
0010
0100
1001
0000
1100
0010
0100
0001
0000
1010
0110
0000
0010
0001
0110
,  // measure 45
0000
0000
0000
0000
0000
0000
0000
0000
0000
0000
0000
0000
0101
0000
0000
0000
0000
0000
0000
0000
0000
0000
0000
0000
1000
0000
0000
0000
0000
0000
0000
0000
0000
0000
0000
0000
0110
0000
0000
0000
0000
0000
0000
0000
0000
0000
0000
0000
0000
0000
0000
0000
0000
0000
0000
0000
0000
0000
0000
0000
0000
0000
0000
0000
0000
0000
0000
0000
0000
0000
0000
0000
0100
0000
0000
0000
0000
0000
0001
0000
0000
0000
0000
0000
0010
0000
0000
0000
0000
0000
0100
0000
0000
0000
0000
0000
1001
0000
0000
0000
0000
0000
0000
0000
0000
0000
0000
0000
1001
0000
0000
0000
0000
0000
0000
0000
0000
0000
0000
0000
0000
0000
0000
0000
0000
0000
0000
0000
0000
0000
0000
0000
0000
0000
0000
0000
0000
0000
0000
0000
0000
0000
0000
0000
0101
0000
0000
0000
0000
0000
0000
0000
0000
0000
0000
0000
0000
0000
0000
0000
1010
0000
0000
0000
0000
0000
0000
0000
0000
0000
0000
0000
0000
0000
0000
0000
1100
0000
0000
0000
0000
0000
0000
0000
0000
0000
0000
0000
0000
0000
0000
0000
,  // measure 46
0101
0000
0010
0000
0101
0000
0010
0000
1100
0000
0000
0000
0011
0000
0000
0000
0110
0000
1000
0000
0001
0000
0101
0000
0000
0000
0100
1000
0100
0000
0010
0000
,  // measure 47
0101
0000
1000
0000
0010
0000
1100
0000
0000
0000
0101
0000
0010
0000
0100
0000
1000
0000
0010
0100
0001
0000
0010
0000
0100
0000
1000
0000
0101
0000
0000
0000
,  // measure 48
1000
0010
0100
0011
1000
0000
0101
0000
0110
0000
1010
0101
0000
1000
0011
0100
,  // measure 49
0011
0000
0000
0000
0000
0000
0000
0000
1000
0000
0000
0000
0000
0000
0000
0000
0100
0000
0000
0000
0000
0000
0000
0000
1010
0000
0000
0000
0000
0000
0000
0000
0001
0000
0000
0000
0000
0000
0000
0000
0010
0000
0000
0000
0000
0000
0000
0000
0101
0000
0000
0000
0000
0000
0000
0000
1000
0000
0000
0000
0000
0000
0000
0000
0010
0000
0000
0000
0000
0000
0000
0000
1100
0000
0000
0000
0000
0000
0000
0000
0010
0000
0000
0000
0000
0000
0000
0000
0100
0000
0000
0000
0000
0000
0000
0000
1001
0000
0000
0000
0000
0000
0000
0000
0010
0000
0000
0000
0000
0000
0000
0000
0100
0000
0000
0000
0000
0000
0000
0000
1001
0000
0000
0000
0000
0000
0000
0000
0000
0000
0000
0000
0010
0000
0000
0000
0000
0000
0000
0000
0000
0000
0000
0000
0100
0000
0000
0000
0000
0000
0000
0000
0000
0000
0000
0000
0001
0000
0000
0000
0000
0000
1000
0000
0000
0000
0000
0000
0101
0000
0000
0000
0000
0000
0000
0000
0000
0000
0000
0000
0010
0000
0000
0000
0000
0000
0000
0000
0000
0000
0000
0000
,  // measure 50
1001
0000
0100
0000
1001
0000
0010
0000
1001
0000
0100
0000
0011
0000
1100
0000
0000
0000
0000
0000
0101
0000
0010
0000
0100
1000
0001
0000
0100
0000
0010
0000
,  // measure 51
1100
0000
0010
0000
0010
0000
0101
0000
0010
0000
0010
0000
1000
0000
0101
0000
0000
0000
0010
0000
0001
0010
0001
0000
0110
0000
0010
0000
1001
0000
0100
0000
,  // measure 52
1000
0010
1000
0001
0100
0001
1000
0010
1000
0001
0100
0001
0010
0001
0010
0100
1000
0100
0010
0001
0100
0010
1000
0100
,  // measure 53
0010
0000
0000
0000
0000
0000
0000
0000
0001
0000
0000
0000
0000
0000
0000
0000
1000
0000
0000
0000
0000
0000
0000
0000
0100
0000
0000
0000
0000
0000
0000
0000
0010
0000
0000
0000
0000
0000
0000
0000
0100
0000
0000
0000
0000
0000
0000
0000
1000
0000
0000
0000
0000
0000
0000
0000
0001
0000
0000
0000
0000
0000
0000
0000
0100
0000
0000
0000
0000
0000
0000
0000
0010
0000
0000
0000
0000
0000
0000
0000
0100
0000
0000
0000
0000
0000
0000
0000
0001
0000
0000
0000
0000
0000
0000
0000
0010
0000
0000
0000
0000
0000
0000
0000
0000
0000
0000
0000
0100
0000
0000
0000
0000
0000
0000
0000
0000
0000
0000
0000
1000
0000
0000
0000
0000
0000
0000
0000
0000
0000
0000
0000
0010
0000
0000
0000
0000
0000
0000
0000
0000
0000
0000
0000
0100
0000
0000
0000
0000
0000
0001
0000
0000
0000
0000
0000
0010
0000
0000
0000
0000
0000
0100
0000
0000
0000
0000
0000
1000
0000
0000
0000
0000
0000
0000
0000
0000
0000
0000
0000
0001
0000
0000
0000
0000
0000
0000
0000
0000
0000
0000
0000
,  // measure 54
1000
0100
1000
0100
0010
0100
0010
0001
0010
0001
0100
0001
0010
0100
0010
0100
1000
0100
1000
0001
1000
0010
0100
0010
,  // measure 55
1001
0000
0001
0110
0000
0100
1000
0001
0100
0010
1001
0010
0100
0010
1001
0100
,  // measure 56
0010
0000
0001
0000
0010
0000
0101
0000
0000
0000
1000
0000
0001
0000
0100
0000
0010
0000
1000
0000
0101
0000
0010
0000
0100
1000
0001
0000
0010
0000
0001
0000
,  // measure 57
0110
0000
0000
1000
0000
0000
0101
0000
0000
0000
0000
0000
0110
0000
0000
0000
1010
0000
0000
0000
1100
0000
0000
0000
1001
0000
0000
0100
0000
0000
1000
0000
0000
0011
0000
0000
0100
0000
0000
0001
0000
0000
0110
0000
0000
0100
0000
0000
,  // measure 58
1000
0001
1000
0001
0100
0010
0100
0010
1000
0100
0010
0001
0010
0100
1000
0010
0100
0000
0010
0000
0100
0000
0001
0000
0010
0000
0101
0000
0000
0000
2002
0000
,  // measure 59
0000
0000
0000
0000
0000
0000
0000
0000
0000
0000
0000
0000
0003
0000
0001
0010
3100
0000
0000
0000
0000
0000
0000
0000
0000
0000
0000
0000
0000
0000
0000
0000
;
