#TITLE:K8107;
#SUBTITLE:;
#ARTIST:onoken;
#TITLETRANSLIT:;
#SUBTITLETRANSLIT:;
#ARTISTTRANSLIT:;
#CREDIT:;
#BANNER:k8107.png;
#BACKGROUND:K8107-bg.png;
#LYRICSPATH:;
#CDTITLE:!skorTitle.png;
#MUSIC:k8107.mp3;
#OFFSET:-0.065;
#SAMPLESTART:55.186;
#SAMPLELENGTH:12.000;
#SELECTABLE:YES;
#BPMS:0.000=180.000,84.000=90.000,88.000=180.000,152.000=90.000,160.000=180.000,224.000=90.000,226.000=180.000,322.000=90.000;
#STOPS:;
#BGCHANGES:;
// cache tags:
#FIRSTBEAT:4.000;
#LASTBEAT:330.250;
#SONGFILENAME:Songs/All Songs/k8107/k8107.sm;
#HASMUSIC:1;
#HASBANNER:1;
#MUSICLENGTH:119.894;
// end cache tags

//---------------dance-single - ----------------
#NOTES:
     dance-single:
     :
     Hard:
     11:
     1.000,1.000,1.000,0.300,1.000,866.000,168.000,36.000,0.000,0.000:  // measure 1
0000
0000
0000
0000
,  // measure 2
1000
1000
0000
0000
0001
0100
0010
1000
,  // measure 3
0100
0010
0000
0000
0001
0001
0000
0000
,  // measure 4
0100
0100
0000
0000
0010
1000
0001
0010
,  // measure 5
0001
1000
0000
0000
0001
0001
0000
0000
,  // measure 6
0010
0010
0000
0000
0100
0010
0001
0100
,  // measure 7
0010
1000
0100
0010
0001
0001
0000
0000
,  // measure 8
0010
0010
0000
0000
0100
0010
1000
0100
,  // measure 9
0010
0100
1000
0010
0100
0100
0000
0000
,  // measure 10
0010
0010
0000
0000
0100
0010
1000
0100
,  // measure 11
1000
0010
0100
0001
0100
0100
0000
0000
,  // measure 12
0001
0001
0000
0000
0100
0010
1000
0100
,  // measure 13
0001
0100
1000
0001
0100
0100
0000
0000
,  // measure 14
0011
0000
0000
1100
0000
0000
0110
0000
0000
0000
1001
0000
0000
0000
0100
0000
,  // measure 15
0011
0000
0000
1001
0000
0000
1100
0000
0000
0000
1010
0000
0100
0000
0010
0000
,  // measure 16
0101
0000
0000
1100
0000
0000
0110
0000
0000
0000
1010
0000
0000
0000
0101
0000
,  // measure 17
0110
0000
0000
1010
0000
0000
0101
0000
0000
0000
1000
0000
0101
0000
0000
0000
,  // measure 18
1010
0000
0000
0110
0000
0000
0101
0000
0110
0000
1010
0000
0000
0000
0101
0000
,  // measure 19
1001
0000
0000
1010
0000
0000
0101
0000
1010
0000
1001
0000
0110
0000
0101
0000
,  // measure 20
1001
0000
0000
0110
0000
0000
0101
0000
0000
0000
0101
0000
0000
0000
1100
0000
,  // measure 21
0011
0000
0000
1001
0000
0000
1010
0000
0110
0000
1001
0000
0011
0000
0000
0000
,  // measure 22
2002
3003
0000
0000
,  // measure 23
1000
0100
1000
0100
1000
0100
1000
0100
0010
0010
0010
0010
0001
0001
0001
0001
,  // measure 24
0100
0010
0100
0010
0100
0010
0100
0010
1000
1000
1000
1000
0100
0100
0100
0100
,  // measure 25
0010
0001
0010
0001
0010
0001
0010
0001
0100
0100
0100
0100
1000
1000
1000
1000
,  // measure 26
0100
0010
0100
0010
0100
0010
0100
0010
1000
1000
1000
1000
0100
0100
0100
0100
,  // measure 27
0001
0100
0001
0100
0001
0100
0001
0100
0010
0010
0010
0010
1000
1000
1000
1000
,  // measure 28
0100
0010
0100
0010
0100
0010
0100
0010
0001
0001
0001
0001
0100
0100
0100
0100
,  // measure 29
0010
1000
0001
1000
0010
1000
0001
1000
0100
1000
0001
1000
0100
1000
0001
1000
,  // measure 30
0100
0010
0100
1000
0100
0010
0100
1000
0001
0100
0010
0100
0001
0100
0010
0100
,  // measure 31
1001
0010
0001
0010
0001
0010
0001
0010
0100
0100
0100
0100
0010
0010
0010
0010
,  // measure 32
1000
0100
1000
0100
1000
0100
1000
0100
0010
0010
0010
0010
0001
0001
0001
0001
,  // measure 33
0101
0010
0001
0010
0001
0010
0001
0010
0100
0100
0100
0100
0010
0010
0010
0010
,  // measure 34
0001
0100
0001
0100
0001
0100
0001
0100
0010
0010
0010
0010
1000
1000
1000
1000
,  // measure 35
1001
0010
0100
0010
0100
0010
0100
0010
1000
1000
1000
1000
0001
0001
0001
0001
,  // measure 36
0010
0100
0010
0100
0010
0100
0010
0100
1000
1000
1000
1000
0100
0100
0100
0100
,  // measure 37
0011
1000
0001
1000
0010
1000
0001
1000
0100
1000
0001
1000
0100
1000
0001
1000
,  // measure 38
0010
0100
0010
1000
0010
0100
0010
1000
0001
0010
0100
0010
0001
0010
0100
0010
,  // measure 39
1002
1000
0000
1000
0000
1000
0000
1000
0000
0010
0000
0010
0000
0100
0000
0100
,  // measure 40
0000
1000
0000
1000
0000
1000
0000
1000
0000
0010
0000
1000
0000
1000
0003
1000
,  // measure 41
1001
1010
1001
1010
1001
1010
1001
1010
,  // measure 42
2002
0000
0000
3003
0110
0000
1001
0000
,  // measure 43
0110
0101
0110
0101
0110
0101
0110
0101
,  // measure 44
0220
0000
0000
0330
1010
0000
0101
0000
,  // measure 45
0011
1100
0011
1100
0011
1100
0011
1100
,  // measure 46
0022
0000
0000
0033
0101
0000
0110
0000
,  // measure 47
1010
0101
1010
0101
1010
0101
1010
0101
,  // measure 48
2020
0000
0000
3030
0110
0000
0101
0000
,  // measure 49
0011
0101
0011
0101
0011
0101
0011
0101
,  // measure 50
0022
0000
0000
0033
0110
0000
0101
0000
,  // measure 51
1010
1100
1010
1100
1010
1100
1010
1100
,  // measure 52
2020
0000
0000
3030
1001
0000
1001
0000
,  // measure 53
0110
0101
0110
1010
0110
0101
0110
1010
,  // measure 54
0220
0000
0000
0330
1010
0000
0101
0000
,  // measure 55
1001
0110
1001
0110
1001
0110
1001
0110
,  // measure 56
2002
0000
0000
3003
1010
0000
0101
0000
,  // measure 57
2002
0000
0000
0000
0000
0000
3003
0000
1001
0100
0010
0001
1000
0100
0010
0001
,  // measure 58
1000
0010
0100
0001
1000
0010
0100
0010
1001
0010
0100
0010
1000
0010
0100
0010
,  // measure 59
1000
0100
0010
0001
1000
0100
0010
0100
1001
0010
0100
0010
0001
0010
0100
0010
,  // measure 60
0001
0100
0010
1000
0001
0010
0100
0010
1001
0100
0010
0100
1000
0100
0010
0001
,  // measure 61
0100
0010
0100
0001
0010
0000
1001
0000
1001
0100
0010
0100
0001
0100
1000
0010
,  // measure 62
0100
0001
0010
0100
1000
0010
0100
0010
1001
0010
0100
0010
1000
0010
0100
0001
,  // measure 63
0010
0100
1000
0100
0010
0001
0100
0010
1001
0100
0010
0100
1001
0010
0100
0010
,  // measure 64
0101
1000
0011
1000
0101
1000
0011
1000
0101
0000
0100
0000
1001
0000
0010
0000
,  // measure 65
0110
0000
0100
0000
1001
0000
0010
0000
1001
0100
1000
0100
1000
0100
1000
0100
,  // measure 66
0011
0010
0010
0010
0100
0100
0100
0100
1000
0001
1000
0001
1000
0001
1000
0001
,  // measure 67
0110
0010
0010
0010
0100
0100
0100
0100
0010
0001
0010
0001
0010
0001
0010
0001
,  // measure 68
1100
1000
1000
1000
0100
0100
0100
0100
0010
0100
0010
0100
0010
0100
0010
0100
,  // measure 69
1001
1000
1000
1000
0001
0001
0001
0001
0010
0100
0010
0100
0010
0100
0010
0100
,  // measure 70
1001
1000
1000
1000
0100
0100
0100
0100
0010
0001
0010
0001
0010
0001
0010
0001
,  // measure 71
1100
0100
0100
0100
0010
0010
0010
0010
0001
0100
0010
0100
0001
0100
0010
0100
,  // measure 72
1001
0010
0100
1000
0100
0010
0100
1000
0010
0100
0010
0100
0010
0100
0010
0100
,  // measure 73
1001
0100
0010
0001
1000
0100
0010
0001
1010
0100
1000
0100
1000
0100
1000
0100
,  // measure 74
0010
0001
0010
0001
1000
0100
1000
0100
0010
0100
0010
0100
0010
0100
0010
0100
,  // measure 75
1000
0100
1000
0100
0010
0001
0010
0001
1001
0100
0001
0100
0001
0100
0001
0100
,  // measure 76
0010
1000
0010
1000
0001
1000
0001
1000
0010
0100
0010
0100
0010
0100
0010
0100
,  // measure 77
0001
1000
0001
1000
0100
0010
0100
0010
1001
0100
1000
0100
1000
0100
1000
0100
,  // measure 78
0010
0001
0010
0001
0100
0010
0100
0010
1000
0010
1000
0010
1000
0010
1000
0010
,  // measure 79
0100
0001
0100
0001
0010
0100
0010
0100
1001
0010
0001
0100
0010
1000
0100
0010
,  // measure 80
0001
0010
0100
1000
0010
0100
0001
1000
0010
0100
0001
0100
0010
1000
0100
0001
,  // measure 81
0100
1000
0001
0100
1000
0100
0001
0100
1002
0000
2000
0003
0002
3000
2000
0003
,  // measure 82
0002
3000
2000
0003
0002
3000
1000
0003
0120
0000
0200
0030
0020
0300
0200
0030
,  // measure 83
0020
0300
0200
0030
0020
0300
0200
0000
0000
0330
0000
0000
0000
0000
0000
0000
;
