#TITLE:One Winged Angel;
#SUBTITLE:;
#ARTIST:植松伸夫;
#TITLETRANSLIT:;
#SUBTITLETRANSLIT:;
#ARTISTTRANSLIT:Nobuo Uematsu;
#CREDIT:;
#BANNER:onewingedangel-bn.png;
#BACKGROUND:onewingedangel-bg.png;
#LYRICSPATH:;
#CDTITLE:!a0Title.png;
#MUSIC:onewingedangel.mp3;
#OFFSET:-4.710;
#SAMPLESTART:18.700;
#SAMPLELENGTH:13.700;
#SELECTABLE:YES;
#BPMS:0.000=120.000;
#STOPS:;
#BGCHANGES:;
// cache tags:
#FIRSTBEAT:0.000;
#LASTBEAT:205.500;
#SONGFILENAME:Songs/All Songs/One Winged Angel/onewingedangel.sm;
#HASMUSIC:1;
#HASBANNER:1;
#MUSICLENGTH:108.152;
// end cache tags

//---------------dance-single - ----------------
#NOTES:
     dance-single:
     :
     Hard:
     12:
     1.000,1.000,1.000,0.749,0.915,593.000,184.000,81.000,0.000,0.000:  // measure 1
0011
0000
1010
0000
1001
0100
0101
0000
0011
0000
1010
0000
1100
0000
0101
0000
,  // measure 2
0011
0000
1010
0000
1001
0100
0101
0000
0011
0000
1010
0000
1100
0000
0101
0000
,  // measure 3
0021
0130
0120
0130
0021
0130
0120
0130
,  // measure 4
0021
0130
0120
0130
0021
0130
0021
0130
,  // measure 5
0001
0000
0100
0000
0010
0000
1000
0000
0001
0100
0001
0000
1000
0000
0010
0100
0010
0000
1000
0000
0001
0010
0001
0000
0100
0000
0010
0000
1000
0000
0001
0000
0100
0010
0100
0000
0001
0000
1000
0010
1000
0000
0001
0000
0100
0001
0100
0000
,  // measure 6
0001
0000
0100
0000
0010
0000
1000
0000
0001
0100
0001
0000
1000
0000
0010
0100
0010
0000
1000
0000
0001
0010
0001
0000
0100
0000
0010
0000
1000
0000
0001
0000
0100
0010
0100
0000
0001
0000
1000
0010
1000
0000
0001
0000
0100
0001
0100
0000
,  // measure 7
2002
0000
0000
0000
0000
0000
0000
3003
,  // measure 8
1002
0000
1003
0100
1100
0000
0100
1000
1100
0100
0110
0000
1100
0000
2000
3001
,  // measure 9
1001
1000
1010
0000
0110
0000
0200
0301
0101
0100
0110
0000
0110
0000
0020
0130
,  // measure 10
1100
0100
0100
1000
1001
0000
0010
0100
0110
0010
1010
0000
1100
0000
2000
3100
,  // measure 11
1100
1000
1001
0000
0011
0000
0002
1003
1001
0001
0011
0000
0110
0000
0200
0310
,  // measure 12
1000
0000
0000
0000
0000
0000
0100
0000
0000
0000
0000
0000
0010
0000
0000
0000
0000
0000
0001
0000
0000
0000
0000
0000
1000
0000
0000
0000
0000
0000
0100
0000
0000
0000
0000
0000
0010
0000
0000
0000
0000
0000
0001
0000
0000
0000
0000
0000
2000
0000
0000
0000
0000
0000
0000
0000
0000
0000
0000
0000
0000
0000
0000
0000
0000
0000
0000
0000
0000
0000
0000
0000
3001
0000
0000
0000
0000
0000
0000
0000
0000
0000
0000
0000
0000
0000
0000
0000
0000
0000
0000
0000
0000
0000
0000
0000
0001
0000
0000
0000
0000
0000
0000
0000
0000
0000
0000
0000
0000
0000
0000
0000
0000
0000
0000
0000
0000
0000
0000
0000
0001
0000
0000
0000
0000
0000
0000
0000
0000
0000
0000
0000
0000
0000
0000
0000
0000
0000
0000
0000
0000
0000
0000
0000
0101
0000
0000
0000
0000
0000
0000
0000
1000
0000
0000
0000
0000
0000
0000
0000
0010
0000
0000
0000
0000
0000
0000
0000
0101
0000
0000
0000
0000
0000
0000
0000
1000
0000
0000
0000
0000
0000
0000
0000
0010
0000
0000
0000
0000
0000
0000
0000
,  // measure 13
0201
0001
0010
0010
0010
0010
0010
0310
,  // measure 14
1000
0000
0000
0000
0000
0000
0100
0000
0000
0000
0000
0000
0010
0000
0000
0000
0000
0000
0001
0000
0000
0000
0000
0000
1000
0000
0000
0000
0000
0000
0100
0000
0000
0000
0000
0000
0010
0000
0000
0000
0000
0000
0001
0000
0000
0000
0000
0000
2000
0000
0000
0000
0000
0000
0000
0000
0000
0000
0000
0000
0000
0000
0000
0000
0000
0000
0000
0000
0000
0000
0000
0000
3001
0000
0000
0000
0000
0000
0000
0000
0000
0000
0000
0000
0000
0000
0000
0000
0000
0000
0000
0000
0000
0000
0000
0000
0001
0000
0000
0000
0000
0000
0000
0000
0000
0000
0000
0000
0000
0000
0000
0000
0000
0000
0000
0000
0000
0000
0000
0000
0001
0000
0000
0000
0000
0000
0000
0000
0000
0000
0000
0000
0000
0000
0000
0000
0000
0000
0000
0000
0000
0000
0000
0000
0101
0000
0000
0000
0000
0000
0000
0000
1000
0000
0000
0000
0000
0000
0000
0000
0010
0000
0000
0000
0000
0000
0000
0000
0101
0000
0000
0000
0000
0000
0000
0000
1000
0000
0000
0000
0000
0000
0000
0000
0010
0000
0000
0000
0000
0000
0000
0000
,  // measure 15
0201
0000
0000
0000
0001
0000
0000
0000
0010
0000
0000
0000
0010
0000
0000
0000
0010
0000
0000
0000
0010
0000
0000
0000
0310
0000
0000
0000
0100
0010
0100
0010
,  // measure 16
2001
0000
3100
1000
0011
0000
0010
0100
0011
0010
0110
0000
0011
0000
0002
0103
,  // measure 17
1001
0001
0101
0000
0110
0000
0020
0130
1010
0010
0110
0000
0110
0000
0200
0301
,  // measure 18
0011
0001
0010
0001
1010
0000
0100
0001
0110
0100
0101
0000
0011
0000
0002
1003
,  // measure 19
0011
0001
1001
0000
1100
0000
2000
3100
1001
1000
1100
0000
0110
0000
0002
0103
,  // measure 20
0010
0000
0000
0000
0000
0000
1000
0000
0000
0000
0000
0000
0001
0000
0000
0000
0000
0000
0100
0000
0000
0000
0000
0000
0010
0000
0000
0000
0000
0000
1000
0000
0000
0000
0000
0000
0001
0000
0000
0000
0000
0000
0100
0000
0000
0000
0000
0000
0020
0000
0000
0000
0000
0000
0000
0000
0000
0000
0000
0000
0000
0000
0000
0000
0000
0000
0000
0000
0000
0000
0000
0000
1030
0000
0000
0000
0000
0000
0000
0000
0000
0000
0000
0000
0000
0000
0000
0000
0000
0000
0000
0000
0000
0000
0000
0000
1000
0000
0000
0000
0000
0000
0000
0000
0000
0000
0000
0000
0000
0000
0000
0000
0000
0000
0000
0000
0000
0000
0000
0000
1000
0000
0000
0000
0000
0000
0000
0000
0000
0000
0000
0000
0000
0000
0000
0000
0000
0000
0000
0000
0000
0000
0000
0000
1001
0000
0000
0000
0000
0000
0000
0000
0000
0000
0000
0000
0000
0000
0000
0000
0010
0000
0000
0000
0000
0000
0000
0000
1000
0000
0000
0000
0000
0000
0000
0000
0001
0000
0000
0000
0000
0000
0000
0000
0000
0000
0000
0000
0000
0000
0000
0000
,  // measure 21
1020
1000
0100
0100
0100
0100
0100
0130
,  // measure 22
0001
0000
0000
0000
0000
0000
0100
0000
0000
0000
0000
0000
0010
0000
0000
0000
0000
0000
1000
0000
0000
0000
0000
0000
0001
0000
0000
0000
0000
0000
0100
0000
0000
0000
0000
0000
0010
0000
0000
0000
0000
0000
1000
0000
0000
0000
0000
0000
0002
0000
0000
0000
0000
0000
0000
0000
0000
0000
0000
0000
0000
0000
0000
0000
0000
0000
0000
0000
0000
0000
0000
0000
1003
0000
0000
0000
0000
0000
0000
0000
0000
0000
0000
0000
0000
0000
0000
0000
0000
0000
0000
0000
0000
0000
0000
0000
1000
0000
0000
0000
0000
0000
0000
0000
0000
0000
0000
0000
0000
0000
0000
0000
0000
0000
0000
0000
0000
0000
0000
0000
1000
0000
0000
0000
0000
0000
0000
0000
0000
0000
0000
0000
0000
0000
0000
0000
0000
0000
0000
0000
0000
0000
0000
0000
1001
0000
0000
0000
0000
0000
0000
0000
0000
0000
0000
0000
0000
0000
0000
0000
0010
0000
0000
0000
0000
0000
0000
0000
1000
0000
0000
0000
0000
0000
0000
0000
0001
0000
0000
0000
0000
0000
0000
0000
0000
0000
0000
0000
0000
0000
0000
0000
,  // measure 23
1020
1000
0100
0100
0100
0100
0100
0130
,  // measure 24
0102
0103
0110
0100
1001
1100
1010
0100
,  // measure 25
0101
0100
0110
0100
0101
0100
0110
0100
,  // measure 26
0101
0100
0101
0001
1100
1001
0110
0001
,  // measure 27
0101
0001
0011
0001
0101
0001
0011
0001
,  // measure 28
0101
0001
1100
0010
1001
0110
0101
0010
,  // measure 29
1010
0010
0110
0010
1010
0010
0110
0010
,  // measure 30
1010
0010
0101
0010
1010
0110
0101
0100
,  // measure 31
1100
0000
0000
0100
0000
0000
0101
0000
0000
0100
0000
0000
1100
0000
0000
0100
0000
0000
0101
0000
1000
0000
0010
0000
,  // measure 32
0120
0000
1030
0010
0101
0000
0001
1000
0101
0010
1001
0000
0101
0000
0200
1300
,  // measure 33
0110
0001
1100
0000
2001
0000
3002
1003
0011
0100
1001
0000
1002
0000
2003
3010
,  // measure 34
0101
0010
0001
0100
0011
0000
1000
0100
1001
0010
1100
0000
0101
0000
0200
0310
,  // measure 35
0101
1000
0110
0000
2010
0000
3020
1030
0110
0001
1010
0000
1002
0000
0203
0301
,  // measure 36
1000
0100
0010
0001
0100
0010
1000
0100
0020
0000
0000
0000
0031
0000
0000
0000
0101
0000
0000
0000
0001
0000
0000
0000
0011
0000
0000
0000
0001
0000
0000
0000
,  // measure 37
0101
0001
0021
0031
0101
0001
0011
0001
,  // measure 38
0001
0100
0010
1000
0100
0010
0001
0100
0020
0000
0000
0000
1030
0000
0000
0000
1010
0000
0000
0000
1000
0000
0000
0000
1100
0000
0000
0000
1000
0000
0000
0000
,  // measure 39
1010
1000
1100
1000
1010
1000
1100
1000
,  // measure 40
0201
0310
0102
0013
0201
0301
0201
0300
,  // measure 41
1020
0130
2010
3100
1020
1030
1020
0030
,  // measure 42
2100
3001
1200
0301
2100
3100
1200
0300
,  // measure 43
0012
1003
0021
1030
0012
0013
0021
0030
,  // measure 44
2001
3100
1002
0103
2001
3001
1002
0003
,  // measure 45
1020
0031
2010
3001
1020
1030
2010
3000
,  // measure 46
0021
1030
0012
1003
0021
0031
0012
0003
,  // measure 47
0120
0031
0210
0301
0120
0130
0210
0300
,  // measure 48
0010
0100
0010
0000
0100
0000
0001
0000
0100
0000
0001
0000
1000
0001
1000
0000
0100
0000
1000
0000
0010
1000
0010
0000
0100
0001
0100
0000
0010
0000
0100
0000
,  // measure 49
0001
1000
0001
0000
1000
0000
0001
0000
1000
0000
0001
0000
1000
0010
1000
0000
0001
0000
0010
0000
0100
1000
0100
0000
0010
0001
0010
0000
0100
0000
1000
0000
,  // measure 50
0001
1000
0001
0000
0100
0000
0001
0000
0100
0000
0001
0000
1000
0001
1000
0000
0100
0000
1000
0000
0010
1000
0010
0000
0100
0001
0100
0000
0001
0000
1000
0000
,  // measure 51
0010
0100
0010
0000
0100
0000
0001
0000
0100
0000
0001
0000
1000
0001
1000
0000
0100
0000
1000
0000
0010
1000
0010
0000
0100
0001
0100
0000
0010
0000
0100
0000
,  // measure 52
1001
1001
0220
0330
0000
0000
0000
0000
;
