#TITLE:Gaussian Blur;
#SUBTITLE:(remastered by Ren);
#ARTIST:Kil;
#TITLETRANSLIT:;
#SUBTITLETRANSLIT:;
#ARTISTTRANSLIT:;
#CREDIT:;
#BANNER:gaussian-bn.png;
#BACKGROUND:gaussian-bg.png;
#LYRICSPATH:;
#CDTITLE:!a0title.png;
#MUSIC:gaussian.mp3;
#OFFSET:-3.091;
#SAMPLESTART:76.230;
#SAMPLELENGTH:12.000;
#SELECTABLE:YES;
#BPMS:0.000=200.000;
#STOPS:;
#BGCHANGES:;
// cache tags:
#FIRSTBEAT:0.000;
#LASTBEAT:332.000;
#SONGFILENAME:Songs/All Songs/Gaussian Blur/gaussian.sm;
#HASMUSIC:1;
#HASBANNER:1;
#MUSICLENGTH:103.915;
// end cache tags

//---------------dance-single - ----------------
#NOTES:
     dance-single:
     :
     Hard:
     13:
     1.000,1.000,0.520,0.982,1.000,972.000,54.000,102.000,0.000,0.000:  // measure 1
0010
1000
0100
0010
0001
0010
0100
1000
0010
0100
0001
0100
0010
1000
0010
0100
,  // measure 2
0001
0010
0100
1000
0001
0010
0100
1000
0001
0100
0010
0010
1000
0001
1000
0010
,  // measure 3
0100
0001
0010
0100
1000
0100
0010
0001
0100
0010
1000
0010
0100
0001
0100
0010
,  // measure 4
1000
0100
0010
0001
1000
0100
0010
0001
1000
0010
0100
0100
0001
1000
0001
0100
,  // measure 5
0010
1000
0100
0010
0001
0010
0100
1000
0010
0100
0001
0100
0010
1000
0010
0100
,  // measure 6
0001
0010
0100
1000
0001
0010
0100
1000
0001
0100
0010
0010
1000
0001
1000
0010
,  // measure 7
0100
0001
1000
0001
0100
0001
0010
0001
0100
0010
0100
0010
0100
0010
0100
0010
,  // measure 8
0110
0000
0000
0110
1001
0000
0000
0000
,  // measure 9
0002
1003
0100
0010
0001
0010
0100
1000
0020
0130
0001
0100
0010
1000
0010
0100
,  // measure 10
0002
0013
0100
1000
0002
0013
0100
1000
0002
0103
0010
0010
1000
0001
1000
0010
,  // measure 11
0200
0301
0010
0100
1000
0100
0010
0001
0200
0310
1000
0010
0100
0001
0100
0010
,  // measure 12
2000
3100
0010
0001
2000
3100
0010
0001
2000
3010
0100
0100
0001
1000
0001
0100
,  // measure 13
0020
1030
0100
0010
0001
0010
0100
1000
0020
0130
0001
0100
0010
1000
0010
0100
,  // measure 14
0002
0013
0100
1000
0002
0013
0100
1000
0002
0103
0010
0010
2000
3001
1000
0010
,  // measure 15
0200
0301
2000
3001
0200
0301
0020
0031
0200
0320
0230
0320
0230
0320
0230
0310
,  // measure 16
0220
0330
0000
0110
2002
3003
0000
0000
,  // measure 17
1000
0100
1000
0100
1000
0100
1000
0100
,  // measure 18
1000
0100
1000
0100
1000
0100
1000
0100
,  // measure 19
1000
0100
1000
0100
1000
0100
1002
0100
,  // measure 20
1000
0100
1000
0100
1000
0100
1003
0100
,  // measure 21
1000
0010
1000
0010
1000
0010
1000
0000
1000
0010
1000
0000
1000
0010
0100
0000
,  // measure 22
0001
0010
0001
0010
0001
0010
0001
0000
0001
0010
0001
0000
0001
0010
0100
0000
,  // measure 23
1000
0100
1000
0100
1000
0100
1000
0000
1000
0100
1000
0000
1000
0100
0010
0000
,  // measure 24
0001
0100
0001
0100
0001
0100
0001
0000
0001
0100
0001
0000
0001
0100
0010
0000
,  // measure 25
1000
0010
0001
1000
0100
0001
1000
0010
0001
1000
0100
0001
1000
0010
0100
0001
,  // measure 26
1000
0010
0001
1000
0100
0001
1000
0010
0001
1000
0100
0001
1000
0001
0010
0100
,  // measure 27
1000
0010
0001
1000
0100
0001
1000
0010
0001
1000
0100
0001
1000
0001
0100
0010
,  // measure 28
1000
0010
0001
1000
0100
0001
1000
0010
0001
1000
0100
0001
1000
0001
0010
0100
,  // measure 29
1000
0010
0001
1000
0100
0001
1000
0010
0001
1000
0100
0001
1000
0010
0100
0001
,  // measure 30
1000
0010
0001
1000
0100
0001
1000
0010
0001
1000
0100
0001
1000
0001
0010
0100
,  // measure 31
1000
0010
0001
1000
0100
0001
1000
0010
0001
1000
0100
0001
1000
0001
0100
0010
,  // measure 32
1000
0010
0001
1000
0100
0001
1000
0010
0001
1000
0100
0001
1000
0001
0010
0100
,  // measure 33
0001
0100
1000
0001
0010
1000
0001
0100
1000
0001
0010
1000
0001
0100
0010
1000
,  // measure 34
0001
0100
1000
0001
0010
1000
0001
0100
1000
0001
0010
1000
0001
1000
0100
0010
,  // measure 35
0001
0100
1000
0001
0010
1000
0001
0100
1000
0001
0010
1000
0001
1000
0010
0100
,  // measure 36
0001
0100
1000
0001
0010
1000
0001
0100
1000
0001
0010
1000
0001
1000
0100
0010
,  // measure 37
2002
0000
3003
0000
,  // measure 38
0202
0303
2020
3030
0200
0300
0000
0000
,  // measure 39
0011
0000
0000
1000
0100
0010
2002
0000
0000
3003
0000
0000
,  // measure 40
2020
3030
0202
0303
,  // measure 41
1002
0000
0003
0000
0020
0000
1030
0001
0210
0000
0301
0010
0100
1000
0100
0010
,  // measure 42
0202
0000
0000
0303
,  // measure 43
2002
0000
0000
0000
,  // measure 44
0000
0000
0000
3003
,  // measure 45
0220
0000
0000
0000
,  // measure 46
0000
0000
0000
0330
,  // measure 47
0001
0000
0001
0010
0001
0000
0001
0010
0001
0000
0001
0010
0001
0000
0001
0010
,  // measure 48
0001
0000
0001
0010
0001
0000
0001
0010
0001
0000
0001
0010
0001
0000
0001
0010
,  // measure 49
0001
0000
0001
0010
0001
0000
0001
0010
0001
0000
0001
0010
0001
0000
0001
0010
,  // measure 50
0001
0000
0001
0010
0001
0000
0001
0010
0001
0000
0001
0010
0001
0000
0001
0010
,  // measure 51
0100
0000
0100
1000
0100
0000
0100
1000
0100
0000
0100
1000
0100
0000
0100
1000
,  // measure 52
0100
0000
0100
1000
0100
0000
0100
1000
0202
0000
0303
0000
2020
0000
3030
0000
,  // measure 53
0001
0000
0001
0010
0001
0000
0001
0010
0001
0000
0001
0010
0001
0000
0001
0010
,  // measure 54
0001
0000
0001
0010
0001
0000
0001
0010
0001
0000
0001
0010
0001
0000
0001
0010
,  // measure 55
0100
0000
0100
1000
0100
0000
0100
1000
0100
0000
0100
1000
0100
0000
0100
1000
,  // measure 56
0202
0303
0220
0330
2200
3300
0022
0033
2002
0000
0000
0000
0000
0000
3003
0000
,  // measure 57
0202
0303
0220
0330
2200
3300
0022
0033
2002
0000
0000
0000
0000
0000
3003
0000
,  // measure 58
0202
0303
0220
0330
2200
3300
0022
0033
2002
0000
0000
0000
0000
0000
3003
0000
,  // measure 59
0202
0303
0220
0330
2200
3300
0022
0033
1002
0000
0100
0000
0100
0000
0103
0000
,  // measure 60
1001
1001
1001
1001
,  // measure 61
1001
1001
1001
1001
1001
0011
0110
1100
,  // measure 62
1000
0010
0001
0010
0100
0000
1000
0010
0001
0010
0100
0000
0001
1000
0100
0010
,  // measure 63
0001
0100
1000
0100
0010
0000
0001
0100
1000
0100
0010
0000
1000
0001
0010
0100
,  // measure 64
1000
0010
0001
0010
0100
0000
1000
0010
0001
0010
0100
0000
1000
0001
0010
0100
,  // measure 65
1000
0000
0001
0000
0100
0000
0010
0000
1000
0000
0001
0000
0100
0000
0010
0000
1000
0000
0001
0000
0100
0000
0010
0000
1000
0100
0010
0001
1000
0100
0010
0001
,  // measure 66
1000
0010
0001
0010
0100
0000
1000
0010
0001
0010
0100
0000
0001
1000
0100
0010
,  // measure 67
0001
0100
1000
0100
0010
0000
0001
0100
1000
0100
0010
0000
1000
0001
0010
0100
,  // measure 68
1000
0010
0001
0010
0100
0000
1000
0010
0001
0010
0100
0000
1000
0001
0010
0100
,  // measure 69
1000
0000
0001
0000
0100
0000
0010
0000
1000
0000
0001
0000
0100
0000
0010
0000
1000
0000
0001
0000
0100
0000
0010
0000
1000
0100
0010
0001
1000
0100
0010
0001
,  // measure 70
1000
0100
0010
0001
1000
0100
0010
0001
1000
0100
0010
0001
1000
0100
0010
0001
,  // measure 71
1000
0010
0100
0001
1000
0010
0100
0001
1000
0010
0100
0001
1000
0010
0100
0001
,  // measure 72
0010
0100
1000
0001
0010
0100
1000
0001
0010
0100
1000
0001
0010
0100
1000
0001
,  // measure 73
1000
0100
0010
0001
1000
0010
0100
0001
1000
0010
0100
0001
1000
0010
0100
0001
,  // measure 74
1000
0100
0010
0001
1000
0010
0100
0001
1000
0100
0010
0001
1000
0010
0100
0001
,  // measure 75
1000
0100
0010
0001
1000
0010
0100
0001
1000
0100
0010
0001
1000
0010
0100
0001
,  // measure 76
1000
0010
1000
0010
1000
0010
1000
0010
2000
0000
0000
0000
3000
0000
0001
0010
,  // measure 77
0002
0003
0020
0030
,  // measure 78
0001
0010
1000
0100
0001
0010
1000
0100
0001
1000
0010
0100
0001
1000
0010
0100
,  // measure 79
0001
0100
1000
0010
0001
0100
1000
0010
0100
0001
1000
0010
0100
0001
1000
0010
,  // measure 80
0100
0001
0010
1000
0100
0001
0010
1000
0001
0010
0100
1000
0001
0010
0100
1000
,  // measure 81
0001
0100
1000
0010
0001
0100
1000
0010
0001
0100
0010
1000
0001
0100
0010
1000
,  // measure 82
0001
0010
0100
1000
0202
0000
0000
0000
0000
0000
0000
0000
0000
0000
0000
0000
,  // measure 83
0000
0000
0000
0000
,  // measure 84
0303
0000
0000
0000
;
