#TITLE:drum machine;
#SUBTITLE:;
#ARTIST:Drew Cope;
#TITLETRANSLIT:;
#SUBTITLETRANSLIT:;
#ARTISTTRANSLIT:;
#CREDIT:;
#BANNER:drummachine.png;
#BACKGROUND:drummachine-bg.png;
#LYRICSPATH:;
#CDTITLE:!a0title.png;
#MUSIC:drummachine.mp3;
#OFFSET:-2.027;
#SAMPLESTART:50.000;
#SAMPLELENGTH:12.000;
#SELECTABLE:YES;
#BPMS:0.000=120.011;
#STOPS:;
#BGCHANGES:;
// cache tags:
#FIRSTBEAT:0.000;
#LASTBEAT:168.000;
#SONGFILENAME:Songs/All Songs/Drum Machine/drummachine.sm;
#HASMUSIC:1;
#HASBANNER:1;
#MUSICLENGTH:90.023;
// end cache tags

//---------------dance-single - ----------------
#NOTES:
     dance-single:
     :
     Hard:
     11:
     0.868,0.956,1.000,0.000,0.761,400.000,147.000,0.000,0.000,0.000:  // measure 1
1001
0000
0010
0010
,  // measure 2
1001
0000
0000
0000
0010
0010
0000
0010
,  // measure 3
1001
0000
0000
0000
0001
1000
0100
1000
,  // measure 4
0010
0000
0101
0000
0000
0000
0000
0000
0010
0000
0010
0100
0000
0100
0010
0000
,  // measure 5
0101
0000
0000
0100
0000
0100
0000
0000
0010
0000
0000
0100
0010
0100
0100
0000
,  // measure 6
0101
0000
0000
0100
0000
0100
0000
0000
1000
0000
0010
0100
1000
0100
0010
0000
,  // measure 7
0101
0000
0000
0100
0000
0100
0000
0000
0010
0000
0000
0100
0000
0100
1000
0000
,  // measure 8
0100
0000
1001
0100
1000
0100
0000
0000
0100
0000
0010
0100
0000
0100
0010
0000
,  // measure 9
0001
0000
1000
0000
0000
0000
1000
0000
0010
0000
0000
0000
0100
0100
1100
0000
,  // measure 10
0000
0000
1000
0000
0010
0000
0100
0000
0001
0000
0101
1000
1100
0000
0010
0000
,  // measure 11
0001
0000
0000
0000
0000
0000
0100
0100
0100
0000
0000
0000
1000
1000
1000
0000
,  // measure 12
0000
0000
0100
0100
0100
0000
1000
1000
1000
0000
0100
0100
0100
1000
1000
0000
,  // measure 13
0011
1000
0000
1000
0010
0000
0000
1000
,  // measure 14
0000
0000
1000
0000
1010
0000
0100
0100
0110
0000
1000
1000
1000
0000
0100
0100
,  // measure 15
0110
0000
1000
1000
0110
0100
0100
0000
1010
1000
0100
0100
0110
0000
1000
0010
,  // measure 16
0100
0000
1010
0000
0100
0000
1010
0000
0100
0000
1010
1100
0101
0110
0000
0000
,  // measure 17
1001
0000
1010
0100
1000
0100
1001
0000
0110
0000
1000
0100
0000
0101
0110
0000
,  // measure 18
1100
0000
0011
0100
1010
0100
1000
0000
0101
0000
0011
0100
0000
0100
1100
0001
,  // measure 19
1010
0000
1000
0100
1000
0100
0011
0000
0101
0000
1010
0100
0000
0100
1001
0000
,  // measure 20
1100
0110
0101
0000
1001
0000
1100
0000
0010
0000
0101
0010
0000
0100
1010
0000
,  // measure 21
1100
0000
1001
0100
1010
0100
1001
0000
0101
0000
1000
0100
0010
0100
1001
0000
,  // measure 22
1100
0000
0011
0100
1001
0100
1000
0000
0110
0000
1001
0110
0000
0100
1001
0000
,  // measure 23
1100
0000
1010
0100
1000
0100
0011
0000
0110
0000
1001
0100
0010
0100
1100
0000
,  // measure 24
1010
0000
0000
0010
0000
0000
0001
0000
0000
0100
0000
0000
1000
0000
0000
0110
0000
0000
1010
0000
0000
0010
0000
0000
0101
0000
0000
0000
0000
0000
1000
0000
0000
0110
0000
0000
0010
0000
0000
0110
0001
0000
1000
0000
0000
0000
0000
0000
,  // measure 25
1001
0000
1010
0100
1001
0100
1010
0000
0101
0000
1000
0100
0001
0100
1010
0000
,  // measure 26
1001
0000
0000
0000
0000
0000
0010
0000
0000
0100
0000
0000
1010
0000
0000
0100
0000
0000
1000
0000
0000
0001
0000
0000
0100
0000
0000
0000
0001
0000
1010
0000
0000
0100
0000
0000
0000
0000
0000
0100
0000
0000
0011
0000
0000
0000
0000
0000
,  // measure 27
1100
0000
1010
0100
1000
0100
0011
0000
0110
0000
1001
0100
0010
0100
1001
0000
,  // measure 28
1010
0000
0000
0000
0000
0000
0101
0000
0000
0100
0000
0000
1100
0000
0000
0000
0000
0000
1000
0000
0000
0110
0000
0000
0000
0000
0000
0000
0010
0000
1001
0000
0000
0000
0000
0000
0100
0000
0000
0010
0000
0000
1001
0000
0000
0000
0000
0000
,  // measure 29
1100
0000
1001
0100
1010
0100
1001
0000
0101
0000
1000
0110
0000
0100
1001
0000
,  // measure 30
1010
0000
0001
0100
1001
0100
1000
0010
0100
0000
1001
0100
0000
0110
1001
0000
,  // measure 31
1100
0000
1001
0100
1000
0100
0011
0000
0101
0000
1010
0100
0001
0100
1010
0000
,  // measure 32
1001
0000
0000
0000
0000
0000
0010
0000
0000
0000
0000
0000
1010
0000
0000
0000
0000
0000
1000
0000
0000
0100
0000
0000
0000
0000
0000
0000
0100
0000
0011
0000
0000
0010
0000
0000
0000
0000
0000
0100
0000
0000
1001
0000
0000
0000
0000
0000
,  // measure 33
1010
0000
0100
0010
0001
0010
1100
0000
0101
0000
0000
0010
0001
0010
0010
0000
,  // measure 34
0100
0010
0001
0100
0010
0001
0100
0010
0001
0100
0010
0001
0100
0010
1001
0000
,  // measure 35
0110
0000
1100
0010
0101
0010
1100
0000
1001
0000
0100
0010
0001
0010
1010
0000
,  // measure 36
0101
0001
1000
0010
0100
0011
0101
0001
1010
0000
0100
0011
0001
0011
1010
0000
,  // measure 37
0110
0000
0101
0010
1100
0010
0101
0000
1010
0000
0100
0010
1000
0010
0101
0000
,  // measure 38
1100
0000
0001
0010
0101
0010
0100
0000
1010
0000
0101
1010
0000
0010
1001
0000
,  // measure 39
0100
0000
0000
0001
1000
0000
0000
1000
,  // measure 40
0100
0000
1000
0000
0001
0000
0010
0000
0100
0100
0100
0001
0001
0000
1001
0000
,  // measure 41
0000
0000
0000
0000
,  // measure 42
0000
0000
0000
0000
,  // measure 43
0001
0000
0000
0000
;
