#TITLE:Kick Your A;
#SUBTITLE:;
#ARTIST:SuperGreenX;
#TITLETRANSLIT:;
#SUBTITLETRANSLIT:;
#ARTISTTRANSLIT:;
#CREDIT:;
#BANNER:kickyoura-bn.png;
#BACKGROUND:kickyoura-bg.png;
#LYRICSPATH:;
#CDTITLE:!a0Title.png;
#MUSIC:kickyoura.mp3;
#OFFSET:-2.465;
#SAMPLESTART:90.700;
#SAMPLELENGTH:12.000;
#SELECTABLE:YES;
#DISPLAYBPM:93.000:186.000;
#BPMS:0.000=93.000,122.000=186.000,216.000=93.000,217.000=139.500,217.750=186.000,218.875=279.000,220.375=372.000,225.000=279.000,226.125=186.000,226.875=139.500,227.375=93.000,227.625=69.750,227.750=46.500,228.000=186.000;
#STOPS:228.000=0.484
;
#BGCHANGES:;
// cache tags:
#FIRSTBEAT:0.000;
#LASTBEAT:309.000;
#SONGFILENAME:Songs/All Songs/Kick Your A/kickyoura.sm;
#HASMUSIC:1;
#HASBANNER:1;
#MUSICLENGTH:147.048;
// end cache tags

//---------------dance-single - ----------------
#NOTES:
     dance-single:
     :
     Hard:
     11:
     0.766,0.867,0.469,0.150,0.700,697.000,69.000,22.000,0.000,0.000:  // measure 1
1001
0100
1000
0010
0001
0010
0000
0100
,  // measure 2
1001
0000
0100
0000
1001
0000
0100
0000
1000
0000
0010
0100
0010
0000
1000
0001
,  // measure 3
2000
0001
0100
0010
0100
3001
0000
0100
,  // measure 4
0012
0100
1000
0010
0103
1001
1010
0011
,  // measure 5
1001
0000
0100
0000
1000
0000
0010
1000
0101
0000
0110
0000
0000
0000
0100
0000
,  // measure 6
1000
0001
0010
0001
1001
0011
0100
1000
,  // measure 7
0110
0000
0010
0000
0100
0000
0001
1000
0011
0000
1001
0000
0000
0000
0001
0100
,  // measure 8
1000
0000
0000
0000
0010
0000
0000
0000
0100
0000
0000
0000
0001
0000
0000
0000
0110
0000
0000
0000
0101
0000
0000
0000
1000
0000
0000
0000
0001
0000
0010
1000
,  // measure 9
0100
0000
0000
0001
0100
0001
0011
0100
,  // measure 10
1000
0010
1100
0001
0100
0001
1010
0100
,  // measure 11
0001
0100
0011
0100
1000
0010
0110
0001
,  // measure 12
0010
1000
1100
0001
0010
0100
0011
0100
,  // measure 13
1000
0001
0110
0001
0010
0001
1010
0001
,  // measure 14
0100
0001
1001
0100
0010
1000
0011
0100
,  // measure 15
1000
0010
0110
0001
1000
0001
1001
0010
,  // measure 16
0100
0010
1001
0100
1000
0100
0011
0001
,  // measure 17
0100
0010
1010
0101
0012
1000
0100
1000
,  // measure 18
0010
0100
0003
0001
2010
0001
0100
3010
,  // measure 19
2100
0001
0010
3001
0102
0010
1000
0100
,  // measure 20
1000
0010
0003
0001
0012
0100
1000
0013
,  // measure 21
2010
3100
0201
0310
0012
1000
0010
1000
,  // measure 22
0003
0001
1100
0010
2001
0100
0010
3100
,  // measure 23
0102
0010
1000
0103
2010
0001
0010
0100
,  // measure 24
0010
0001
0000
3100
0012
0100
1000
0100
,  // measure 25
0000
0010
0100
1000
0003
0000
0000
0000
,  // measure 26
0000
0000
0000
0000
,  // measure 27
0000
0000
0002
0000
,  // measure 28
0000
0000
0000
0000
,  // measure 29
0000
0000
0023
0000
,  // measure 30
0000
0000
0230
0000
,  // measure 31
2300
0000
0000
3001
1000
0100
0011
0001
,  // measure 32
1000
0001
0110
0010
1000
0001
0011
0001
,  // measure 33
1000
0100
1100
0010
1000
0010
0110
0001
,  // measure 34
0010
0100
1100
0001
0010
1000
0110
0001
,  // measure 35
1000
0001
0110
0001
0100
0010
0110
0010
,  // measure 36
1000
0100
1100
0100
0010
0001
0101
0010
,  // measure 37
0100
0001
0110
0010
1000
0001
0011
0001
,  // measure 38
1000
0001
0011
0100
1001
0000
0000
0000
,  // measure 39
1000
0010
0100
0001
1000
0100
0010
0001
1000
0100
1000
0000
0010
0000
0100
0001
,  // measure 40
0000
0100
0001
0000
0010
0001
1000
0010
0100
0001
0010
0000
0010
0000
0100
0010
,  // measure 41
0100
0000
0100
0000
1000
0100
0000
1000
0001
0000
0001
1000
0001
0010
0001
0000
,  // measure 42
1000
0000
1000
0100
0010
0000
0001
0000
0100
0001
1000
0100
0000
0100
1000
0001
,  // measure 43
0100
0010
0100
0000
0001
1000
0000
1000
0010
0000
1000
0010
1000
0001
0010
0000
,  // measure 44
0001
1000
0001
1000
0010
1000
0001
0010
0000
0010
0001
0100
0010
0000
0100
0000
,  // measure 45
0010
1000
0000
1000
0001
0000
0010
0001
0100
0000
0100
0010
1000
0000
1000
0000
,  // measure 46
0001
0010
0001
0000
1000
0010
1000
0000
0100
1000
0100
0000
0010
0100
0010
0000
,  // measure 47
0001
0010
0001
0000
1000
0010
1000
0000
1000
0100
1000
0000
0010
0000
0100
0001
,  // measure 48
0000
0100
0001
0000
0010
0001
1000
0010
0100
0001
0010
0000
0010
0000
0100
0010
,  // measure 49
0100
0000
0100
0000
1000
0100
0000
1000
0001
0000
0001
1000
0001
0010
0001
0000
,  // measure 50
1000
0000
1000
0100
0010
0000
0001
0000
0100
0001
1000
0100
0000
0100
1000
0001
,  // measure 51
0100
0010
0100
0000
0001
1000
0000
1000
0010
0000
1000
0010
1000
0001
0010
0000
,  // measure 52
0001
1000
0001
1000
0010
1000
0001
0010
0000
0010
0001
0100
0010
0000
0100
0000
,  // measure 53
0010
1000
0000
1000
0001
0000
0010
0001
0100
0000
0100
0010
1000
0000
1000
0000
,  // measure 54
0001
0010
0001
0000
1000
0010
1000
0000
0001
0100
0010
1000
0001
0010
0100
1000
,  // measure 55
0202
0000
0000
0000
,  // measure 56
0000
0000
0000
0000
,  // measure 57
0000
0000
0000
0000
,  // measure 58
0303
0000
0000
0000
0001
1000
0010
1000
0001
0100
0001
0100
0010
1000
0100
0010
,  // measure 59
0001
0100
0001
1000
0100
0010
0001
1000
0100
1000
0001
0100
0001
0010
0100
1000
,  // measure 60
0001
0100
0010
1000
0001
0010
0100
1000
0001
0100
0010
0100
0001
0010
0100
1000
,  // measure 61
0001
0010
0100
1000
0001
0100
0010
1000
0001
0010
0100
1000
0100
0010
0100
0010
,  // measure 62
0001
1000
0001
1000
0001
0100
0001
0100
0001
0010
0001
0010
0100
0010
0100
0010
,  // measure 63
0001
0100
0001
0100
0001
1000
0001
1000
0010
0100
0010
1000
0100
0010
0100
0010
,  // measure 64
0001
1000
0001
1000
0010
0100
0010
1000
0001
0010
0001
0100
0010
1000
0010
0100
,  // measure 65
0001
0010
0001
0100
0010
1000
0001
0010
0100
1000
0100
0010
0001
1000
0001
0100
,  // measure 66
0001
0010
0001
0100
0001
1000
0100
0010
0001
0010
0100
1000
0010
0100
0001
1000
,  // measure 67
0001
0010
0100
1000
0010
0000
0000
0000
0000
0000
0100
0100
0001
0001
0100
0010
,  // measure 68
1000
0100
0010
0001
1000
0100
1000
0010
1000
0001
1000
0010
1000
0001
0010
0001
,  // measure 69
1000
0001
0100
0001
1000
0100
1000
0010
1000
0001
1000
0010
1000
0001
0010
0001
,  // measure 70
1000
0001
0100
0001
1000
0010
0100
0001
1000
0010
0100
0001
1000
0010
0100
0001
,  // measure 71
1000
0010
0100
0001
1000
0100
0010
0001
1000
0100
0010
0001
1000
0100
0010
0001
,  // measure 72
1000
0100
0010
0001
1000
0010
0100
0001
1000
0010
0100
0001
1000
0100
0010
0001
,  // measure 73
1000
0100
0010
0001
1001
0000
0000
1001
0000
0000
1001
0000
0000
1001
0000
0000
,  // measure 74
1001
0000
0000
0000
0100
0000
0000
0000
0000
0000
0000
0000
1000
0001
0100
0001
,  // measure 75
0010
0100
2002
0000
0000
0000
0000
0000
,  // measure 76
0000
0000
0000
0000
,  // measure 77
0000
0000
0000
0000
,  // measure 78
0000
3003
0000
0000
;
