#TITLE:Dragonball Z;
#SUBTITLE:Hikari no Will Power -Instrumental-;
#ARTIST:Kageyama Hironobu;
#TITLETRANSLIT:;
#SUBTITLETRANSLIT:;
#ARTISTTRANSLIT:;
#CREDIT:;
#BANNER:Hikari no Will Power.png;
#BACKGROUND:Hikari no Will Power (Instrumental)-BG.png;
#LYRICSPATH:;
#CDTITLE:;
#MUSIC:Dragonball Z - Hikari no Will Power (Instrumental).mp3;
#OFFSET:0.120;
#SAMPLESTART:51.303;
#SAMPLELENGTH:12.000;
#SELECTABLE:YES;
#BPMS:0.000=152.121;
#STOPS:;
#BGCHANGES:34.000=Hikari no Will Power (Instrumental)-BG2.png=1.000=1=0=0,
66.000=Hikari no Will Power (Instrumental)-BG3.png=1.000=1=0=0,
96.000=Hikari no Will Power (Instrumental)-BG4.png=1.000=1=0=0,
111.500=Hikari no Will Power (Instrumental)-BG5.png=1.000=1=0=0,
130.000=Hikari no Will Power (Instrumental)-BG6.png=1.000=1=0=0,
160.000=Hikari no Will Power (Instrumental)-BG7.png=1.000=1=0=0,
176.000=Hikari no Will Power (Instrumental)-BG8.png=1.000=1=0=0,
192.000=Hikari no Will Power (Instrumental)-BG9.png=1.000=1=0=0,
224.500=Hikari no Will Power (Instrumental)-BG10.png=1.000=1=0=0,
258.000=Hikari no Will Power (Instrumental)-BG12.png=1.000=1=0=0,
272.500=Hikari no Will Power (Instrumental)-BG11.png=1.000=1=0=0,
303.000=Hikari no Will Power (Instrumental)-BG13.png=1.000=1=0=0,
321.500=Hikari no Will Power (Instrumental)-BG14.png=1.000=1=0=0,
332.000=Hikari no Will Power (Instrumental)-BG.png=1.000=0=0=1,
99999=-nosongbg-=1.000=0=0=0 // don't automatically add -songbackground-
;
// cache tags:
#FIRSTBEAT:0.500;
#LASTBEAT:321.500;
#SONGFILENAME:Songs/All Songs/Dragonball Z - Hikari no Will Power (Instrumental)/Hikari no Will Power (Instrumental).sm;
#HASMUSIC:1;
#HASBANNER:1;
#MUSICLENGTH:141.635;
// end cache tags

//---------------dance-single - ----------------
#NOTES:
     dance-single:
     :
     Easy:
     3:
     0.272,0.312,0.141,0.127,0.000,232.000,20.000,18.000,0.000,0.000:
0000
1000
0001
0100
,
0010
0001
1000
0010
,
0010
0100
0000
0001
,
1000
0001
0000
0001
,
1000
0001
1000
0010
,
0100
0001
1000
0100
,
0100
0010
2002
0000
,
3003
0000
0000
1000
,
0100
0010
0001
0000
,
0100
0000
0001
0000
,
1000
0001
1000
0000
,
0010
0000
1000
0000
,
0001
1000
0001
0000
,
0100
0000
0001
0000
,
1000
0100
1000
0000
,
0010
0000
0001
0000
,
0001
0010
0001
1000
,
0100
0001
0100
1000
,
0001
1000
0001
0010
,
0010
0010
1000
0100
,
0100
0100
1000
1000
,
0001
0001
0100
0010
,
0100
0010
1000
0100
,
1000
0001
0100
0001
,
2002
0000
3003
0001
,
0000
0001
0000
1000
,
0000
1000
0000
1001
,
0000
0100
0000
0100
,
0000
0010
0000
0110
,
0000
1000
0000
0010
,
0000
2002
0000
0000
,
0000
0000
0000
0000
,
0000
3003
0001
1000
,
0010
0001
0010
1000
,
0001
1000
0001
0100
,
0100
0100
1000
0010
,
0010
0010
0001
0001
,
1000
1000
0010
0100
,
0010
0100
0001
0010
,
0001
1000
0010
1000
,
2002
0000
3003
1000
,
0000
1000
0000
0001
,
0000
0001
0000
1001
,
0000
0010
0000
0010
,
0000
0100
0000
0110
,
0000
0001
0000
0010
,
0000
2002
0000
0000
,
0000
0000
0000
0000
,
3003
1000
0100
0010
,
0001
0001
0010
0100
,
1000
1001
0100
0010
,
0100
0001
1000
0001
,
1001
0100
0010
0100
,
1000
0100
0001
0010
,
1000
0100
2002
0000
,
0000
0000
0000
3003
,
0000
1000
1000
0010
,
0010
0100
0100
0001
,
0001
0011
0001
0001
,
0100
0100
0010
0010
,
1100
0001
1000
0001
,
1000
0001
0100
1000
,
0010
0001
2002
0000
,
0000
0000
3003
1000
,
0001
0010
0220
0000
,
0000
0000
0330
0001
,
0000
0010
0000
0100
,
0000
1000
0000
0001
,
0000
1000
1000
0001
,
0010
0100
0100
0010
,
1000
0001
0001
1000
,
0010
1000
1000
0001
,
1001
1000
0100
0010
,
0001
0100
0010
1000
,
0001
1000
2002
0000
,
0000
0000
3003
0001
,
0100
0010
0110
0000
,
1000
0000
0001
0000
,
0100
0000
0010
0000
,
1000
0000
0001
0000
,
1000
1001
0000
0000
;

//---------------dance-single - Standard----------------
#NOTES:
     dance-single:
     Standard:
     Medium:
     5:
     0.374,0.340,0.318,0.120,0.014,309.000,45.000,17.000,0.000,0.000:
0000
0001
0010
0001
0000
1000
0000
0010
,
0000
1000
0100
1000
0000
0010
0000
0100
,
0000
0010
0000
0000
0100
0000
1000
0000
,
0100
0000
0100
0000
0010
0010
0000
0010
,
0000
0100
0100
0010
0000
1000
0000
0100
,
0000
0010
0100
0100
0000
1000
0000
0001
,
0000
0110
0000
0000
2200
0000
0000
0000
,
0000
0000
3300
1000
,
0001
0000
0010
0000
1001
0000
0001
1000
,
0001
0001
1000
1000
,
0100
0000
0000
0010
0000
0000
0010
0000
0100
0000
0000
0000
1000
0000
0001
0000
,
1000
1000
0001
0001
,
0010
0000
0000
0100
0000
0000
0100
0000
0010
0000
0000
0000
0010
0000
1000
0000
,
0001
0100
1000
0001
,
1000
0000
0000
1000
0000
0000
0001
0000
1000
0000
0000
0000
0010
0000
1000
0000
,
0100
0010
0001
1000
,
0001
0000
0000
0001
0000
0000
1000
0000
0000
0000
0100
0000
0100
0000
0000
0000
,
1000
0001
0000
0001
0000
0010
1000
0100
,
0000
0001
0000
0000
0010
0000
1000
0010
,
0000
0001
0000
0000
0100
0000
0001
0100
,
0000
1000
0000
0000
0000
0001
0000
0010
,
0010
0000
0001
1000
0000
1000
0100
0010
,
0000
0001
1000
0000
1000
0001
0000
1100
,
0000
0001
0000
0000
0001
1000
0000
2002
,
0000
0000
3003
0011
,
0000
1000
0001
0000
1000
0000
0000
0010
,
0000
0000
2200
0000
,
3300
0001
1000
0000
0010
0000
0000
0200
,
0000
0000
0000
0300
0100
0000
0110
0000
,
0000
0010
0010
0000
0100
0000
0001
1000
,
0000
0100
0100
0000
0010
0000
0100
0000
,
0001
0001
0001
1000
,
1000
0000
1000
0000
0010
0001
0010
0000
,
0011
0000
0000
1000
0000
0010
0000
1001
,
0000
0000
0010
0000
0001
0000
0100
0010
,
0000
0110
0000
0000
1000
0000
0010
1000
,
0000
2200
0000
3300
0000
1000
0000
0010
,
0100
0001
0000
1000
0000
0100
0100
0010
,
0000
0100
0000
0100
0100
0000
0000
0100
,
0000
0011
0000
0000
0001
0000
0000
1001
,
0000
0000
0000
0000
0022
0000
0000
0033
,
0000
1000
0000
0001
1000
0000
0000
1001
,
0000
0000
0000
0000
2002
0000
0000
3003
,
0000
0100
0000
0100
0010
0000
0000
0220
,
0000
0000
0330
1001
,
0000
0001
0001
0000
0100
0000
0010
1000
,
0000
1000
0000
1100
0000
0000
0000
0001
,
0000
0001
0000
0011
0000
0000
0000
0000
,
0000
1000
0001
0001
0000
0001
0000
1000
,
0000
0001
0000
0011
0000
1000
0000
1100
,
0000
1001
0000
0000
0001
0000
1000
0100
,
0000
1100
0000
0000
0010
0000
0010
0100
,
0000
0001
1000
1000
0000
1000
0000
0001
,
0000
1001
0000
0100
0000
1001
0000
0010
,
0000
1001
0000
0000
0220
0000
0000
0000
,
0000
0000
0330
0000
,
0000
0010
0100
0001
0000
0010
0000
0100
,
0000
0100
0000
1010
0000
0100
0000
0010
,
0000
1001
0000
0000
0100
0000
0100
0100
,
0000
1001
0000
0000
0010
0000
0010
0010
,
0000
1000
0100
1000
0000
0001
0000
0001
,
0000
1000
0001
1000
0000
0010
0000
0100
,
0000
1001
0000
0000
0010
0000
0000
0000
,
0001
0000
0000
0000
1000
0000
1000
0100
,
0001
0000
1000
1001
,
0100
0010
0001
0001
,
0010
1000
0100
0100
,
1000
0010
1000
1000
,
0000
0001
0100
0010
0000
0100
0000
1001
,
0000
1000
0010
0100
0000
0010
0000
0100
,
0000
1001
0000
0000
0001
0000
0001
0001
,
0000
0011
0000
0000
1000
0000
1000
1000
,
0000
1000
0100
0001
0000
0001
0000
1000
,
0000
0100
0010
0100
0000
0001
0000
1000
,
0000
1001
0000
0000
0010
0000
0000
0000
,
0100
0000
0000
0000
0100
0000
1000
0001
,
1000
0000
1001
0000
,
0101
0000
1010
0000
,
0110
0000
1100
0000
,
0011
0000
0000
0000
0110
0000
0000
1000
,
0001
1000
0001
1000
0000
0000
0000
0000
;

//---------------dance-single - Heavy----------------
#NOTES:
     dance-single:
     Heavy:
     Hard:
     7:
     0.453,0.397,0.480,0.085,0.039,369.000,68.000,12.000,0.000,0.000:
0000
0001
1000
0001
0000
0100
0010
0100
,
0000
1000
0001
1000
0000
1100
0000
0011
,
0000
1001
0000
0000
1000
0000
0010
0001
,
0000
1000
0000
0000
0001
0000
1000
0100
,
0000
1000
0001
0100
0000
1000
0001
0010
,
0000
0010
0100
0010
0000
1001
0000
0011
,
0000
1100
0000
0000
0220
0000
0000
0000
,
0000
0000
0000
0000
0330
0000
1000
0100
,
0010
0001
0000
0000
0001
0100
0000
0010
,
1000
0000
0000
0010
0000
0000
1000
0000
0000
0000
0001
0000
0000
0000
0010
0000
,
0001
0000
0000
0011
0000
0000
1001
0000
0000
0000
0001
0000
0000
0000
1000
0000
,
0010
0000
0000
0100
0000
0000
1000
0000
0000
0000
1000
0000
0000
0000
0100
0000
,
1000
0000
0000
1100
0000
0000
1001
0000
0000
0000
0100
0000
0000
0000
1000
0000
,
0001
0000
0000
0100
0000
0000
0100
0000
0000
0000
0010
0000
0000
0000
1000
0000
,
0010
0000
0000
0110
0000
0000
0110
0000
0000
0000
0010
0000
0000
0000
0001
0000
,
1000
0000
0000
0010
0000
0000
0010
0000
0000
0000
0100
0000
0000
0000
0001
0000
,
0010
0000
0000
0110
0000
0000
0110
0000
0000
0000
1000
0000
0100
0000
0001
0000
,
0100
1000
0000
0010
0000
0001
0010
0100
,
0000
0010
0100
1000
0001
0000
1000
0001
,
0000
1001
0000
0000
1000
0000
0001
1000
,
0000
1001
0000
0000
0000
0001
0010
1000
,
0010
0001
0000
0100
0000
1000
0100
0010
,
0000
0100
0010
0001
1000
0000
1000
0001
,
0000
1001
0000
0000
0001
0010
0100
1000
,
0000
0010
0100
1001
,
0000
1000
0100
0010
0001
0000
0001
1000
,
0000
0010
0100
1001
,
0000
0001
1000
0001
1000
0000
0100
0010
,
0000
0001
1000
0110
,
0000
1000
0001
1000
0001
0000
0010
0100
,
0000
1000
0010
0100
0002
0000
1000
0000
,
1000
1000
0100
0100
,
0010
0000
0013
0000
0000
0001
0010
0100
,
1000
0001
0000
0100
0000
0100
1000
0001
,
0000
0100
0010
0100
0010
0000
1000
0100
,
0000
1100
0000
0000
0100
0000
0001
0010
,
0000
0011
0000
0000
0000
1000
0100
0010
,
0001
1000
0000
0010
0000
0010
0001
1000
,
0000
0010
0100
0010
0100
0000
0001
0010
,
0000
0011
0000
0000
0010
1000
0100
1100
,
0000
0000
1000
0100
1000
0000
1001
0000
,
0000
0010
0001
1000
0100
0000
0001
0100
,
0000
0000
0001
0010
0001
0000
1001
0000
,
0000
0100
1000
0001
0010
0000
1000
0010
,
0000
0000
1000
0100
1000
0000
1001
0000
,
0000
0001
1000
0001
1000
0000
0010
0100
,
0000
1000
0100
0002
0000
0000
0000
0003
,
0000
0001
0100
2000
0000
0000
0000
0000
,
3000
0100
0010
1000
0000
0010
0100
0001
,
0000
1000
0001
1000
0000
0101
0000
1100
,
0000
1001
0000
0000
0011
0000
0100
1000
,
0000
1100
0000
0000
0010
0000
0001
0011
,
0000
1000
0100
0010
0000
0100
0010
0001
,
0000
0001
1000
0001
0000
0101
0000
0110
,
0000
1010
0000
0000
2002
0000
0000
0000
,
0000
0000
3003
0000
,
0000
0010
0100
0001
0000
0100
0010
1000
,
0000
0001
1000
0001
0000
1010
0000
0011
,
0000
1001
0000
0000
1100
0000
0010
0001
,
0000
0011
0000
0000
0100
0000
1000
1100
,
0000
0001
0010
0100
0000
0010
0100
1000
,
0000
1000
0001
1000
0000
1010
0000
0110
,
0000
0101
0000
0000
2002
0000
0000
0000
,
0000
0000
0000
0000
3003
0000
0001
0001
,
1000
0020
0000
0000
0130
0100
0000
0010
,
0100
0000
0000
0001
0000
0000
1001
0000
0000
0000
0001
0000
0000
0000
1000
0000
,
0010
0000
0000
0010
0000
0000
1010
0000
0000
0000
1000
0000
0000
0000
0100
0000
,
0001
0000
0000
0010
0000
0000
0011
0000
0000
0000
1000
0000
0001
0000
1000
0000
,
0000
0010
0100
0010
0000
1000
0100
1000
,
0000
0001
0010
0001
0000
0011
0000
0110
,
0000
1100
0000
0000
1001
0000
0010
0100
,
0000
0110
0000
0000
1001
0000
0100
0110
,
0000
0001
0010
0100
0000
0010
0100
1000
,
0000
0010
0100
0100
0000
1010
0000
0101
,
0000
1001
0000
0000
2002
0000
0000
0000
,
0000
0000
0000
0000
3003
0000
1000
0100
,
0010
0001
0000
0000
1001
0000
0000
0000
,
0011
0000
0000
0000
1100
0000
0000
0001
,
0010
0100
1000
0000
1001
0000
0000
0000
,
1001
0000
0000
0000
1100
0000
0000
0001
,
1000
0100
0010
0001
0000
0000
0000
0000
;

//---------------dance-single - Challenge----------------
#NOTES:
     dance-single:
     Challenge:
     Challenge:
     9:
     0.630,0.596,0.417,0.042,0.120,560.000,59.000,6.000,0.000,0.000:
0000
0010
1000
0100
0000
0010
0001
0100
,
0000
1000
0100
0010
0001
0100
0010
1000
,
0001
1000
0000
0000
1000
0010
0100
0001
,
0000
1001
0000
0001
0100
0010
1000
1001
,
0000
0010
0001
0100
0000
0010
1000
0100
,
0000
0001
0010
0100
1000
0010
0100
0001
,
1000
0001
0000
0000
0010
1000
0001
0100
,
0001
1000
0100
0001
1001
0000
0001
0010
,
0100
1000
0000
0000
1000
0100
1000
0010
,
0100
0000
0001
0010
0000
0010
0001
0000
1000
0000
0001
0000
1000
0000
0100
0000
,
0110
0000
0000
1010
0000
0000
1001
0000
0001
0000
0010
0000
0001
0000
0100
0000
,
0010
0000
1000
0100
0000
0100
1000
0000
0001
0000
1000
0000
0001
0000
0010
0000
,
0110
0000
0000
0101
0000
0000
1001
0000
1000
0000
0010
0000
1000
0000
0100
0000
,
1000
0000
0001
1000
0000
1000
0001
0000
0100
0000
0010
0000
1000
0000
0001
0000
,
0011
0000
0000
1001
0000
0000
0110
0000
0001
0000
0100
0000
0001
0000
0010
0000
,
0001
0000
1000
0001
0000
0001
1000
0000
0010
0000
0100
0000
0001
0000
1000
0000
,
1100
0000
0000
1001
0000
0000
0110
0000
0001
0000
0010
0000
0100
0000
1000
0000
,
0010
0100
0001
1000
0100
0010
0001
1001
,
0000
1001
0001
0010
0100
1000
0001
0100
,
0010
1000
0100
0010
0001
1000
0001
1001
,
0000
0220
0000
0330
0000
0011
0001
1000
,
0010
0100
0010
1000
0100
0001
0010
0011
,
0000
0100
0010
0100
1000
0100
0010
0001
,
1000
0010
0100
0001
1001
1100
0011
1001
,
1000
0100
1000
0100
1000
0100
1000
0100
1000
0000
0000
0000
1100
0000
0000
0000
,
1000
1000
0100
0100
0010
0010
0001
0001
,
0000
0010
0100
0010
0110
0000
1010
0000
,
1000
0100
0010
0001
0100
0010
1000
0001
,
0001
0010
0001
0010
0001
0010
0001
0010
0001
0000
0000
0000
0011
0000
0000
0000
,
0001
0001
0010
0010
0100
0100
1000
1000
,
0000
0100
0010
0100
0120
0000
1000
0000
,
1000
0100
0100
0001
,
0001
0000
0130
0000
1000
0001
0100
0001
,
0010
0001
1000
0001
0100
0010
0100
0001
,
0100
1000
0100
0010
0001
0100
0010
1000
,
0001
1001
0000
1000
0001
0010
0100
1000
,
0001
1001
0000
0001
1000
0010
1000
0100
,
1000
0001
1000
0010
0100
0010
1000
0010
,
0001
0010
0100
1000
0010
0100
0001
1000
,
0001
1001
0000
0010
0001
1000
0100
0001
,
1000
0001
1000
0001
1000
0001
1000
0001
1000
0000
0000
0000
1001
0000
0000
0000
,
1000
1000
0001
0001
0100
0100
0010
0110
,
0000
1000
0100
0010
0001
0000
1001
0000
,
0001
0010
0100
1000
0010
0100
0001
1000
,
0100
0010
0100
0010
0100
0010
0100
0010
0100
0000
0000
0000
0110
0000
0000
0000
,
0001
0001
1000
1000
0010
0010
0100
0110
,
0000
0001
0010
0100
2001
0000
3001
0000
,
1000
0100
0010
1002
0000
1000
0000
1003
,
0000
0010
1000
0100
0000
0010
0001
0100
,
0000
1000
0100
0010
0001
0100
0010
1000
,
0001
1000
0000
0000
1000
0010
0100
0001
,
0000
1001
0000
0001
0100
0010
1000
1001
,
0000
0010
0001
0100
0000
0010
1000
0100
,
0000
0001
0010
0100
1000
0010
0100
0001
,
1000
0001
0000
0000
0010
1000
0001
0100
,
0001
1000
0100
0001
1001
0011
1100
1001
,
0000
0001
0010
0100
0000
0010
0100
1000
,
0000
1000
0100
0001
0010
0100
1000
1000
,
0010
1010
0000
0010
0100
0010
1000
0001
,
1000
0100
1000
0001
0010
0100
1000
0001
,
0000
1000
0100
0010
0000
0100
0010
0001
,
0000
0001
0010
1000
0100
0010
0001
0001
,
0100
0101
0000
0100
0010
0100
0001
1000
,
0001
0010
0001
1000
0100
0010
0001
1000
,
0001
2000
0000
0000
3100
0010
0001
1000
,
0001
0000
0100
0010
0000
0010
0100
0000
0010
0000
0100
0000
1000
0000
0001
0000
,
1000
0000
0010
0100
0000
0100
0010
0000
1000
0000
0001
0000
0100
0000
0010
0000
,
0100
0000
1000
0001
0000
0001
1000
0000
0100
0000
0010
0000
0001
0000
1000
0000
,
0000
1000
0001
1000
0000
0001
1000
0001
,
0000
1000
0001
1000
0010
1000
0001
1000
,
0100
1000
0000
0001
1000
0001
0100
0001
,
1000
0001
0010
0001
0011
0110
1100
1001
,
0000
0001
1000
0001
0000
1000
0001
1000
,
0000
0001
1000
0001
0100
0001
1000
0001
,
0010
0001
0000
0000
0011
0001
0010
0100
,
1000
0001
0100
0010
1000
0000
0010
0001
,
0100
1000
0000
0000
1001
0000
0000
0000
,
1100
0000
0000
0000
0011
0000
0000
1000
,
0100
0010
0001
0000
1001
0000
0000
0000
,
1001
0000
0000
0000
0011
0000
0000
1000
,
0001
0010
0100
1000
0000
0000
0000
0000
;
