#TITLE:Go Go Go Power Rangers!;
#SUBTITLE:;
#ARTIST:Aerogroove;
#TITLETRANSLIT:;
#SUBTITLETRANSLIT:;
#ARTISTTRANSLIT:;
#CREDIT:;
#BANNER:powerranger.png;
#BACKGROUND:powerrangers-bg.png;
#LYRICSPATH:;
#CDTITLE:;
#MUSIC:Aerogroove - GoGoGo Power Rangers.mp3;
#OFFSET:-0.060;
#SAMPLESTART:41.667;
#SAMPLELENGTH:12.000;
#SELECTABLE:YES;
#BPMS:0.000=180.000;
#STOPS:;
#BGCHANGES:;
// cache tags:
#FIRSTBEAT:0.000;
#LASTBEAT:240.000;
#SONGFILENAME:Songs/All Songs/gogogoPowerRangers/powerrangers.sm;
#HASMUSIC:1;
#HASBANNER:1;
#MUSICLENGTH:81.475;
// end cache tags

//---------------dance-single - ----------------
#NOTES:
     dance-single:
     :
     Hard:
     10:
     1.000,1.000,0.761,0.000,0.743,576.000,62.000,0.000,0.000,0.000:
1001
1100
1001
0011
,
1001
0110
1001
0011
,
1000
0100
1000
0010
0100
0001
1000
0001
,
0010
0100
1000
0001
1000
0100
0010
0001
,
1000
0001
1000
0001
0010
0100
0010
0100
,
1000
0100
0010
0001
1000
0001
0010
0100
,
1000
0100
0010
0001
1000
0001
0010
0100
,
0010
0001
1000
0100
0010
0100
1000
0001
,
1000
0010
0100
0001
1000
0001
0010
0100
,
1001
0010
0100
1100
0010
0101
1000
1100
,
0001
0100
1001
1000
0100
0101
0010
0100
,
1001
1000
0100
1001
0010
1100
0100
0110
,
1001
0100
0010
1000
1001
0000
0100
0000
,
1001
0100
0010
0100
1001
0000
0100
0000
,
1001
1000
0100
0010
1001
0000
0100
0000
,
1001
0010
0100
1000
0100
0010
0001
1000
,
0110
1000
0100
1000
0110
0000
0001
0000
,
1001
1000
0100
0010
0110
0000
0100
0000
,
1001
0001
0100
0010
1000
0100
0010
1000
,
0001
0010
0100
1000
0001
1000
0100
0010
,
0001
1000
0100
1000
0001
0010
0001
1000
0100
0010
0100
1000
0001
0010
0100
0010
,
0100
1000
0001
0010
0100
0010
0001
1000
0001
1000
0100
0010
0001
1000
0001
0010
,
1000
0100
1000
0001
0100
0001
1000
0010
1000
0001
0010
0001
1000
0001
1000
0010
,
0100
0010
1000
0100
0010
0001
0010
0100
0010
0001
1000
0100
0010
0100
1000
0001
,
0010
0100
1000
0001
1000
0100
0010
0001
0010
0100
0010
0001
1000
0100
0010
0100
,
0010
0001
1000
0100
1000
0100
1000
0010
0100
0001
0010
0001
1000
0100
0010
0001
,
1000
0001
0010
0100
1000
0001
1000
0100
0010
0001
1000
0001
0010
0100
0010
0100
,
1000
0001
0010
0001
0010
0001
1000
0100
0010
0100
1000
0001
0010
0100
0010
0001
,
1000
0010
0001
0001
0010
0100
0100
1000
,
0010
0010
0100
1000
1000
0100
0010
0010
,
0001
0010
0100
0100
1000
0001
0001
0100
,
0010
0010
0100
1000
1000
0010
0001
0001
,
0010
0010
1000
1000
0100
0010
0010
1000
,
0100
0100
0010
1000
1000
0001
0010
0010
,
1000
1000
0100
0100
0010
0001
0001
0010
,
1000
1000
0100
0010
0010
0001
0100
0100
,
1000
0100
1000
0010
1000
0100
1000
0010
1000
0100
0010
0001
1000
0001
0010
0100
,
1000
0001
0100
0010
1000
0001
0100
0010
1000
0001
0100
0010
1000
0100
0010
0001
,
1100
0100
1010
0010
0101
0100
0011
0010
,
1010
0010
0101
0100
0110
0100
1001
0001
,
0001
0100
0001
0010
0001
0100
0001
0010
0001
0010
0100
1000
0001
1000
0100
0010
,
0100
1000
0001
0010
0100
0010
0001
1000
0001
0010
0100
1000
0001
1000
0010
0100
,
0001
1000
0100
0010
1001
0000
0010
0000
,
1001
0000
0010
0010
0000
0000
1001
0000
,
1001
1000
1100
0100
0110
0010
0011
0001
,
1001
1000
1010
0010
0110
0100
0101
0001
,
1001
0100
0001
0001
0010
1000
1000
0100
,
0010
0010
1000
0001
0001
0010
1000
1000
,
0010
1000
0100
0100
0001
0010
0010
0100
,
1000
1000
0100
0001
0001
1000
0010
0010
,
0100
0100
1000
1000
0100
0010
0010
1000
,
0001
0001
0100
1000
1000
0001
0010
0010
,
1000
0100
0001
0001
0010
1000
1000
0100
,
0010
0010
0001
0100
0100
1000
0001
0001
,
0010
0100
1000
0001
0010
0001
1000
0100
0010
0001
1000
0010
0100
0010
1000
0001
,
0010
0100
1000
0100
0010
0100
1000
0001
1000
0001
0010
0100
0010
0001
1000
0001
,
1100
0100
1010
0010
1001
1000
0101
0100
,
0011
0010
1001
0001
1010
0010
0110
0100
,
1001
0010
0100
1000
0001
0010
0100
0010
0001
1000
0100
0010
0100
1000
0010
0100
,
1001
0000
0000
0000
0010
0000
0100
0000
0000
0000
1001
0000
1000
0000
0010
0100
,
1001
0000
0000
0000
;
