#TITLE:Y31;
#SUBTITLE:;
#ARTIST:tiger YAMATO;
#TITLETRANSLIT:;
#SUBTITLETRANSLIT:;
#ARTISTTRANSLIT:;
#CREDIT:;
#BANNER:y31-banner.png;
#BACKGROUND:y31-bg.png;
#LYRICSPATH:;
#CDTITLE:!cynicTitle.png;
#MUSIC:Y31 - Tiger Yamato.mp3;
#OFFSET:-0.390;
#SAMPLESTART:36.091;
#SAMPLELENGTH:11.980;
#SELECTABLE:YES;
#BPMS:0.000=167.998;
#STOPS:;
#BGCHANGES:;
// cache tags:
#FIRSTBEAT:8.000;
#LASTBEAT:305.000;
#SONGFILENAME:Songs/All Songs/y31/y31.sm;
#HASMUSIC:1;
#HASBANNER:1;
#MUSICLENGTH:114.073;
// end cache tags

//---------------dance-single - ----------------
#NOTES:
     dance-single:
     :
     Hard:
     11:
     1.000,0.969,1.000,0.491,0.210,579.000,216.000,56.000,0.000,0.000:  // measure 1
0000
0000
0000
0000
,  // measure 2
0000
0000
0000
0000
,  // measure 3
0001
0000
0000
0100
0000
1100
0000
1010
,  // measure 4
0100
0000
0001
0010
0000
0011
0000
1100
,  // measure 5
1001
0100
0001
1010
0000
0101
0000
1010
,  // measure 6
0100
0100
0101
0011
0000
1100
0000
0010
,  // measure 7
1001
0011
0010
1100
0000
1100
0000
1010
,  // measure 8
0101
0100
0010
1010
0000
1100
0000
0011
,  // measure 9
1001
0100
1010
0011
0000
0110
0000
0101
,  // measure 10
1001
0100
0110
0011
0100
1000
0110
0100
,  // measure 11
1001
0010
1000
1010
0100
1010
0001
0010
,  // measure 12
0101
1000
0100
0011
0100
0110
1000
0010
,  // measure 13
1001
0001
0100
1010
0010
0101
1000
0010
,  // measure 14
1001
0010
1000
1100
0100
0011
0010
0001
,  // measure 15
0110
0010
1000
1010
0100
0101
0010
0100
,  // measure 16
0011
0010
0100
1010
0100
1100
1000
0010
,  // measure 17
0101
0001
0100
0101
0010
0011
0100
1000
,  // measure 18
1010
0100
0010
1001
0100
0110
0010
1001
,  // measure 19
1100
0001
1010
0101
0100
1010
0001
1100
,  // measure 20
1010
0100
0011
1010
0011
0000
1002
0100
,  // measure 21
0103
2010
0100
3001
0120
0001
0031
0102
,  // measure 22
1000
0203
0010
0301
2000
3100
2001
0010
,  // measure 23
3010
0102
0010
1003
0210
1000
1300
2010
,  // measure 24
0001
3020
0100
1030
0002
0013
0210
1000
,  // measure 25
1300
0021
1000
0130
1002
0100
0103
1200
,  // measure 26
0010
2300
0001
3100
0020
1030
0120
0001
,  // measure 27
0031
1200
0001
0310
2001
0010
3010
0021
,  // measure 28
0100
0032
1000
0013
0200
0000
0000
0020
,  // measure 29
0000
0000
0000
0000
0000
0330
2002
0000
,  // measure 30
3003
0000
0220
0000
0000
0000
0330
0000
1001
0000
0100
0000
1010
0000
0010
0001
,  // measure 31
0010
1000
0100
0000
0100
0000
0110
0000
0010
0001
0100
0000
0100
0000
1000
0100
,  // measure 32
0001
0010
0100
1000
0200
0000
0000
0000
0000
0000
0020
0000
0000
0000
0000
0000
,  // measure 33
0000
0000
0000
0000
0000
0330
2002
0000
,  // measure 34
3003
0000
0220
0000
0000
0000
0330
0000
1001
0000
0100
0000
0011
0000
0010
0100
,  // measure 35
1000
0001
0100
0010
0000
0010
0000
0010
2000
0000
3100
0000
0011
0000
0010
0100
,  // measure 36
1000
0001
0100
0010
1000
0000
0100
0000
2001
0000
0100
0000
0010
0000
3001
0000
,  // measure 37
0000
1002
0100
1000
0010
0100
0010
1003
,  // measure 38
0000
0010
0110
0100
2001
0100
0010
3001
,  // measure 39
0000
0012
1000
0100
0010
1000
0100
0013
,  // measure 40
0000
2001
0100
3010
0110
0001
0100
1000
,  // measure 41
0110
0001
0100
1000
0101
0001
0010
0100
,  // measure 42
1010
0010
0001
1000
0100
0001
0011
0001
,  // measure 43
0100
0001
1010
0001
0100
0001
0011
1000
,  // measure 44
0001
0000
0100
0000
1000
0000
0001
0000
1001
0000
0010
1000
0100
0000
0101
0000
,  // measure 45
0001
0000
1010
0000
0100
0000
0101
0000
0010
1000
0010
0000
1010
0000
1100
0000
,  // measure 46
0100
0000
0011
0000
0010
0100
1000
0000
1001
0000
1100
0000
0100
0000
0011
0000
,  // measure 47
0100
0000
0011
0000
0010
0000
0101
0000
1010
0000
0010
1000
0001
0000
0101
0000
,  // measure 48
0010
0011
0001
1100
1001
0010
0101
1100
,  // measure 49
0010
0110
0100
1010
1001
0010
0110
1100
,  // measure 50
0010
1000
0001
0000
0110
0000
0010
0000
1001
0000
0100
1000
0001
0000
0101
0000
,  // measure 51
0010
0000
0101
0000
1000
0001
0100
0000
1010
0000
0001
1000
0010
0000
1100
0000
,  // measure 52
0010
0000
0110
0000
0001
1000
0100
0000
1001
0000
1000
0001
0010
0000
0101
0000
,  // measure 53
0100
0000
1010
0000
0001
1000
0100
0000
1001
0000
0100
1000
0001
0000
0011
0000
,  // measure 54
0010
0000
1100
0000
0100
0000
1000
0000
0110
0000
0100
1000
0001
0000
0101
0000
,  // measure 55
0010
0000
1010
0000
0100
0001
0010
0000
1100
0000
0100
1000
0010
0000
0101
0000
,  // measure 56
0010
0000
0011
0000
0001
1000
0100
0000
1010
0000
1000
0001
0010
0000
1010
0000
,  // measure 57
0100
0000
1100
0000
0010
1000
0001
0000
0101
0000
0010
0001
0100
0000
1001
0000
,  // measure 58
0010
0110
0100
1001
0011
1000
0101
1010
,  // measure 59
0010
0101
1000
0011
0101
0010
1100
0101
,  // measure 60
1100
0000
0101
0000
1001
0000
0100
0001
0010
0000
1010
0000
1001
0000
0101
0000
,  // measure 61
0010
0000
1010
0000
0100
0001
0100
0000
0101
0000
0011
0000
0110
0000
1100
0000
,  // measure 62
0100
0010
0001
0000
1001
0000
0011
0000
0010
0000
1100
0000
0011
0000
1100
0000
,  // measure 63
0100
0000
1010
0000
0101
0000
0100
0001
1000
0000
1010
0000
0101
0000
1100
0000
,  // measure 64
1000
0011
1001
0100
1010
0011
0100
0110
,  // measure 65
1010
0000
0101
0000
1001
0000
0100
0000
0110
0000
0011
0000
0100
0001
1000
0000
,  // measure 66
0110
0000
0100
0000
1001
0000
0010
0001
1000
0000
1010
0000
0101
0000
1010
0000
,  // measure 67
0001
1000
0010
0000
0101
0000
1000
0001
0100
0000
0011
0000
1100
0000
0110
0000
,  // measure 68
1000
0001
0010
0000
1001
0000
0001
1000
0100
0000
1010
0000
1010
0000
0101
0000
,  // measure 69
1000
0001
0010
0000
1001
0000
0010
0001
1000
0000
1100
0000
0101
0000
0011
0000
,  // measure 70
0010
0000
1001
0000
0110
0000
0010
0001
1000
0000
1010
0000
0101
0000
0101
0000
,  // measure 71
0010
1000
0100
0000
0011
0000
0010
0001
1000
0000
0220
0000
0000
0000
0000
0000
,  // measure 72
0000
0000
0330
0000
0102
0000
0010
0000
1000
0000
0200
0003
0000
0000
0001
0000
,  // measure 73
1000
0000
0010
0000
2000
0300
0010
0000
0100
0000
0001
0000
0020
3000
0100
0000
,  // measure 74
1000
0000
0002
0030
0100
0000
1000
0000
0010
0000
0200
0003
1000
0000
0001
0000
,  // measure 75
0010
0000
1000
0000
0001
0000
2000
0300
0020
3000
0002
0030
0200
0003
2000
0300
,  // measure 76
0020
3000
0200
0000
0000
0000
0000
0000
0000
0000
0000
0000
0000
0000
0000
0000
,  // measure 77
0000
0330
0000
0000
;
