#TITLE:MAX 300;
#SUBTITLE:;
#ARTIST:Ω;
#TITLETRANSLIT:;
#SUBTITLETRANSLIT:;
#ARTISTTRANSLIT:OMEGA;
#CREDIT:;
#BANNER:MAX 300.png;
#BACKGROUND:MAX 300-bg.png;
#LYRICSPATH:;
#CDTITLE:!konamiTitle.png;
#MUSIC:MAX 300.mp3;
#OFFSET:-0.895;
#SAMPLESTART:13.630;
#SAMPLELENGTH:12.000;
#SELECTABLE:YES;
#BPMS:0.000=300.000,286.000=200.000,287.000=150.000,288.000=125.000,288.500=100.000,289.000=75.000,289.500=50.000,290.000=300.000;
#STOPS:290.000=1.150
;
#BGCHANGES:;
// cache tags:
#FIRSTBEAT:16.000;
#LASTBEAT:430.000;
#SONGFILENAME:Songs/All Songs/MAX 300/MAX 300.sm;
#HASMUSIC:1;
#HASBANNER:1;
#MUSICLENGTH:92.029;
// end cache tags

//---------------dance-single - ----------------
#NOTES:
     dance-single:
     :
     Hard:
     10:
     0.896,0.993,0.196,0.043,0.076,555.000,18.000,4.000,0.000,0.000:  // measure 1
0000
0000
0000
0000
,  // measure 2
0000
0000
0000
0000
,  // measure 3
0000
0000
0000
0000
,  // measure 4
0000
0000
0000
0000
,  // measure 5
0001
0000
0100
0000
0010
1000
0000
0010
,  // measure 6
1000
0000
0100
0000
0010
0001
0000
0010
,  // measure 7
0001
0000
1000
0000
0001
0100
0000
0010
,  // measure 8
1000
0001
0001
0000
,  // measure 9
1000
0000
0100
0000
0010
0001
0000
0010
,  // measure 10
0001
0000
0100
0000
0010
1000
0000
0010
,  // measure 11
1000
0000
0001
0000
1000
0100
0000
0010
,  // measure 12
0001
1000
1000
0000
,  // measure 13
0001
0000
1000
0100
1000
0100
1000
0100
,  // measure 14
1000
0000
0001
0100
0001
0100
0001
0100
,  // measure 15
0010
1000
0010
0000
0100
0001
0100
0000
,  // measure 16
0001
0010
0100
1000
0010
0100
0001
1000
,  // measure 17
0010
1000
0010
1000
,  // measure 18
0001
0100
0001
0100
,  // measure 19
0010
1000
0100
0010
,  // measure 20
0001
1000
0100
0010
,  // measure 21
0001
0010
0001
0010
0001
0010
0001
0010
,  // measure 22
0100
1000
0100
1000
0100
1000
0100
1000
,  // measure 23
0001
0010
0100
1000
0010
0100
0001
1000
,  // measure 24
0100
0010
0001
0100
0010
1000
0001
0100
,  // measure 25
0010
0100
0010
1000
,  // measure 26
0100
0010
0001
0100
,  // measure 27
0001
1000
0010
0100
,  // measure 28
0010
1000
0100
0010
,  // measure 29
0001
0100
0001
0100
0001
1000
0001
1000
,  // measure 30
0001
0010
0001
0010
0001
1000
0001
1000
,  // measure 31
0001
0000
0000
0000
0000
0000
0000
0000
0000
0000
0000
0000
0000
0000
0000
0000
0101
0000
0000
0000
0000
0000
0000
0000
0000
0000
0000
0000
0000
0000
0000
0000
0000
1100
0000
0000
0000
0000
0000
0000
0000
0000
0000
0000
0000
0000
0000
0000
,  // measure 32
0010
0001
1000
0100
,  // measure 33
0010
0001
0010
0000
0001
0100
0001
0000
,  // measure 34
0100
0010
1000
0001
,  // measure 35
1000
0010
1000
0000
0010
0100
0010
0000
,  // measure 36
0100
0001
1000
0010
,  // measure 37
1000
0001
1000
0000
0001
1000
0001
0000
,  // measure 38
1000
1000
0001
0001
,  // measure 39
0010
0000
0001
0100
0001
0000
0100
0010
,  // measure 40
0100
0001
1000
0010
,  // measure 41
1000
0000
0100
0010
0100
0000
0010
0001
,  // measure 42
0010
0100
1000
0001
,  // measure 43
1000
0000
0001
0100
0010
1000
0001
0100
,  // measure 44
0010
0010
0100
0100
,  // measure 45
0001
1000
0001
0000
1000
0001
1000
0000
,  // measure 46
0001
0100
0001
0000
0100
0010
0100
0000
,  // measure 47
0010
1000
0010
0000
1000
0100
1000
0000
,  // measure 48
0100
0010
0100
0000
0010
0001
0010
0000
,  // measure 49
0001
0100
0001
0000
1000
0100
1000
0000
,  // measure 50
0001
0010
0001
0000
1000
0100
1000
0000
,  // measure 51
0001
1000
0100
0000
0010
0001
0100
0000
,  // measure 52
0001
1000
0010
0000
0100
0001
1000
0000
,  // measure 53
0100
1000
0001
0000
0010
0001
1000
0000
,  // measure 54
0010
0100
0001
0000
1000
0100
0010
0000
,  // measure 55
0001
1000
0001
0000
1000
0000
0000
0000
,  // measure 56
1100
0000
0101
0000
,  // measure 57
1000
0000
0100
1000
0000
0001
0100
0001
,  // measure 58
1000
0000
0010
1000
0000
0001
0010
0001
,  // measure 59
0010
0000
0100
0000
1000
0001
1000
0001
,  // measure 60
1000
1100
0011
0000
,  // measure 61
0001
0000
0100
0001
0000
1000
0100
1000
,  // measure 62
0001
0000
0010
0001
0000
1000
0010
1000
,  // measure 63
0010
0000
0100
0000
0001
1000
0001
1000
,  // measure 64
0001
0101
1010
0000
,  // measure 65
0010
0000
1000
0001
1000
0100
1000
0001
,  // measure 66
0010
0000
0001
1000
0001
0100
0001
1000
,  // measure 67
0010
0000
1000
0100
0010
0001
0100
0010
,  // measure 68
1000
1100
0101
0000
,  // measure 69
1000
0000
0001
0100
0001
0100
0001
0100
,  // measure 70
0001
0000
1000
0100
1000
0100
1000
0100
,  // measure 71
1000
0000
0001
0000
1000
0000
0001
0000
1000
0000
0001
0000
,  // measure 72
0100
0000
2002
0000
,  // measure 73
0000
0000
0000
0000
0000
0000
0000
0000
0000
0000
0000
3003
0000
0000
0000
0000
0000
0000
1000
0000
0000
0000
0000
0000
,  // measure 74
0001
0000
0010
0100
1000
0001
1000
0100
,  // measure 75
0010
0001
1000
0001
0100
0000
0010
0000
,  // measure 76
1000
0100
1000
0001
1000
0000
0010
1000
,  // measure 77
0001
0100
0001
0000
0010
0100
1000
0100
,  // measure 78
1000
0001
1000
0010
1000
0001
0100
0000
,  // measure 79
0010
1000
0100
0010
0001
0000
0100
0001
,  // measure 80
0000
0000
1000
0000
0001
0100
0010
1000
,  // measure 81
0010
1000
0001
0000
1000
0000
0001
0100
,  // measure 82
0001
0100
0001
0000
1000
0100
1000
0100
,  // measure 83
1000
0000
0010
0100
0010
0100
0010
0000
,  // measure 84
1000
0001
1000
0001
1000
0000
0001
0100
,  // measure 85
0001
0010
0001
0000
1000
0100
1000
0010
,  // measure 86
1000
0000
0010
0100
0010
1000
0001
0000
,  // measure 87
1000
0001
1000
0010
0100
0000
0001
0010
,  // measure 88
0100
1000
0001
0000
1000
0100
1000
0010
,  // measure 89
1000
0001
1000
0010
1000
0100
0010
0000
,  // measure 90
0001
1000
0000
1000
0001
0000
0010
0000
,  // measure 91
0011
0000
0000
1100
0000
0000
0100
0000
,  // measure 92
1000
0001
0000
0001
1000
0000
0100
0000
,  // measure 93
1100
0000
0000
0011
0000
0000
0001
0000
,  // measure 94
0010
0100
0000
0100
0010
0000
0001
0000
,  // measure 95
0100
0010
0000
0010
0100
0000
0010
0000
,  // measure 96
1000
0001
0000
0001
1000
0000
0001
0000
,  // measure 97
1001
0000
0000
1001
0000
0000
0010
0000
,  // measure 98
0001
1000
0001
0000
0100
0000
0001
0000
,  // measure 99
0010
0100
0010
0000
0001
0000
0100
0000
,  // measure 100
0001
1000
0001
0000
0010
0000
1000
0000
,  // measure 101
0100
0010
0100
0000
1000
0000
0010
0100
,  // measure 102
0010
1000
0001
0100
0010
1000
0001
0010
,  // measure 103
0100
0000
0000
1000
0000
0000
0010
0000
0000
0100
0000
0000
0001
0000
0000
1000
0000
0000
0001
0000
0000
0000
0001
0000
,  // measure 104
0000
0001
0000
0000
0000
0000
0000
0000
0000
1000
0000
1000
,  // measure 105
0000
1000
0000
0000
0000
0000
0000
0000
0000
0010
0000
0010
,  // measure 106
0000
0010
0000
0100
0000
0100
0000
0100
0000
2002
0000
0000
,  // measure 107
0000
0000
0000
0000
,  // measure 108
0000
0000
3003
0000
;
