#TITLE:Super Mario Bros.;
#SUBTITLE:(Dirty Mix);
#ARTIST:A Scholar & A Physician;
#TITLETRANSLIT:;
#SUBTITLETRANSLIT:;
#ARTISTTRANSLIT:;
#CREDIT:;
#BANNER:superMarioBrosDirtyMix.png;
#BACKGROUND:superMarioBrosDirtyMix-bg.png;
#LYRICSPATH:;
#CDTITLE:!a0Title.png;
#MUSIC:superMarioBrosDirtyMix.mp3;
#OFFSET:-5.549;
#SAMPLESTART:14.660;
#SAMPLELENGTH:15.500;
#SELECTABLE:YES;
#BPMS:0.000=210.020;
#STOPS:;
#BGCHANGES:;
// cache tags:
#FIRSTBEAT:0.000;
#LASTBEAT:274.500;
#SONGFILENAME:Songs/All Songs/Super Mario Bros (Dirty Mix)/superMarioBrosDirtyMix.sm;
#HASMUSIC:1;
#HASBANNER:1;
#MUSICLENGTH:84.062;
// end cache tags

//---------------dance-single - ----------------
#NOTES:
     dance-single:
     :
     Hard:
     10:
     0.907,1.000,1.000,0.642,0.321,357.000,123.000,54.000,0.000,0.000:  // measure 1
0011
0000
0000
1100
0000
0000
1001
0000
,  // measure 2
0000
0110
0000
1001
0000
1000
0011
0000
,  // measure 3
1000
0000
0000
0000
0110
0000
0000
0000
0000
0001
0000
0000
0110
0000
0000
0000
0000
0000
1000
0000
0000
0110
0000
0000
,  // measure 4
0000
1100
0000
1000
0010
0101
0000
1000
,  // measure 5
0110
0000
0000
1100
0000
0000
0011
0000
,  // measure 6
0000
1010
0000
0011
0000
1000
0010
0000
,  // measure 7
0011
0000
1100
0011
1100
0000
0110
1001
,  // measure 8
0000
0000
0000
0000
1001
0000
0000
0000
0000
0000
0000
0000
1001
0000
0000
0000
2002
3000
0000
0000
0000
0000
0000
0000
1000
0000
0000
0000
0000
0000
0000
0000
,  // measure 9
0003
0000
0000
0000
1100
0000
1000
0000
0010
0100
0001
0000
1000
0000
0000
0000
,  // measure 10
0010
0000
0000
0000
1000
0000
0010
0000
1000
0010
0100
0000
0010
1000
0001
0000
,  // measure 11
0100
0000
0000
0000
0010
1000
0100
0010
0100
1000
0001
0000
0000
0000
1100
0000
,  // measure 12
0000
0000
0101
0000
1100
0000
1100
0000
1100
0000
0000
0000
0001
1000
0001
1000
,  // measure 13
0110
0000
0010
1000
0101
0010
0101
0000
,  // measure 14
0000
0010
0100
1001
0000
0100
0010
1001
,  // measure 15
0000
0000
0002
0000
0000
1000
0003
0000
,  // measure 16
0110
0000
0100
0110
1001
0000
0101
0000
,  // measure 17
0000
0000
0000
0000
0000
0000
0000
0000
0010
0000
0000
0000
1000
0000
0000
0000
0001
0010
0100
0010
0001
0000
0000
0000
0000
0000
0000
0000
1001
0000
0000
0000
,  // measure 18
0000
0010
1000
0001
0000
0010
0001
1000
,  // measure 19
0000
0000
1000
0100
0010
0001
0000
0200
,  // measure 20
0000
0000
0310
0000
0000
0000
1000
0000
1000
0100
0010
0001
1000
0100
0010
0001
,  // measure 21
0000
0000
0000
0000
0001
0000
0100
0000
0010
0000
1000
0000
0001
1000
0010
1000
,  // measure 22
0100
0001
0010
0100
0000
0010
1100
0010
,  // measure 23
0000
0000
0010
0000
0000
0110
0000
0000
,  // measure 24
1000
0000
0001
0001
0001
0000
0010
0000
,  // measure 25
0100
0000
1000
0000
0000
0000
2000
0000
0000
0000
0000
0000
0020
0030
0000
3002
,  // measure 26
0000
0000
0000
0100
0103
0000
0000
0000
,  // measure 27
0021
0000
0000
0000
1030
0000
0000
0000
0000
0000
0000
0000
0101
0000
0000
0000
0000
0000
0000
0000
1001
0000
0000
0000
0201
0300
0000
0000
1010
0000
0000
0000
,  // measure 28
0000
0000
0000
0000
,  // measure 29
0021
0130
0000
0110
0000
2100
3010
0000
,  // measure 30
0210
0310
0000
2001
3001
0000
0000
0000
,  // measure 31
0012
0013
0000
0110
0000
2010
3100
0000
,  // measure 32
0110
0000
1001
0000
,  // measure 33
1000
0000
0100
0000
0010
0000
0001
0000
1000
0100
0010
0001
1000
0100
0010
0001
0000
0000
0000
0000
0000
0000
0000
0000
0000
0000
0000
0000
0000
0000
0000
0000
,  // measure 34
0001
0000
1000
0000
0001
0000
1000
0000
0001
0100
0010
1000
0101
0000
0000
0000
,  // measure 35
0210
0000
0000
0000
0300
0000
1200
0000
0000
0000
0300
0000
0220
0000
0000
0000
0330
0000
0021
0030
0000
0000
0000
0000
0001
0000
0000
0000
1000
0000
0000
0000
,  // measure 36
0000
0000
0000
0000
0001
0000
0000
0000
0000
0000
0000
0000
2020
0030
0000
0000
3200
0000
0000
0000
1300
0000
0000
0000
0000
0000
0000
0000
0000
0000
0000
0000
,  // measure 37
0001
0000
0000
2000
0000
0000
3200
0000
,  // measure 38
0000
0320
0000
0032
0000
0100
0103
0000
,  // measure 39
1001
0000
1000
0001
0010
0000
0000
0000
0000
0000
0000
0000
0000
0000
0000
0000
,  // measure 40
1001
0000
0001
0100
0010
0000
0000
0000
0000
0000
0000
0000
0000
0000
0000
0000
,  // measure 41
0011
0100
1001
0100
0011
0100
1010
0001
,  // measure 42
0110
0001
1010
0001
0110
0001
1100
0001
,  // measure 43
0110
1000
1010
1000
0110
1000
1010
1000
,  // measure 44
0110
1000
1010
0100
0110
0220
0000
0000
,  // measure 45
0000
0000
0330
0000
0000
0002
0000
0000
,  // measure 46
0100
0000
0100
1000
,  // measure 47
0100
0000
0000
0000
0100
0010
0000
0000
,  // measure 48
1000
0000
0100
0010
,  // measure 49
1003
0000
0000
0000
1000
2000
0000
0000
,  // measure 50
3200
0000
0000
0320
0000
0000
0031
0000
,  // measure 51
0010
0000
0000
0000
0000
0000
0010
0000
0000
0100
0000
0000
0000
0000
0000
0002
0000
0000
0000
0000
0010
0000
0000
0000
,  // measure 52
0100
0000
1000
0000
0000
0100
0000
0000
0010
0000
2000
0000
0000
0000
0000
0000
,  // measure 53
0000
0000
0000
3003
0000
0000
0201
1300
,  // measure 54
0000
0010
0000
0000
1100
0000
1001
0100
,  // measure 55
0000
0000
0010
0000
1001
0000
0000
0000
0000
0000
0000
0210
0300
0000
0012
0003
,  // measure 56
0000
1200
0300
0000
1002
0003
0000
1200
0300
0000
0012
0003
0210
0300
1001
0000
,  // measure 57
0000
0000
0000
0000
0021
0030
0000
0000
2002
3003
0000
0000
0000
0000
0000
0000
0000
0000
0000
0000
0000
0000
0000
0000
0001
0000
0000
0000
0100
0000
0000
0000
,  // measure 58
0000
0000
0000
0010
0000
0000
0000
0000
0000
0000
0000
0000
1000
0000
0000
0000
0000
0000
0001
0000
0010
0000
0100
0000
,  // measure 59
1000
0000
0000
0000
0000
0000
0000
0000
0000
0000
0000
0000
0000
0000
0000
0000
0001
0000
0000
0000
0000
0000
0000
0000
0000
0000
0000
0000
0000
0000
0000
0000
0010
0000
0000
0000
0000
0000
0000
0000
0000
0000
0000
0000
0000
0000
0000
0000
0100
0000
0000
0000
0000
0000
0000
0000
0000
0000
0000
0000
0000
0000
0000
0000
1000
0000
0000
0000
0000
0000
0000
0000
0000
0000
0000
0000
0000
0000
0000
0000
0001
0000
0000
0000
0000
0000
0000
0000
0000
0000
0000
0000
0000
0000
0000
0000
0010
0000
0000
0000
0000
0000
0100
0000
0000
0000
0000
0000
1000
0000
0000
0000
0000
0000
0001
0000
0000
0000
0000
0000
0010
0000
0000
0000
0000
0000
0000
0000
0000
0000
0000
0000
0000
0000
0000
0000
0000
0000
0000
0000
0000
0000
0000
0000
1000
0000
0000
0000
0000
0000
0000
0000
0000
0000
0000
0000
0000
0000
0000
0000
0000
0000
0000
0000
0000
0000
0000
0000
0010
0000
0000
0000
0000
0000
0000
0000
0000
0000
0000
0000
0100
0000
0000
0000
0000
0000
0000
0000
0000
0000
0000
0000
,  // measure 60
0010
0000
0110
0000
1000
0010
0100
0000
1001
0000
1100
0000
1100
0000
1100
0000
,  // measure 61
0000
0101
0101
0000
0000
0000
0100
0011
,  // measure 62
0000
0000
0201
0000
0300
0000
0000
0000
2002
0000
0000
0003
3010
0000
0210
0000
,  // measure 63
0000
0000
0000
0320
0000
0000
1030
0000
0000
0000
0000
0000
0000
0000
0000
0000
0000
0000
0002
0000
0000
0000
0010
0000
,  // measure 64
0000
0000
0010
0000
0000
0000
0100
0000
0000
0000
1000
0000
0000
0000
0000
2003
0000
0000
0001
0000
0000
3100
0000
0000
,  // measure 65
0000
0002
1003
0000
0000
0000
0100
1100
,  // measure 66
0000
0011
0000
0000
0110
0000
0110
1001
,  // measure 67
0000
0011
0100
0000
0000
0000
0010
1010
,  // measure 68
0000
0000
0000
0011
0000
0000
0110
0000
0000
0000
1100
0000
0000
0000
0000
1100
0000
0000
0101
0000
0000
1100
0000
0000
,  // measure 69
0000
0000
1001
0000
1001
0000
0000
0000
0100
0010
1001
0000
0000
0000
0000
0000
;
