#TITLE:EXE;
#SUBTITLE:;
#ARTIST:Mr.T;
#TITLETRANSLIT:;
#SUBTITLETRANSLIT:;
#ARTISTTRANSLIT:;
#CREDIT:;
#BANNER:exe-bnr.PNG;
#BACKGROUND:exe-bg.PNG;
#LYRICSPATH:;
#CDTITLE:!eggmanTitle.png;
#MUSIC:18.EXE.mp3;
#OFFSET:-0.400;
#SAMPLESTART:37.975;
#SAMPLELENGTH:12.000;
#SELECTABLE:YES;
#BPMS:0.000=158.000;
#STOPS:;
#BGCHANGES:;
// cache tags:
#FIRSTBEAT:0.000;
#LASTBEAT:287.500;
#SONGFILENAME:Songs/All Songs/Eggman - EXE/EXE.sm;
#HASMUSIC:1;
#HASBANNER:1;
#MUSICLENGTH:113.087;
// end cache tags

//---------------dance-single - ----------------
#NOTES:
     dance-single:
     :
     Hard:
     10:
     1.000,0.985,0.937,0.000,1.000,799.000,106.000,0.000,0.000,0.000:  // measure 1
0010
1000
0000
0000
0000
0100
0000
0010
0001
1000
0000
0000
0000
0000
0000
0010
,  // measure 2
1000
0100
0000
0000
0000
0010
0000
0100
0000
0000
0000
1000
0000
0010
0100
0000
,  // measure 3
0010
0100
0001
0000
0000
1000
0100
0010
0001
1000
0010
0000
0000
0000
0100
0010
,  // measure 4
1000
0100
0010
0000
0000
0001
1000
0010
0100
0010
1000
0100
0000
0010
0100
0000
,  // measure 5
1000
0010
0100
0000
0001
0100
0010
1000
0100
0010
0100
0000
0110
0000
1000
0010
,  // measure 6
0100
0010
1000
0000
0001
1000
0100
0010
0000
0000
0001
0010
0100
1000
0010
0000
,  // measure 7
0100
0010
1000
0000
0001
0100
0010
0100
0001
1000
0001
0000
1001
0000
0010
0100
,  // measure 8
0001
1000
0001
1000
0001
1000
0001
1000
0001
1000
0100
0010
0001
0010
0100
1000
,  // measure 9
0010
0100
0010
1000
0100
0010
0001
0000
1000
0001
0100
0001
1000
0100
0010
0000
,  // measure 10
0001
1000
0010
1000
0001
1000
0100
0000
0010
0100
1000
0010
0100
0001
1000
0000
,  // measure 11
0001
1000
0000
0000
0100
0010
0000
0001
1000
0010
0100
0010
1000
0100
0010
0001
,  // measure 12
1000
0010
0100
0000
0010
1000
0100
0010
0001
0100
0010
0100
0001
1000
0100
0010
,  // measure 13
0001
1000
0001
0100
0010
0100
0001
0000
1000
0100
0010
0100
1000
0010
0100
0000
,  // measure 14
0010
1000
0001
0100
0010
0100
0001
0000
1000
0001
0100
0001
1000
0100
0010
0000
,  // measure 15
0100
0010
0000
0000
0001
1000
0000
0010
1000
0100
0010
0100
1000
0010
0100
0010
,  // measure 16
1001
0001
0101
1010
1001
0110
1001
0100
,  // measure 17
0010
0100
1000
0000
1100
0000
0010
0001
0100
0000
0010
0000
1010
0000
1000
0000
,  // measure 18
0100
0000
0010
0000
0110
0000
0001
0010
0100
0000
0110
0000
1001
0000
1100
0000
,  // measure 19
0100
1000
0010
0000
1010
0000
0010
0100
0001
0000
0100
0000
0101
0000
0001
0000
,  // measure 20
1000
0000
0100
0000
1100
0000
0010
0001
0100
0000
0101
0000
1010
0000
0110
0000
,  // measure 21
0010
0100
0001
0000
0101
0000
0010
0100
0001
0000
0100
0000
0101
0000
0010
0000
,  // measure 22
1000
0000
0100
0000
1100
0000
0010
0100
0010
0000
0110
0000
1001
0000
0011
0000
,  // measure 23
0001
0010
0100
1000
0010
0100
0001
0000
1000
0010
0000
0010
1000
0100
0010
0000
,  // measure 24
0100
1000
0100
1000
0010
0100
0001
0100
0010
1000
0100
0010
0001
1000
0100
0010
,  // measure 25
0001
1000
0010
1000
0100
0000
0010
0001
0100
0010
0000
0100
0001
0000
1000
0000
,  // measure 26
0001
1000
0000
0100
1000
0000
0010
1000
0100
0010
0001
0100
0010
0000
0110
0000
,  // measure 27
0010
0100
0001
1000
0100
0000
0010
0100
1000
0010
0000
0100
0010
0000
1000
0000
,  // measure 28
0001
1000
0000
1000
0001
0000
0001
1000
0010
0100
0010
1000
0001
0000
1001
0000
,  // measure 29
1000
0100
0010
0100
1000
0000
0010
0100
0001
1000
0000
1000
0001
0000
0100
0000
,  // measure 30
0010
1000
0000
1000
0100
0000
0010
0100
1000
0010
0100
0001
0100
0000
0101
0000
,  // measure 31
0010
1000
0010
1000
0100
0010
0001
0000
1000
0010
0000
0010
1000
0100
1000
0000
,  // measure 32
0100
0010
0001
0100
0010
0100
0001
0000
1000
0010
1000
0100
1000
0000
1100
0000
,  // measure 33
1001
0100
0010
0001
0000
1000
0010
0000
,  // measure 34
1010
0100
0010
0110
0000
0001
0100
0000
,  // measure 35
0101
0010
1000
1100
0000
0010
0100
0000
,  // measure 36
0110
1000
0001
0100
0000
0010
0100
0000
,  // measure 37
0110
0100
0101
0101
0000
0010
1010
0000
,  // measure 38
1001
1000
1100
0110
0000
0001
0011
0000
,  // measure 39
0110
0100
1100
1001
0000
0001
1001
0000
,  // measure 40
1001
1100
0011
0101
1010
1100
1001
0110
,  // measure 41
1100
0000
0010
0100
1000
0000
0010
0100
0001
0000
1000
0001
1000
0000
1001
0000
,  // measure 42
1100
0011
0101
1010
1001
0110
1010
0101
,  // measure 43
0010
0000
1000
0100
0010
0000
0001
0010
0100
0000
1000
0010
0100
0000
0110
0000
,  // measure 44
0010
1000
0100
0010
0001
1000
0010
0100
0001
0000
1000
0000
1010
0000
0101
0000
,  // measure 45
1001
0000
0001
0000
1000
0000
0100
1000
0100
0000
1100
0000
1010
0000
0101
0000
,  // measure 46
0010
0100
0001
0000
1000
0000
0001
0100
0010
0000
0110
0000
1010
0000
1000
0000
,  // measure 47
1100
0011
1100
1001
0110
0011
0101
1010
,  // measure 48
1001
0000
1000
0100
0010
0001
1000
0010
0100
0000
0010
0000
1010
0000
1000
0000
,  // measure 49
0001
1000
0100
1000
0010
0000
0100
0010
1000
0100
0000
0010
0100
0000
1000
0000
,  // measure 50
0001
1000
0000
1000
0010
0000
0010
0100
0001
1000
0010
1000
0100
0000
1100
0000
,  // measure 51
0100
0010
0001
0000
0011
0000
0001
1000
0001
0000
0100
0000
0110
0000
0100
0000
,  // measure 52
0001
0000
1000
0000
1001
0000
1000
0100
0010
0000
0110
0000
0011
0000
1001
0000
,  // measure 53
1000
0010
1000
0000
1010
0000
0100
0001
0100
0000
0001
0000
0101
0000
0100
0000
,  // measure 54
0010
0000
1000
0000
1010
0000
1000
0001
1000
0000
1001
0000
1100
0000
0011
0000
,  // measure 55
0001
0010
0100
1000
0010
0100
0001
0000
1000
0010
0000
0010
1000
0001
1000
0000
,  // measure 56
0010
0100
0010
0100
0001
1000
0100
0010
0001
1000
0010
0100
0001
1000
0010
0100
,  // measure 57
0001
1000
0001
1000
0010
0000
0100
0010
1000
0001
0000
0001
1000
0100
0010
0001
,  // measure 58
1000
0010
0000
0100
0010
0000
1000
0100
0010
0100
1000
0010
0100
0000
0110
0000
,  // measure 59
0010
0100
0001
0100
0010
0000
1000
0100
0010
0001
0000
0100
0010
1000
0100
0010
,  // measure 60
0100
1000
0000
0001
1000
0000
0010
1000
0100
0010
0001
1000
0010
0000
1010
0000
,  // measure 61
0010
0100
0001
1000
0001
0000
1000
0100
0010
0001
0000
0100
0010
0100
0001
1000
,  // measure 62
0100
0010
0000
0010
0100
0000
1000
0001
0100
0010
0100
0010
1000
0000
1010
0000
,  // measure 63
1000
0001
0100
0001
0010
0100
1000
0000
0001
1000
0000
1000
0100
0010
0001
0000
,  // measure 64
1000
0010
1000
0010
1000
0100
0010
0000
0001
1000
0010
1000
0001
1000
0100
0000
,  // measure 65
0010
0100
1000
0000
0010
0100
0000
0100
0010
1000
0000
0000
1010
0000
0000
0010
,  // measure 66
0100
0001
0000
0000
0001
0100
0000
0100
0001
0000
0000
1000
0100
0010
0100
0000
,  // measure 67
1000
0010
0000
0000
0100
0010
0000
0010
1000
0001
0000
0000
1001
0000
0000
0001
,  // measure 68
1000
0010
0000
0000
0100
0001
0000
0001
0100
0001
0000
0100
0010
1000
0001
0000
,  // measure 69
1000
0100
0010
0000
0001
1000
0010
0100
0010
1000
0001
0000
1001
0000
1000
0100
,  // measure 70
0010
0100
1000
0000
0010
0100
0001
1000
0010
0000
0100
0010
1000
0001
0100
0000
,  // measure 71
0010
1000
0100
0000
0010
0100
1000
0001
0100
0010
0100
0000
0101
0000
0001
0100
,  // measure 72
0010
1000
0001
0000
1000
0100
0010
0100
0010
0001
1000
0010
0100
0010
0110
0000
;
