#TITLE:V;
#SUBTITLE:;
#ARTIST:dj TAKA;
#TITLETRANSLIT:;
#SUBTITLETRANSLIT:;
#ARTISTTRANSLIT:;
#CREDIT:;
#BANNER:v.png;
#BACKGROUND:v-bg.png;
#LYRICSPATH:;
#CDTITLE:!bmrTitle.png;
#MUSIC:v.mp3;
#OFFSET:-2.428;
#SAMPLESTART:63.150;
#SAMPLELENGTH:12.000;
#SELECTABLE:YES;
#BPMS:0.000=150.000;
#STOPS:;
#BGCHANGES:;
// cache tags:
#FIRSTBEAT:0.000;
#LASTBEAT:306.000;
#SONGFILENAME:Songs/All Songs/V/v.sm;
#HASMUSIC:1;
#HASBANNER:1;
#MUSICLENGTH:130.618;
// end cache tags

//---------------dance-single - ----------------
#NOTES:
     dance-single:
     :
     Hard:
     10:
     1.000,0.966,1.000,0.015,1.000,881.000,154.000,2.000,0.000,0.000:  // measure 1
0001
1000
0001
1000
0001
1000
0001
1000
0010
0100
0010
0100
0010
0100
0010
0000
,  // measure 2
1001
0000
0010
0000
0100
0000
0010
0000
1000
0001
0010
0100
1000
0000
0001
1000
,  // measure 3
0110
0000
0001
0000
1000
0000
0001
0000
0100
0010
1000
0001
0100
0000
0010
0100
,  // measure 4
1001
0000
0100
0000
0010
0000
0100
0000
0001
1000
0100
0010
0001
0000
1000
0001
,  // measure 5
0110
0000
1000
0000
0001
0000
1000
0000
0010
0100
0001
1000
0010
0000
0110
0000
,  // measure 6
1001
0000
0000
1000
0001
0000
0000
1000
0001
0000
0000
1000
0001
0000
0000
0100
,  // measure 7
0010
0000
0000
0100
0010
0000
0000
0100
0010
0000
0000
1000
0001
0100
0010
1000
,  // measure 8
0001
0000
0000
0001
1000
0000
0000
1000
0001
0000
0000
0001
1000
0000
0000
1000
,  // measure 9
0010
0000
0000
0010
0100
0000
0000
0100
0010
0000
0000
0010
0100
0000
0000
0100
,  // measure 10
0001
1000
0001
0000
1000
0001
1000
0000
0100
0010
0100
0000
0010
0100
0010
0000
,  // measure 11
0100
1000
0100
0000
1000
0100
1000
0000
0001
0010
0001
0000
0010
0001
0010
0000
,  // measure 12
0001
0100
0010
0000
1000
0100
0010
0000
0001
0100
0010
0000
1000
0100
0010
0000
,  // measure 13
0001
0100
1000
0000
1000
0100
0001
0000
0001
0010
1000
0000
1000
0010
0001
0000
,  // measure 14
1000
0001
0100
0000
0001
1000
0100
0000
1000
0001
0010
0000
0001
1000
0010
0000
,  // measure 15
1000
0100
1000
0000
0001
0100
0001
0000
1000
0010
1000
0000
0001
0100
0001
0000
,  // measure 16
1001
0100
0010
0000
0001
1000
0001
0000
0110
0001
1000
0000
0010
0100
0010
0000
,  // measure 17
0001
1000
0001
1000
0010
0100
0010
0100
0001
0010
0100
1000
0010
0100
0001
0100
,  // measure 18
0001
1000
0000
0100
0000
0010
0000
0001
0000
1000
0000
0100
0000
0010
0000
0001
,  // measure 19
0000
1000
0100
0010
0001
1000
0100
0010
0001
0100
0010
1000
0001
0100
0010
1000
,  // measure 20
0001
0100
0001
1000
0001
0010
0001
1000
0001
0100
0010
1000
0100
0010
0001
0000
,  // measure 21
1001
0000
0010
0000
0100
0000
0010
0000
1000
0001
0010
0100
1000
0000
0001
1000
,  // measure 22
0110
0000
0001
0000
1000
0000
0001
0000
0100
0010
1000
0001
0100
0000
1001
0000
,  // measure 23
0000
0001
0000
0010
0000
0100
0000
1000
0000
0001
0000
0010
0000
0100
0000
1000
,  // measure 24
0000
0001
0010
0100
1000
0001
0010
0100
1000
0010
0100
0001
1000
0010
0100
0001
,  // measure 25
1000
0010
1000
0001
1000
0100
1000
0001
1000
0010
0100
0001
0010
0100
1000
0000
,  // measure 26
1001
0000
0100
0000
0010
0000
0100
0000
0001
1000
0100
0010
0001
0000
1000
0001
,  // measure 27
0110
0000
1000
0000
0001
0000
1000
0000
0010
0100
0001
1000
0010
0000
0110
0000
,  // measure 28
0000
0010
0000
0100
0000
0001
0000
1000
0000
0010
0000
0100
0000
0001
0000
1000
,  // measure 29
0000
0010
0100
0001
1000
0010
0100
0001
1000
0001
0010
0100
1000
0001
0010
0100
,  // measure 30
1000
0001
1000
0001
0100
0001
0010
0001
0100
0001
1000
0010
0100
0001
1000
0000
,  // measure 31
1001
1001
0110
1001
,  // measure 32
1100
0011
0101
1010
,  // measure 33
1000
0001
1000
0001
1000
0001
1000
0001
0100
0010
0100
0010
0100
0010
0100
0000
,  // measure 34
1001
0000
0010
0000
1100
0000
0010
0000
1000
0001
0010
0000
1100
0000
0001
1000
,  // measure 35
0110
0000
0001
0000
1010
0000
0001
0000
0100
0010
1000
0000
0101
0000
0010
0100
,  // measure 36
1001
0000
0100
0000
0011
0000
0100
0000
0001
1000
0100
0000
0011
0000
1000
0001
,  // measure 37
0110
0000
1000
0000
0101
0000
1000
0000
0010
0100
0001
0000
1010
0000
1100
0000
,  // measure 38
0110
0011
0110
1100
1001
0011
1001
1100
,  // measure 39
1001
0000
0010
0100
0010
0100
0010
0100
0010
0000
0110
0000
0110
0000
0110
0000
,  // measure 40
1010
0101
1010
0101
0011
1100
0011
1100
,  // measure 41
0110
0000
0001
1000
0001
1000
0001
1000
0001
0000
1001
0000
1001
0000
1001
0000
,  // measure 42
0101
1010
0101
1010
1100
0011
1100
0011
,  // measure 43
0101
0000
0010
1000
0010
1000
0010
1000
0010
0000
1010
0000
1010
0000
1010
0000
,  // measure 44
0101
1001
1100
1001
0011
1001
1010
1001
,  // measure 45
1010
0000
0100
0001
0100
0001
0100
0001
0100
0000
0101
0000
0101
0000
0101
0000
,  // measure 46
1010
1001
0011
1001
1100
1001
0101
1001
,  // measure 47
1000
0100
0010
0001
0010
0001
0100
0001
1000
0100
0010
0001
0010
0001
0100
0001
,  // measure 48
1000
0010
0100
0001
0010
0001
0100
0001
1000
0010
0100
0001
0010
0001
0100
0001
,  // measure 49
1000
0000
0001
1000
0010
0100
0001
1000
0010
0100
0001
1000
0010
0100
0010
0100
,  // measure 50
0001
0010
0100
1000
0001
0010
0100
1000
0001
0010
0100
1000
0001
0010
0100
1000
,  // measure 51
0010
1000
0100
0010
0001
1000
0100
0010
0001
1000
0100
0010
0001
1000
0100
0010
,  // measure 52
0001
0000
0001
0000
1000
0001
1000
0001
1000
0100
0010
0001
0100
0010
1000
0100
,  // measure 53
0010
0001
0100
0010
1000
0100
0010
0001
0100
0010
1000
0100
0010
0001
0100
0010
,  // measure 54
0100
0001
0010
0100
1000
0001
0010
0100
1000
0010
0100
0001
0010
0100
1000
0010
,  // measure 55
0100
0000
0000
0001
1000
0001
1000
0010
0100
0001
1000
0010
0100
0001
0100
1000
,  // measure 56
0100
0001
1000
0010
0001
0010
1000
0010
0100
0001
0010
1000
0010
0001
1000
0100
,  // measure 57
0001
0100
1000
0010
0100
0001
0010
0100
1000
0001
0100
0010
1000
0001
0100
0010
,  // measure 58
1000
0100
1000
0100
1000
0100
1000
0100
0010
0001
1000
0100
0010
0001
1000
0100
,  // measure 59
1000
0100
1000
0100
1000
0100
1000
0100
0010
0001
1000
0100
0010
0001
1000
0100
,  // measure 60
0010
0001
0010
0001
0010
0100
0010
0100
1000
0100
1000
0100
1000
0001
1000
0001
,  // measure 61
1000
0010
1000
0010
1000
0010
1000
0010
0100
0001
0100
0001
0100
0001
0100
0001
,  // measure 62
1000
0000
0100
0010
0100
0010
0100
0010
0100
0000
0110
0000
0110
0000
0110
0000
,  // measure 63
0101
1010
0101
1010
1100
0011
1100
0011
,  // measure 64
0110
0000
1000
0001
1000
0001
1000
0001
1000
0000
1001
0000
1001
0000
1001
0000
,  // measure 65
1010
0101
1010
0101
0011
1100
0011
1100
,  // measure 66
1010
0000
0100
0001
0100
0001
0100
0001
0100
0000
0101
0000
0101
0000
0101
0000
,  // measure 67
1010
1001
0011
1001
1100
1001
0101
1001
,  // measure 68
0101
0000
0010
1000
0010
1000
0010
1000
0010
0000
1010
0000
1010
0000
1010
0000
,  // measure 69
1000
0100
0010
0001
0010
0100
1000
0100
0010
0001
0010
0100
1000
0100
0010
0001
,  // measure 70
1000
0000
0010
0100
0010
0100
0010
0100
0010
0000
1001
0000
0110
0000
1001
0000
,  // measure 71
0110
0000
0001
1000
0001
1000
0001
1000
0001
0000
1001
0000
1001
0000
1001
0000
,  // measure 72
0101
0000
0010
1000
0010
1000
0010
1000
0010
0000
0101
0000
1010
0000
0101
0000
,  // measure 73
1010
0000
0100
0001
0100
0001
0100
0001
0100
0000
0101
0000
0101
0000
0101
0000
,  // measure 74
1001
0000
0010
0100
0010
0100
0010
0100
0010
0000
1001
0000
0110
0000
1001
0000
,  // measure 75
0110
0000
0001
1000
0001
1000
0001
1000
0001
0000
0110
0000
1001
0000
0110
0000
,  // measure 76
2002
0000
0000
0000
,  // measure 77
0000
0000
3003
0000
;
