#TITLE:neoMAX;
#SUBTITLE:;
#ARTIST:DM Ashura;
#TITLETRANSLIT:;
#SUBTITLETRANSLIT:;
#ARTISTTRANSLIT:;
#CREDIT:;
#BANNER:neoMAX BN.png;
#BACKGROUND:neoMAX BG.png;
#LYRICSPATH:;
#CDTITLE:!dmashuraTitle.png;
#MUSIC:neoMAX.mp3;
#OFFSET:-0.060;
#SAMPLESTART:93.222;
#SAMPLELENGTH:12.000;
#SELECTABLE:YES;
#BPMS:0.000=340.000,368.000=680.000,376.000=510.000,380.000=340.002,381.000=255.003,382.000=170.003,382.250=127.503,382.500=85.003,397.500=110.003,398.000=127.503,398.500=155.003,399.000=170.003,432.000=208.003,436.000=260.003,440.000=320.002,444.000=340.002,636.250=290.003,636.500=255.003,636.750=210.003,637.000=170.003,637.250=140.003,637.500=120.003,637.750=100.003,638.000=85.002,639.000=110.002,639.250=130.002,639.500=150.002,639.750=170.002,640.000=190.002,640.250=210.002,640.500=230.002,640.750=250.002,644.000=340.001;
#STOPS:382.500=0.680
;
#BGCHANGES:;
// cache tags:
#FIRSTBEAT:48.000;
#LASTBEAT:668.000;
#SONGFILENAME:Songs/All Songs/DMAshura - neoMAX/neoMAX.sm;
#HASMUSIC:1;
#HASBANNER:1;
#MUSICLENGTH:139.133;
// end cache tags

//---------------dance-single - ----------------
#NOTES:
     dance-single:
     :
     Hard:
     10:
     0.732,1.000,0.352,0.446,0.144,602.000,49.000,62.000,0.000,0.000:  // measure 1
0000
0000
0000
0000
,  // measure 2
0000
0000
0000
0000
,  // measure 3
0000
0000
0000
0000
,  // measure 4
0000
0000
0000
0000
,  // measure 5
0000
0000
0000
0000
,  // measure 6
0000
0000
0000
0000
,  // measure 7
0000
0000
0000
0000
,  // measure 8
0000
0000
0000
0000
,  // measure 9
0000
0000
0000
0000
,  // measure 10
0000
0000
0000
0000
,  // measure 11
0000
0000
0000
0000
,  // measure 12
0000
0000
0000
0000
,  // measure 13
1000
0100
1000
0010
,  // measure 14
1000
0001
1000
0100
,  // measure 15
0001
0100
0001
0010
,  // measure 16
0001
1000
0001
0100
,  // measure 17
1000
0000
0010
0000
0100
0001
0100
0000
,  // measure 18
0001
0000
0010
0000
0100
1000
0100
0000
,  // measure 19
1000
0010
1000
0000
0001
0100
0001
0000
,  // measure 20
1000
0100
0010
0001
0100
0010
1000
0001
,  // measure 21
1000
0000
0100
0000
0010
0001
0000
0010
,  // measure 22
0001
0000
0100
0000
0010
1000
0000
0010
,  // measure 23
1000
0000
0001
0000
0100
0010
0000
0100
,  // measure 24
0010
1000
0001
0000
,  // measure 25
0001
0000
0100
0000
0010
1000
0000
0010
,  // measure 26
1000
0000
0100
0000
0010
0001
0000
0010
,  // measure 27
0001
0000
1000
0000
0100
0010
0000
0100
,  // measure 28
0010
0001
1000
0000
,  // measure 29
1000
0000
0100
0000
1000
0001
0000
0010
,  // measure 30
0001
0000
0100
0000
0001
1000
0000
0010
,  // measure 31
1000
0000
0001
0000
0100
0010
0000
1000
,  // measure 32
0001
0010
0100
1000
,  // measure 33
0001
0000
0100
0000
0001
1000
0000
0010
,  // measure 34
1000
0000
0100
0000
1000
0001
0000
0010
,  // measure 35
0001
0000
1000
0000
0100
0010
0000
0001
,  // measure 36
1000
0010
0100
0001
,  // measure 37
1000
0000
0100
0000
1000
0010
0000
0100
,  // measure 38
0001
0000
0100
0000
0001
0010
0000
0100
,  // measure 39
1000
0000
0010
0000
1000
0001
0000
0010
,  // measure 40
0100
1000
0010
0100
,  // measure 41
0001
0000
0100
0000
0001
0010
0000
0100
,  // measure 42
1000
0000
0100
0000
1000
0010
0000
0100
,  // measure 43
0001
0000
0010
0000
0001
1000
0000
0100
,  // measure 44
0010
0001
0100
0010
,  // measure 45
2000
0010
0000
0010
,  // measure 46
0000
0100
0000
0100
,  // measure 47
3002
0010
0010
2003
,  // measure 48
0100
0100
3010
0000
,  // measure 49
0002
0010
0000
0010
,  // measure 50
0000
0100
0000
0100
,  // measure 51
2003
0010
0010
3002
,  // measure 52
0100
0100
0013
0000
,  // measure 53
0200
0010
0000
0001
,  // measure 54
0000
0010
0000
0001
,  // measure 55
0320
1000
1000
2030
,  // measure 56
0001
0001
3100
0000
,  // measure 57
0200
0010
0000
1000
,  // measure 58
0000
0010
0000
1000
,  // measure 59
0320
0001
0001
0032
,  // measure 60
1000
1000
0103
0000
,  // measure 61
0010
1000
1010
0000
,  // measure 62
0000
0101
0000
1100
,  // measure 63
0000
0001
0010
0001
,  // measure 64
0011
0000
1100
0000
,  // measure 65
0010
0001
0011
0000
,  // measure 66
0000
1100
0000
0101
,  // measure 67
0000
1000
0010
1000
,  // measure 68
1010
0000
0101
0000
,  // measure 69
0001
0000
0010
0100
1000
0000
0000
0000
,  // measure 70
0000
0110
0000
0011
,  // measure 71
0000
0000
1000
0100
1000
0000
0010
0000
,  // measure 72
0110
0000
1001
0000
,  // measure 73
1000
0000
0010
0100
0001
0000
0000
0000
,  // measure 74
0000
0110
0000
1010
,  // measure 75
0000
0000
0001
0100
0001
0000
0010
0000
,  // measure 76
0110
0000
0000
0000
1001
0000
0100
0010
,  // measure 77
0002
0000
0000
0000
1003
0000
0010
0100
,  // measure 78
0002
0000
0000
0023
0000
0000
0230
0000
,  // measure 79
0320
0000
0000
0230
0000
0000
2300
0000
,  // measure 80
0000
0000
0000
0000
3001
0000
0100
0010
,  // measure 81
2000
0000
0000
0000
3001
0000
0010
0100
,  // measure 82
2000
0000
0000
3020
0000
0000
0230
0000
,  // measure 83
0320
0000
0000
0230
0000
0000
0302
0000
,  // measure 84
0000
0000
0000
0000
1003
0000
1000
0100
,  // measure 85
0020
0000
0000
0000
0130
0000
0100
0010
,  // measure 86
0002
0000
0000
0023
0000
0000
0230
0000
,  // measure 87
0302
0000
0000
0203
0000
0000
2300
0000
,  // measure 88
0000
0000
0000
0000
3001
0000
0001
0100
,  // measure 89
0020
0000
0000
0000
0130
0000
0100
0010
,  // measure 90
2000
0000
0000
3020
0000
0000
0230
0000
,  // measure 91
2300
0000
0000
3200
0000
0000
0302
0000
,  // measure 92
0000
0000
1003
0000
,  // measure 93
2002
0000
0000
0000
,  // measure 94
0000
0000
0000
0000
,  // measure 95
0000
0000
0000
0000
,  // measure 96
0000
0000
0000
0000
0000
0000
0000
0000
0000
0000
0000
0000
0000
0000
0000
0000
0000
0000
0000
0000
0000
3003
0000
0000
1000
0000
0000
0000
0010
0000
0100
0000
,  // measure 97
0001
0000
0000
0010
0000
0000
0100
0000
0010
0000
0000
0100
0000
0000
1000
0000
0000
0000
0001
0000
0010
0000
0100
0000
0020
0000
0000
0000
0000
0000
0031
0000
,  // measure 98
0010
0000
0000
0100
0000
0000
1000
0000
0020
0000
0000
0000
0000
0000
0000
0000
0030
0000
0000
0000
0010
0000
0100
0000
0001
0000
0000
0000
0010
0000
0100
0000
,  // measure 99
1000
0000
0000
0010
0000
0000
0100
0000
0010
0000
0000
0100
0000
0000
0001
0000
0000
0000
1000
0000
0010
0000
0100
0000
0020
0000
0000
0000
0000
0000
0130
0001
,  // measure 100
0100
0000
0000
0010
0000
0000
1000
0000
0002
0000
0000
0000
0000
0000
0000
0000
0000
0000
0000
0000
0000
0000
0000
0000
1003
0000
0000
0000
0100
0000
0000
0000
,  // measure 101
0010
0000
0000
0000
1000
0000
0010
0000
0001
0000
0000
0100
0000
0000
0001
0000
,  // measure 102
0010
0000
0000
0100
0000
0000
2000
0000
0000
0000
0000
0000
3000
0000
0100
0010
,  // measure 103
0001
0000
0000
1000
0000
0000
0010
0000
0100
0000
0000
1000
0000
0000
0100
0000
,  // measure 104
0001
0000
0000
1000
0000
0000
0020
0000
0000
0000
0000
0000
0030
0000
0000
0000
,  // measure 105
1000
0000
0000
0100
0000
0000
1000
0000
0100
0000
0000
0010
0000
0000
0100
0000
,  // measure 106
0010
0000
0000
0001
0000
0000
0010
0000
0001
0000
0000
0100
0000
0000
0001
0000
,  // measure 107
1000
0100
0010
0001
0100
0010
1000
0100
,  // measure 108
2002
0000
0000
0000
,  // measure 109
0000
0000
0000
0000
,  // measure 110
0000
0000
0000
0000
,  // measure 111
0000
0000
0000
3003
,  // measure 112
1000
0000
0001
0100
0001
0000
0010
0000
,  // measure 113
0011
0000
0000
0110
0000
0000
1000
0000
,  // measure 114
1010
0000
0000
0110
0000
0000
0101
0000
,  // measure 115
0000
1000
0010
0100
,  // measure 116
0002
0000
1003
0100
,  // measure 117
0010
0000
0001
0100
0000
0010
1000
0000
,  // measure 118
0001
1000
0100
0010
,  // measure 119
0001
1000
0010
0100
,  // measure 120
0001
0000
1000
0100
1000
0000
0010
0000
,  // measure 121
1010
0000
0000
0110
0000
0000
0001
0000
,  // measure 122
0011
0000
0000
0110
0000
0000
1100
0000
,  // measure 123
0000
0001
0010
0100
,  // measure 124
2000
0000
0000
0000
3000
0000
0100
0010
,  // measure 125
0100
0000
1000
0100
0000
0010
0001
0000
,  // measure 126
1000
0001
0100
0010
,  // measure 127
1000
0001
0010
0100
,  // measure 128
1100
0000
0000
0011
0000
0000
0101
0000
,  // measure 129
0110
0000
0000
1010
0000
0000
1100
0000
,  // measure 130
0011
0000
0000
0110
0000
0000
2002
0000
,  // measure 131
0000
0000
0000
3003
,  // measure 132
0101
0000
0000
1010
0000
0000
1100
0000
,  // measure 133
0110
0000
0000
0011
0000
0000
0101
0000
,  // measure 134
1010
0000
0000
0110
0000
0000
2002
0000
,  // measure 135
0000
0000
0000
3003
,  // measure 136
1000
0000
0100
0000
1000
0010
1000
0000
,  // measure 137
0001
0000
0010
0000
0001
0100
0001
0000
,  // measure 138
0010
0000
0100
0000
1000
0001
0100
0000
,  // measure 139
0010
0000
0100
0000
0001
1000
0100
0000
,  // measure 140
0010
0001
0010
0000
0100
0010
0100
0000
,  // measure 141
1000
0100
1000
0000
0001
1000
0001
0000
,  // measure 142
1000
0100
0010
0001
0100
0010
1000
0100
,  // measure 143
0010
0001
0100
0010
1000
0100
0010
0001
,  // measure 144
1000
0100
0000
0100
0010
0000
0010
0001
,  // measure 145
0000
0001
0100
0000
0010
0000
1000
0000
,  // measure 146
0001
0100
0000
0100
0010
0000
0010
1000
,  // measure 147
0000
1000
0100
0000
0010
0000
0001
0000
,  // measure 148
1000
0010
0000
0010
0100
0000
0100
0001
,  // measure 149
0000
0001
0010
0000
0100
0000
1000
0000
,  // measure 150
0001
0010
0000
0010
0100
0000
0100
1000
,  // measure 151
0000
1000
0010
0000
0100
0000
0001
0000
,  // measure 152
1000
0100
0000
1000
0001
0000
0100
0001
,  // measure 153
0000
0100
0010
0000
1000
0000
1000
0000
,  // measure 154
0001
0100
0000
0001
1000
0000
0100
1000
,  // measure 155
0000
0100
0010
0000
0001
0000
0001
0000
,  // measure 156
1000
0100
0000
0010
0001
0000
0100
0010
,  // measure 157
0000
1000
0001
0000
1000
0000
1000
0000
,  // measure 158
0001
0100
0000
0010
1000
0000
0100
0010
,  // measure 159
0000
0001
1000
0000
0001
0000
0001
0000
,  // measure 160
2000
0000
3200
0320
,  // measure 161
0000
0032
0000
0000
,  // measure 162
1003
0000
0010
0000
0100
0000
0000
0000
0000
0000
0000
0000
,  // measure 163
0001
0000
0010
0000
0100
0000
0000
0000
0000
0000
0000
0000
,  // measure 164
1000
0000
0100
0000
0010
0000
0001
0000
0100
0000
0010
0000
,  // measure 165
2002
0000
0000
0000
,  // measure 166
0000
0000
0000
0000
,  // measure 167
0000
0000
0000
0000
,  // measure 168
3003
0000
0000
0000
;
