#TITLE:gentle stress;
#SUBTITLE:;
#ARTIST:DJ Swan;
#TITLETRANSLIT:;
#SUBTITLETRANSLIT:;
#ARTISTTRANSLIT:;
#CREDIT:;
#BANNER:Gentle Stress.png;
#BACKGROUND:Gentle Stress-bg.png;
#LYRICSPATH:;
#CDTITLE:!toph-cdtitle.png;
#MUSIC:DJ Swan - Gentle Stress.mp3;
#OFFSET:-0.294;
#SAMPLESTART:52.350;
#SAMPLELENGTH:11.000;
#SELECTABLE:YES;
#BPMS:0.000=175.000;
#STOPS:;
#BGCHANGES:;
// cache tags:
#FIRSTBEAT:8.000;
#LASTBEAT:283.000;
#SONGFILENAME:Songs/All Songs/Gentle Stress/Gentle Stress.sm;
#HASMUSIC:1;
#HASBANNER:1;
#MUSICLENGTH:104.078;
// end cache tags

//---------------dance-single - ----------------
#NOTES:
     dance-single:
     :
     Easy:
     3:
     0.217,0.306,0.029,0.058,0.000,149.000,3.000,6.000,0.000,0.000:  // measure 1
0000
0000
0000
0000
,  // measure 2
0000
0000
0000
0000
,  // measure 3
1001
0000
0000
0000
,  // measure 4
0000
0000
0000
0000
,  // measure 5
0100
0000
0000
0000
,  // measure 6
0000
0000
0000
0000
,  // measure 7
0010
0000
0000
0000
,  // measure 8
0000
0000
0000
0000
,  // measure 9
1000
0000
0000
0000
,  // measure 10
0100
0000
0000
0000
,  // measure 11
0010
0000
0001
0000
,  // measure 12
0100
0000
0010
0000
,  // measure 13
1000
0000
0100
0000
,  // measure 14
0010
0000
0001
0001
,  // measure 15
1000
0000
0010
0000
,  // measure 16
0100
0000
0001
0000
,  // measure 17
1000
0000
0100
0000
,  // measure 18
0001
0000
0100
0100
,  // measure 19
1001
0000
1000
0000
,  // measure 20
1000
0000
1000
0001
,  // measure 21
0100
0000
0100
0000
,  // measure 22
0100
0000
0100
0010
,  // measure 23
1000
0000
1000
0000
,  // measure 24
1000
0000
1000
0100
,  // measure 25
0010
0000
0010
0001
,  // measure 26
1000
0000
0010
0000
,  // measure 27
0100
0000
0100
0000
,  // measure 28
0100
0000
0100
0001
,  // measure 29
0010
0000
0010
0000
,  // measure 30
0010
0000
0010
0100
,  // measure 31
1000
0000
1000
0000
,  // measure 32
1000
0000
1000
0001
,  // measure 33
0010
0000
0010
0001
,  // measure 34
0100
0000
0010
0000
,  // measure 35
2000
0000
0000
0000
,  // measure 36
0000
0000
0000
3000
,  // measure 37
0001
0001
0001
0001
,  // measure 38
0001
0001
0001
0000
,  // measure 39
1000
0000
0010
0000
,  // measure 40
0100
0000
0001
0000
,  // measure 41
1000
0000
0100
0000
,  // measure 42
0010
0000
0000
0000
,  // measure 43
0001
0000
0100
0000
,  // measure 44
0010
0000
1000
0000
,  // measure 45
0001
0000
0010
0000
,  // measure 46
0200
0000
0000
0300
,  // measure 47
1000
0000
0010
0000
,  // measure 48
0001
0000
0010
0000
,  // measure 49
1000
0000
0100
0000
,  // measure 50
0010
0010
0001
0001
,  // measure 51
1000
0000
0010
0000
,  // measure 52
0100
0000
0001
0000
,  // measure 53
0010
0000
0001
0000
,  // measure 54
0200
0000
0000
0300
,  // measure 55
0010
1000
0001
1000
,  // measure 56
0010
1000
0001
0000
,  // measure 57
0010
0001
1000
0001
,  // measure 58
0010
0001
1000
0000
,  // measure 59
0010
0000
0010
0000
,  // measure 60
0010
0000
0000
0000
,  // measure 61
0100
0001
1000
0010
,  // measure 62
0200
0000
0000
0300
,  // measure 63
0001
1000
0100
1000
,  // measure 64
0010
1000
0100
0000
,  // measure 65
1000
0001
0100
0001
,  // measure 66
0010
0001
0100
0000
,  // measure 67
0010
0000
0010
0000
,  // measure 68
0010
0000
0000
0000
,  // measure 69
1000
1000
1000
1000
,  // measure 70
1000
1000
1000
0000
,  // measure 71
2002
0000
0000
3003
;

//---------------dance-single - ----------------
#NOTES:
     dance-single:
     :
     Medium:
     7:
     0.493,0.544,0.192,0.202,0.010,318.000,20.000,21.000,0.000,0.000:  // measure 1
0000
0000
0000
0000
,  // measure 2
0000
0000
0000
0000
,  // measure 3
1001
0100
0010
0001
,  // measure 4
0100
0000
0010
0000
1000
0001
0010
0000
,  // measure 5
1000
0010
0001
0100
,  // measure 6
0010
0000
1000
0000
0100
0010
0100
0010
,  // measure 7
0001
1000
0010
0100
,  // measure 8
0001
0000
1000
0000
0100
0010
0001
0000
,  // measure 9
1000
0010
0100
0001
,  // measure 10
1000
0000
0100
0000
0001
0100
1000
0010
,  // measure 11
0100
0000
0001
0000
1000
0100
1000
0000
,  // measure 12
0001
0100
0001
0000
0010
0100
0010
0000
,  // measure 13
0001
0000
1000
0000
0010
0100
0010
0000
,  // measure 14
1000
0001
1000
0000
0100
0010
0100
0010
,  // measure 15
0001
0000
0100
0000
0010
1000
0010
0000
,  // measure 16
0100
0010
0100
0000
0001
1000
0001
0000
,  // measure 17
0010
0000
0100
0000
1000
0010
1000
0000
,  // measure 18
0001
0010
0001
0000
0100
0010
0100
0010
,  // measure 19
1000
0000
0100
0000
0000
1000
0100
0000
,  // measure 20
0010
0000
0001
0100
0000
0001
0100
0000
,  // measure 21
1010
0000
0001
0000
0000
0100
0001
0000
,  // measure 22
1000
0000
0100
0010
0000
0000
0001
0000
,  // measure 23
1010
0000
0100
0000
0000
0001
0100
0000
,  // measure 24
0010
0000
1000
0000
0000
0100
1000
0000
,  // measure 25
1001
0000
0100
0000
0000
0001
0100
0000
,  // measure 26
0110
1000
0101
0010
,  // measure 27
1001
0000
0010
0000
0000
0001
0010
0000
,  // measure 28
0100
0000
0000
1000
0000
0000
0001
0000
,  // measure 29
0101
0000
0010
0000
0000
1000
0010
0000
,  // measure 30
0101
0000
0000
0000
0000
0000
1000
0010
1000
0000
0000
0100
0000
0000
0010
0000
,  // measure 31
0001
0000
0100
0000
0000
0001
0100
0000
,  // measure 32
1010
0000
0000
1001
0000
0000
1010
0000
,  // measure 33
0011
0000
0100
0000
0000
1000
0100
0000
,  // measure 34
0011
0000
0000
1000
1010
0000
0100
0000
,  // measure 35
2002
0000
0000
0000
,  // measure 36
0000
0000
0000
3003
,  // measure 37
1000
0001
1000
0001
0100
0010
0100
0010
,  // measure 38
1000
0100
0010
0001
0100
0000
0020
0000
,  // measure 39
1030
0000
0001
0000
0100
0010
0000
0100
,  // measure 40
0001
0000
1000
0100
0000
1000
0001
0000
,  // measure 41
0100
0000
0010
0000
1000
0100
0000
1000
,  // measure 42
0001
0000
0100
0010
0000
0000
1000
0000
,  // measure 43
0001
0000
0100
0000
0100
0010
0000
0010
,  // measure 44
1000
0000
0001
0010
0000
0010
0100
0000
,  // measure 45
1000
0000
0010
0000
0010
0100
0000
0002
,  // measure 46
2000
0000
0000
3003
,  // measure 47
1010
0000
0001
0000
1000
0100
0000
1000
,  // measure 48
0010
0000
1000
0001
0000
0010
0001
0000
,  // measure 49
0100
0000
0001
0000
0010
0100
0000
1000
,  // measure 50
0001
0000
0100
0010
0000
1001
0000
0000
,  // measure 51
0110
0000
1000
0000
0001
0010
0000
0100
,  // measure 52
1000
0000
0010
0100
0000
0001
1000
0000
,  // measure 53
0100
0000
0010
0000
0001
0100
0000
0002
,  // measure 54
2000
0000
0000
3003
,  // measure 55
0001
0100
0010
1000
0001
0100
0010
1000
,  // measure 56
0001
0100
0010
1000
0000
0000
0000
0000
,  // measure 57
1000
0100
0010
0001
1000
0100
0010
0001
,  // measure 58
1000
0100
0010
0001
0000
0000
0000
0000
,  // measure 59
1000
0000
0002
0000
0000
0023
0000
0000
,  // measure 60
0230
0000
0000
2300
0000
0000
3020
0000
,  // measure 61
1030
0100
0010
0001
1000
0010
0100
0001
,  // measure 62
2002
0000
0000
3003
,  // measure 63
0001
0100
0010
0001
1000
0100
0010
1000
,  // measure 64
0001
0010
0100
0001
0000
0000
0000
0000
,  // measure 65
1000
0010
0100
1000
0001
0100
0010
0001
,  // measure 66
1000
0100
0001
0010
0000
0000
0000
0000
,  // measure 67
0100
0000
2000
0000
0000
3002
0000
0000
,  // measure 68
0203
0000
0000
0320
0000
0000
2030
0000
,  // measure 69
3001
0100
0001
0100
0010
1000
0010
1000
,  // measure 70
0100
0010
0001
0100
0010
0000
2000
0000
,  // measure 71
0002
0000
0000
3003
;

//---------------dance-single - ----------------
#NOTES:
     dance-single:
     :
     Hard:
     9:
     0.693,0.782,0.509,0.048,0.125,447.000,53.000,5.000,0.000,0.000:  // measure 1
0000
0000
0000
0000
,  // measure 2
0000
0000
0000
0000
,  // measure 3
1010
0000
0100
0000
1000
1000
0100
0000
,  // measure 4
0010
0000
0001
0000
0100
0100
0001
0000
,  // measure 5
1010
0000
0100
0000
0001
0001
1000
0000
,  // measure 6
0100
0000
0010
0000
0001
1000
0001
1000
,  // measure 7
0110
0000
0001
0000
0100
0100
0001
0000
,  // measure 8
0010
0000
0100
0000
1000
1000
0100
0000
,  // measure 9
0011
0000
0100
0000
0010
0010
1000
0000
,  // measure 10
0101
0000
0010
0000
1000
0001
1000
0001
,  // measure 11
1010
0000
0100
0000
0010
0001
0100
0000
,  // measure 12
0010
1000
0001
0000
0010
0100
1000
0000
,  // measure 13
0101
0010
1000
0000
0001
0010
0100
0000
,  // measure 14
1000
0010
0100
0000
0001
1000
0001
1000
,  // measure 15
0011
0100
1000
0000
0010
1000
0001
0000
,  // measure 16
0010
0100
1000
0000
0010
0100
0001
0000
,  // measure 17
1100
0001
0100
0000
0010
1000
0001
0000
,  // measure 18
0110
1000
0010
0000
0100
0001
0100
0001
,  // measure 19
1100
0000
1000
0000
0001
0000
0100
0010
0100
0000
0001
0000
1000
0000
0000
0000
,  // measure 20
0100
0000
0010
0000
0001
0000
1000
0010
1000
0000
0100
0000
0010
0000
0000
0000
,  // measure 21
0001
0000
1000
0000
0010
0000
0100
0001
0100
0000
0010
0000
1000
0000
0000
0000
,  // measure 22
1000
0000
0100
0000
0010
0000
0001
0100
0001
0000
0010
0000
0010
0000
0010
0000
,  // measure 23
0100
0000
1000
0000
0010
0000
0100
0001
1000
0000
0100
0000
0010
0000
0000
0000
,  // measure 24
0001
0000
0100
0000
0010
0000
1000
0001
0010
0000
0100
0000
1000
0000
0000
0000
,  // measure 25
0010
0000
0100
0000
0001
0000
1000
0100
0010
0000
0001
0000
1000
0000
0000
0000
,  // measure 26
0010
0000
0100
0000
0001
0000
1000
0100
0010
0000
0001
0000
0001
0000
0001
0000
,  // measure 27
1100
0000
0001
0000
0100
0000
0010
1000
0010
0000
0100
0000
0001
0000
1000
0000
,  // measure 28
1100
0000
0010
0011
0000
1000
1010
0000
,  // measure 29
0101
0000
1000
0000
0100
0000
0010
0001
0010
0000
0100
0000
1000
0000
0001
0000
,  // measure 30
1010
0000
0100
0000
0001
0000
0010
0100
0010
0000
0001
1000
0000
1000
0010
0000
,  // measure 31
1010
0000
0100
0000
0001
0000
1000
0100
1000
0000
0010
0000
0100
0000
0001
0000
,  // measure 32
0101
0000
1000
1100
0000
0010
0110
0000
,  // measure 33
1001
0000
0100
0000
0010
0000
0001
1000
0001
0000
0100
0000
0010
0000
1000
0000
,  // measure 34
1100
0000
0010
0001
0101
0000
0010
0000
,  // measure 35
1001
1000
0010
0000
0100
0100
0010
0000
,  // measure 36
0001
0001
0010
0000
0100
0100
0010
0000
,  // measure 37
1000
1000
1000
1000
0100
0100
0010
0010
,  // measure 38
0001
0001
0100
0100
0010
0000
1100
0000
,  // measure 39
0001
1000
0001
0000
0100
0000
0001
1000
0010
0000
0100
0000
0000
0000
0001
0000
,  // measure 40
0010
0000
1000
1100
0000
0001
0101
0000
,  // measure 41
0010
1000
0010
0000
0100
0000
0010
1000
0001
0000
0100
0000
0000
0000
0010
0000
,  // measure 42
1000
0000
0100
0110
0000
0001
1000
0000
,  // measure 43
0100
0010
0100
0000
1000
0000
0100
0010
0001
0000
1000
0000
0000
0000
0010
0000
,  // measure 44
0100
0000
0001
1100
0000
1000
0101
0000
,  // measure 45
0010
1000
0010
0000
0100
0000
0010
1000
0001
0000
0100
0000
0000
0000
0010
0000
,  // measure 46
2001
0100
0010
3001
,  // measure 47
0100
0010
1000
0000
0001
0000
0010
0000
0010
0000
0100
0000
1000
0000
1000
0000
,  // measure 48
0001
0000
0010
1100
0000
1000
0101
0000
,  // measure 49
0010
1000
0001
0000
0010
0000
0100
0000
0100
0000
1000
0000
0010
0000
0010
0000
,  // measure 50
0100
0000
0101
0001
0000
1100
1000
0000
,  // measure 51
1001
0000
0010
1000
1000
0001
0100
0100
,  // measure 52
0010
0000
1000
1100
0000
0001
0011
0000
,  // measure 53
0100
1000
0100
0000
0010
0000
0001
0000
0001
0000
0100
0000
0010
0000
0010
0000
,  // measure 54
1002
0100
0010
1003
,  // measure 55
1000
0100
0001
0100
1000
0010
1000
0100
,  // measure 56
1000
0010
0001
0100
0000
0010
1000
0000
,  // measure 57
0010
0001
0100
1000
0100
0001
0010
1000
,  // measure 58
0010
0100
1000
0001
0000
0100
0010
0000
,  // measure 59
1000
0000
0011
0000
0000
1100
0000
0000
,  // measure 60
1010
0000
0000
0101
0000
0000
1100
0000
,  // measure 61
0010
0001
0100
1000
0100
0001
0010
0100
,  // measure 62
2001
0010
0100
3001
,  // measure 63
0001
0100
1000
0100
0001
0010
0001
0100
,  // measure 64
0001
0010
1000
0100
0000
0010
0001
0000
,  // measure 65
0010
1000
0100
0001
0100
1000
0010
0001
,  // measure 66
0010
0100
0001
1000
0000
0100
0010
0000
,  // measure 67
0001
0000
1100
0000
0000
0011
0000
0000
,  // measure 68
0101
0000
0000
1010
0000
0000
1100
0000
,  // measure 69
0001
0001
0001
0001
0100
0100
0010
0010
,  // measure 70
1000
1000
0100
0100
0010
0000
0101
0000
,  // measure 71
2200
0000
0000
3300
;

//---------------dance-single - ----------------
#NOTES:
     dance-single:
     :
     Challenge:
     11:
     1.000,1.000,1.000,0.010,0.187,520.000,226.000,1.000,0.000,0.000:  // measure 1
0000
0000
0000
0000
,  // measure 2
0000
0000
0000
0000
,  // measure 3
1100
0000
0011
0000
0100
0100
0011
0000
,  // measure 4
1000
1000
0110
0000
1000
1000
0101
0000
,  // measure 5
1010
1000
0101
0000
1000
1000
0101
0000
,  // measure 6
0010
0010
0101
0000
0010
0101
0010
0101
,  // measure 7
1010
0010
1100
0000
0001
0001
1100
0000
,  // measure 8
0100
0100
1010
0000
0001
0001
1100
0000
,  // measure 9
0011
0001
1100
0000
0010
0010
1100
0000
,  // measure 10
0101
0010
1100
0000
0010
1100
0010
1100
,  // measure 11
0101
0000
1010
0000
0001
1000
0110
0000
,  // measure 12
1000
0100
0011
0000
0001
0100
1010
0000
,  // measure 13
1001
0010
0101
0000
0010
1000
0101
0000
,  // measure 14
0010
0100
1001
0000
1000
0011
0100
0011
,  // measure 15
1100
0001
0110
0000
1000
0001
1100
0000
,  // measure 16
0001
1000
0101
0000
0010
1000
0110
0000
,  // measure 17
0101
1000
0110
0000
0001
0010
1100
0000
,  // measure 18
0001
1000
0110
0000
0010
0101
0010
1100
,  // measure 19
0011
0000
0100
0000
1100
0000
0001
0100
0010
0000
1000
0000
1100
0000
0010
0000
,  // measure 20
0001
0000
0100
0000
0110
0000
0010
1000
0001
0000
1000
0000
1100
0000
0101
0000
,  // measure 21
0010
0000
1000
0000
0101
0000
0010
1000
0001
0000
0010
0000
1100
0000
0010
0000
,  // measure 22
0001
0000
0100
0000
1001
0000
0010
0100
0010
0000
1001
0000
0100
0000
1001
0000
,  // measure 23
0010
0000
0100
0000
0011
0000
0100
1000
0010
0000
0100
0000
1001
0000
0010
0000
,  // measure 24
0100
0000
0001
0000
1100
0000
0010
0001
0100
0000
0010
0000
1001
0000
0010
0000
,  // measure 25
1000
0000
0001
0000
1100
0000
0001
1000
0100
0000
0010
0000
0101
0000
0010
0000
,  // measure 26
1000
0000
0100
0000
1001
0000
0010
1000
0100
0000
1001
0000
0010
0000
0101
0000
,  // measure 27
1001
0000
0100
0000
0101
0000
0010
1000
0001
0000
0010
0000
0110
0000
1000
0000
,  // measure 28
0001
0000
0100
0000
0110
0000
1000
0001
0100
0000
0010
0000
1001
0000
0010
0000
,  // measure 29
0100
0000
0001
0000
1100
0000
0010
0001
0100
0000
0010
0000
1001
0000
0100
0000
,  // measure 30
0010
0000
1000
0000
0011
0000
0100
1000
0100
0000
0011
0000
1001
0000
1010
0000
,  // measure 31
1001
0000
0010
0000
0101
0000
0010
1000
0100
0000
0010
0000
1001
0000
0100
0000
,  // measure 32
0010
0000
1000
0000
1100
0000
0010
0001
1000
0000
0010
0000
0101
0000
0010
0000
,  // measure 33
1000
0000
0100
0000
0101
0000
0010
0100
1000
0000
0010
0000
0101
0000
0010
0000
,  // measure 34
1000
0000
0100
0000
0011
0000
0001
1000
0001
0000
0110
0000
1001
0000
0110
0000
,  // measure 35
0011
0001
1000
0000
0001
0001
1000
0000
,  // measure 36
0001
0001
1000
0000
0001
0001
1000
0000
,  // measure 37
1001
1001
0110
0110
0101
0101
1010
1010
,  // measure 38
1100
0011
0101
1100
1001
0000
0011
0000
,  // measure 39
0100
0100
0100
0000
1010
0000
0001
0001
1000
0000
0110
0000
0001
0000
1000
0000
,  // measure 40
0101
0000
0010
0000
1000
0000
0101
0000
1000
0100
0010
0000
0011
0000
0000
0000
,  // measure 41
0001
0001
0001
0000
1100
0000
0010
0010
0001
0000
0101
0000
0010
0000
1000
0000
,  // measure 42
0101
1000
1100
0101
0000
0010
1000
0100
,  // measure 43
0010
0010
0010
0000
1001
0000
0100
0100
0010
0000
1010
0000
1000
0000
0100
0000
,  // measure 44
0011
0000
0001
0000
1000
0000
0110
0000
1000
0001
0010
0000
1100
0000
0000
0000
,  // measure 45
0001
0001
0001
0000
1010
0000
0100
0100
0001
0000
1010
0000
1000
0000
0011
0000
,  // measure 46
1100
0000
1000
0000
0011
0000
0100
0010
1000
0100
0010
0000
0011
0000
0000
0000
,  // measure 47
0100
0100
0100
0000
0011
0000
0100
0000
1000
0000
0011
0000
0100
0000
0010
0000
,  // measure 48
1001
0000
0010
0000
0100
0000
0011
0000
0100
1000
0001
0000
0110
0000
0000
0000
,  // measure 49
1000
1000
1000
0000
0011
0000
0100
0000
0010
0000
1001
0000
0100
0000
0010
0000
,  // measure 50
1100
0000
0100
0000
0011
0000
1000
0000
0100
0000
0011
0000
0100
1000
0100
0000
,  // measure 51
0011
0001
0001
0000
1100
0000
1000
0000
1000
0000
0101
0000
0001
0000
0001
0000
,  // measure 52
1010
0000
1000
0000
0001
0000
1100
0000
0001
0100
0010
0000
1010
0000
0000
0000
,  // measure 53
1000
1000
1000
0000
0011
0000
0100
0000
1000
0000
0101
0000
0010
0000
1001
0000
,  // measure 54
0110
0000
0001
0000
1100
0000
0010
0001
0100
0010
1000
0000
1100
0000
0000
0000
,  // measure 55
1001
0101
1010
0011
1100
1001
0110
1010
,  // measure 56
0101
1100
1001
0011
0000
0001
0001
0000
,  // measure 57
1001
0101
0110
1001
1010
0101
0011
1100
,  // measure 58
1001
0110
1010
0101
0000
0100
0100
0000
,  // measure 59
0010
0000
0101
0000
1000
0010
1000
0000
,  // measure 60
0101
1000
0001
1100
0000
0010
1010
0000
,  // measure 61
0011
0101
1100
1010
1001
0101
1010
1100
,  // measure 62
0011
0000
0001
0000
1010
0000
0100
0001
1000
0100
0010
0000
1100
0000
0000
0000
,  // measure 63
0011
1010
0101
1001
0110
1010
0101
1001
,  // measure 64
0011
1010
1100
0110
0000
0010
0010
0000
,  // measure 65
0011
0101
1010
1100
1001
0110
1010
0101
,  // measure 66
0011
0110
0101
1010
0000
1000
1000
0000
,  // measure 67
0100
0000
0011
0000
1000
0010
1000
0000
,  // measure 68
0101
1000
0001
1100
0000
0010
0011
0000
,  // measure 69
1001
1001
0110
0110
1100
1100
0011
0011
,  // measure 70
0101
1010
1100
0101
1001
0000
0011
0000
,  // measure 71
0200
0000
0000
0300
;
