#TITLE:gentle stress;
#SUBTITLE:-AMD SEXUAL MIX-;
#ARTIST:MR. DOG feat. DJ SWAN;
#TITLETRANSLIT:;
#SUBTITLETRANSLIT:;
#ARTISTTRANSLIT:;
#CREDIT:;
#BANNER:gentlestressamdsexualmix.png;
#BACKGROUND:gentlestressamdsexualmix-bg.png;
#LYRICSPATH:;
#CDTITLE:;
#MUSIC:gentlestressamdsexualmix.mp3;
#OFFSET:0.650;
#SAMPLESTART:36.850;
#SAMPLELENGTH:12.000;
#SELECTABLE:YES;
#BPMS:0.000=160.000;
#STOPS:;
#BGCHANGES:;
// cache tags:
#FIRSTBEAT:20.000;
#LASTBEAT:236.500;
#SONGFILENAME:Songs/All Songs/Gentle Stress ASM/gentlestressamdsexualmix.sm;
#HASMUSIC:1;
#HASBANNER:1;
#MUSICLENGTH:92.610;
// end cache tags

//---------------dance-single - ----------------
#NOTES:
     dance-single:
     :
     Easy:
     5:
     0.295,0.319,0.216,0.000,0.000,171.000,20.000,0.000,0.000,0.000:  // measure 1
0000
0000
0000
0000
,  // measure 2
0000
0000
0000
0000
,  // measure 3
0000
0000
0000
0000
,  // measure 4
0000
0000
0000
0000
,  // measure 5
0000
0000
0000
0000
,  // measure 6
0010
0010
1000
0100
,  // measure 7
0001
0100
1000
0100
,  // measure 8
0010
0010
0001
0100
,  // measure 9
0010
0000
0000
0000
,  // measure 10
1001
0100
0010
1000
,  // measure 11
0100
0100
0001
0010
,  // measure 12
1000
1000
0001
0100
,  // measure 13
0010
0000
1000
0000
0000
0001
0000
0000
,  // measure 14
1001
0100
0010
0001
,  // measure 15
0100
0100
1000
0010
,  // measure 16
0001
0001
1000
0100
,  // measure 17
0010
0000
0000
0000
,  // measure 18
1001
0100
0010
0001
,  // measure 19
0100
0100
1000
0010
,  // measure 20
0001
0001
1000
0100
,  // measure 21
0010
0000
0001
0000
0000
1000
0000
0000
,  // measure 22
1001
0100
0010
1000
,  // measure 23
0100
0100
0001
0010
,  // measure 24
1000
1000
0001
0100
,  // measure 25
0010
0000
0000
0000
,  // measure 26
1001
0000
1000
0000
,  // measure 27
0100
0000
0000
0100
,  // measure 28
1000
0000
0001
0000
,  // measure 29
0100
0000
0000
0100
,  // measure 30
1000
0010
0001
0100
,  // measure 31
1000
0100
0001
0010
,  // measure 32
1000
0000
0000
0100
,  // measure 33
0110
0000
0000
0000
,  // measure 34
1001
0000
0001
0000
,  // measure 35
1000
0000
0000
0100
,  // measure 36
0001
0000
1000
0000
,  // measure 37
0001
0000
0000
0100
,  // measure 38
0001
0010
1000
0100
,  // measure 39
0001
0100
1000
0010
,  // measure 40
1000
1000
1000
1000
,  // measure 41
1000
1000
1000
0100
,  // measure 42
1001
0100
0010
0001
,  // measure 43
0100
0100
1000
0010
,  // measure 44
1000
1000
0001
0100
,  // measure 45
0010
0000
0001
0000
0000
0100
0000
0000
,  // measure 46
1001
0100
0010
1000
,  // measure 47
0100
0100
0001
0010
,  // measure 48
0001
0001
1000
0100
,  // measure 49
0100
0000
0000
0000
,  // measure 50
1001
0000
1001
0000
,  // measure 51
0110
0000
0000
0100
,  // measure 52
1001
0000
1001
0000
,  // measure 53
0110
0000
0000
0010
,  // measure 54
1000
0000
0010
0000
0000
0001
0000
0000
,  // measure 55
1000
0000
0000
0010
0000
0000
0100
0000
,  // measure 56
1001
0000
0010
0000
0010
0000
0010
0010
,  // measure 57
0010
0000
0010
0000
0010
0000
0010
0010
,  // measure 58
0010
0000
0100
0000
,  // measure 59
1001
1001
1001
0100
,  // measure 60
0110
0000
0000
0000
;

//---------------dance-single - ----------------
#NOTES:
     dance-single:
     :
     Medium:
     7:
     0.401,0.414,0.281,0.000,0.000,234.000,26.000,0.000,0.000,0.000:  // measure 1
0000
0000
0000
0000
,  // measure 2
0000
0000
0000
0000
,  // measure 3
0000
0000
0000
0000
,  // measure 4
0000
0000
0000
0000
,  // measure 5
0000
0000
0000
0000
,  // measure 6
0010
0001
0100
0000
0010
1000
0100
0000
,  // measure 7
0001
0000
0100
0000
0010
0001
0100
0000
,  // measure 8
0010
1000
0100
0000
0010
0001
0100
0000
,  // measure 9
0010
0000
0000
0000
,  // measure 10
1001
0000
0100
0000
0001
1000
0100
0000
,  // measure 11
0010
0000
0001
0000
1000
0010
0100
0000
,  // measure 12
0001
0000
0100
0000
0010
1000
0100
0000
,  // measure 13
0010
0000
0101
0000
0000
1100
0000
0000
,  // measure 14
0011
0000
0100
0000
1000
0001
0100
0000
,  // measure 15
0010
0000
1000
0000
0001
0010
0100
0000
,  // measure 16
1000
0000
0100
0000
0010
0001
0100
0000
,  // measure 17
0010
0000
0000
0000
,  // measure 18
1001
0000
0100
0000
1000
0001
0100
0000
,  // measure 19
0010
0000
1000
0000
0001
0010
0100
0000
,  // measure 20
1000
0000
0100
0000
0010
0001
0100
0000
,  // measure 21
0010
0000
1100
0000
0000
0101
0000
0000
,  // measure 22
1010
0000
0100
0000
0001
1000
0100
0000
,  // measure 23
0010
0000
0001
0000
1000
0010
0100
0000
,  // measure 24
0001
0000
0100
0000
0010
1000
0100
0010
,  // measure 25
0000
0000
0000
0000
,  // measure 26
1000
0100
0010
0001
0000
0000
0100
0000
,  // measure 27
1000
0100
0010
0001
0000
0000
0010
0000
,  // measure 28
0001
0010
0100
1000
0000
0000
0100
0000
,  // measure 29
0001
0010
0100
1000
0000
0000
0100
0000
,  // measure 30
0010
0000
0001
0000
0000
0100
0000
0000
,  // measure 31
0010
0000
0000
1000
0000
0000
0100
0000
,  // measure 32
0010
0001
1000
0100
0000
0000
0000
0100
,  // measure 33
0100
0000
0000
0000
,  // measure 34
0001
0010
0100
1000
0000
0000
0100
0000
,  // measure 35
0001
0010
0100
1000
0000
0000
0010
0000
,  // measure 36
1000
0100
0010
0001
0000
0000
0100
0000
,  // measure 37
1000
0100
0010
0001
0000
0000
0100
0000
,  // measure 38
0010
0000
1000
0000
0000
0100
0000
0000
,  // measure 39
0010
0000
0000
0001
0000
0000
0100
0000
,  // measure 40
1000
0100
1000
0000
0001
0010
0001
0000
,  // measure 41
1000
0100
1000
0000
0010
0000
0100
0000
,  // measure 42
0011
0000
0100
0000
1000
0100
0001
0000
,  // measure 43
0001
0100
1000
0000
1000
0100
0001
0000
,  // measure 44
1000
0100
0001
0000
0001
0000
0100
0000
,  // measure 45
0010
0000
1100
0000
0000
0101
0000
0000
,  // measure 46
1010
0000
0100
0000
0001
0100
1000
0000
,  // measure 47
1000
0100
0001
0000
0001
0100
1000
0000
,  // measure 48
0001
0100
1000
0000
0001
0100
0000
0100
,  // measure 49
0000
0000
0000
0000
,  // measure 50
1000
0100
0010
0001
0000
0000
0100
0000
,  // measure 51
0001
0010
0100
1000
0000
0000
0010
0000
,  // measure 52
1000
0100
0010
0001
0000
0000
0100
0000
,  // measure 53
0001
0010
0100
1000
0000
0000
0100
0000
,  // measure 54
1100
0000
0011
0000
0000
0101
0000
0000
,  // measure 55
1100
0000
0000
0011
0000
0000
1100
0000
,  // measure 56
0011
0100
0100
0100
,  // measure 57
0101
0100
0100
0100
,  // measure 58
1100
0100
0101
0100
,  // measure 59
1100
0101
1100
0100
,  // measure 60
0011
0000
0000
0000
;

//---------------dance-single - ----------------
#NOTES:
     dance-single:
     :
     Hard:
     8:
     0.483,0.542,0.346,0.000,0.059,281.000,32.000,0.000,0.000,0.000:  // measure 1
0000
0000
0000
0000
,  // measure 2
0000
0000
0000
0000
,  // measure 3
0000
0000
0000
0000
,  // measure 4
0000
0000
0000
0000
,  // measure 5
0000
0000
0000
0000
,  // measure 6
1000
0000
0010
0000
0001
1000
0100
0000
,  // measure 7
0100
0000
0001
0010
0000
1000
0010
0000
,  // measure 8
0000
0000
0010
0000
0001
1000
0000
0100
,  // measure 9
0011
0000
0000
0000
,  // measure 10
1001
0000
0010
0000
1000
0001
0100
0000
,  // measure 11
0100
0000
1000
0010
0000
0001
0010
0000
,  // measure 12
0000
0000
0010
0000
0001
1000
0100
0000
,  // measure 13
0100
0000
0011
0100
0000
1010
0100
0000
,  // measure 14
1001
0000
0010
0000
0001
1000
0100
0000
,  // measure 15
0100
0000
0001
0010
0000
1000
0010
0000
,  // measure 16
0000
0000
0010
0000
0001
1000
0000
0100
,  // measure 17
0011
0000
0000
0000
,  // measure 18
1001
0000
0000
0000
0100
0000
0000
0010
0001
0000
1000
0000
0000
0000
0100
0000
,  // measure 19
0001
0000
1000
0010
0000
0001
0100
0000
,  // measure 20
0010
0000
0000
0000
0100
0000
0000
0010
1000
0000
0001
0000
0000
0000
0100
0000
,  // measure 21
1000
0000
0001
0010
0000
1000
0100
0000
,  // measure 22
1001
0000
0000
0000
0100
0000
0000
0010
0001
0000
1000
0000
0000
0000
0100
0000
,  // measure 23
0001
0000
1000
0010
0000
0001
0100
0000
,  // measure 24
0010
0000
0000
0000
1000
0000
0000
0010
0001
0000
0100
0000
0000
0000
0100
0000
,  // measure 25
1010
0000
0000
0000
,  // measure 26
1001
0100
0010
0001
1000
0100
0010
0001
,  // measure 27
1000
0100
0010
0001
0000
0100
1000
0000
,  // measure 28
0001
0010
0100
1000
0001
0010
0100
1000
,  // measure 29
0001
0010
0100
1000
0000
0100
0001
0000
,  // measure 30
0011
0000
1100
0000
0000
0110
0000
0000
,  // measure 31
1010
0000
0000
0101
0000
0000
1100
0000
,  // measure 32
0001
0010
0100
1000
0001
0010
0100
1000
,  // measure 33
0011
0000
0100
0000
0000
0100
0000
0010
,  // measure 34
1001
0100
0010
1000
0001
0100
0010
1000
,  // measure 35
0001
0100
0010
1000
0000
0001
0010
0100
,  // measure 36
1000
0010
0100
0001
1000
0010
0100
0001
,  // measure 37
1000
0010
0100
0001
0000
0010
0001
0100
,  // measure 38
1010
0000
0101
0000
0000
0110
0000
0000
,  // measure 39
0011
0000
0000
1100
0000
0000
0101
0000
,  // measure 40
0010
1000
0100
0001
0010
0100
1000
0100
,  // measure 41
0010
0001
0010
0100
1000
0000
0010
0000
,  // measure 42
1100
0000
0000
0000
0000
0000
0000
0010
0001
0000
0000
0100
0000
0000
1000
0000
,  // measure 43
0001
0000
0000
0010
0000
0000
0100
0000
1000
0000
0000
0100
0000
0000
0001
0000
,  // measure 44
1000
0000
0100
0001
0000
0000
0000
0000
,  // measure 45
0000
0000
0000
0000
0000
0000
0010
0001
0010
0000
0000
0100
0000
0000
1000
0000
,  // measure 46
0010
0001
0000
0000
,  // measure 47
1000
0000
0010
0000
,  // measure 48
0001
0010
0100
1000
,  // measure 49
0001
0000
0000
0000
,  // measure 50
0010
0001
1000
0100
0100
1000
0001
0010
,  // measure 51
1000
0100
0010
0001
0000
0100
0100
0000
,  // measure 52
0010
1000
0001
0100
0100
0001
1000
0010
,  // measure 53
0001
0000
0100
0000
0010
0000
1000
0000
0000
0000
0100
0000
0001
1000
0001
0000
,  // measure 54
0100
0000
0011
0000
0000
1010
0000
0000
,  // measure 55
0101
0000
0000
1010
0000
0000
0101
0000
,  // measure 56
1010
0010
0010
0010
0010
0010
0010
1000
,  // measure 57
0100
0010
0010
0010
0010
0010
0010
0001
,  // measure 58
0100
0010
0010
0010
1000
0010
0010
0010
,  // measure 59
0001
0100
1000
0100
0001
0100
0100
0000
,  // measure 60
1010
0000
0000
0000
;

//---------------dance-double - ----------------
#NOTES:
     dance-double:
     :
     Easy:
     5:
     0.375,0.446,0.540,0.000,0.000,193.000,50.000,0.000,0.000,0.000:  // measure 1
00000000
00000000
00000000
00000000
,  // measure 2
00000000
00000000
00000000
00000000
,  // measure 3
00000000
00000000
00000000
00000000
,  // measure 4
00000000
00000000
00000000
00000000
,  // measure 5
00000000
00000000
00000000
00000000
,  // measure 6
10000000
01000000
00100000
00010000
,  // measure 7
01000000
00010000
00100000
00001000
,  // measure 8
00000010
00000001
00001000
00000100
,  // measure 9
00010000
00000000
00000000
00000000
,  // measure 10
00001001
00000100
00010000
00001000
,  // measure 11
00100000
00010000
01000000
00001000
,  // measure 12
00010000
00000010
00001000
00000100
,  // measure 13
00010000
00000000
00001001
00000000
00000000
00011000
00000000
00000000
,  // measure 14
10010000
01000000
00001000
00010000
,  // measure 15
00000010
00001000
00000100
00010000
,  // measure 16
00001000
00100000
00010000
01000000
,  // measure 17
00001000
00000000
00000000
00000000
,  // measure 18
00001001
00000100
00010000
00001000
,  // measure 19
00100000
00010000
01000000
00001000
,  // measure 20
00010000
00000010
00001000
00000100
,  // measure 21
00010000
00000000
00001001
00000000
00000000
00011000
00000000
00000000
,  // measure 22
10010000
01000000
00001000
00010000
,  // measure 23
00000010
00001000
00000100
00010000
,  // measure 24
00001000
00100000
00010000
01000000
,  // measure 25
00010000
00000000
00000000
00000000
,  // measure 26
10100000
01000000
01010000
00100000
,  // measure 27
00011000
00000100
00001000
00000000
,  // measure 28
00000011
00000100
00001100
00000010
,  // measure 29
00011000
01000000
00010000
00000000
,  // measure 30
00100000
00000000
00001000
00010000
00001000
00000000
00000000
00000000
,  // measure 31
00010000
00001000
00010000
00000000
00000000
00000000
00000100
00000000
,  // measure 32
00110000
00110000
00001100
00001100
,  // measure 33
00000100
00000000
00000000
00000000
,  // measure 34
00000011
00000100
00001100
00000010
,  // measure 35
00011000
01000000
00010000
00000000
,  // measure 36
10100000
01000000
01010000
00100000
,  // measure 37
00011000
00000100
00001000
00000000
,  // measure 38
00000010
00000000
00010000
00001000
00010000
00000000
00000000
00000000
,  // measure 39
00001000
00010000
00001000
00000000
00000000
00000000
01000000
00000000
,  // measure 40
00100000
10000000
01000000
00010000
,  // measure 41
00001000
00000010
00000001
00000100
,  // measure 42
00001010
00000000
00011000
00000000
00100000
00010000
10000000
00000000
,  // measure 43
01100000
10010000
01000000
00010000
,  // measure 44
00011000
00000000
00001100
00000000
00000010
00001000
00000100
00000000
,  // measure 45
00000010
00000000
00001100
00000000
00000000
00011000
00000000
00000000
,  // measure 46
00110000
00000000
00011000
00000000
00000010
00001000
00000001
00000000
,  // measure 47
00000110
00001001
00000100
00001000
,  // measure 48
00011000
00000000
01010000
00000000
00100000
00010000
01000000
00000000
,  // measure 49
01000000
00000000
00000000
00000000
,  // measure 50
10100000
01000000
01010000
00100000
,  // measure 51
00011000
00000100
00001000
00000000
,  // measure 52
00000011
00000100
00001100
00000010
,  // measure 53
00011000
01000000
00010000
00000000
,  // measure 54
00100000
00000000
00001000
00000000
00000000
00000100
00000000
00000000
,  // measure 55
00010000
00000000
00000000
01000000
00000000
00000000
00001000
00000000
,  // measure 56
00000010
00000001
00000100
00001000
,  // measure 57
00010000
00100000
10000000
01000000
,  // measure 58
00110000
00000000
01100000
00000000
,  // measure 59
00110000
00011000
00001100
00000010
,  // measure 60
00000101
00000000
00000000
00000000
;

//---------------dance-double - ----------------
#NOTES:
     dance-double:
     :
     Medium:
     7:
     0.416,0.446,0.313,0.000,0.000,241.000,29.000,0.000,0.000,0.000:  // measure 1
00000000
00000000
00000000
00000000
,  // measure 2
00000000
00000000
00000000
00000000
,  // measure 3
00000000
00000000
00000000
00000000
,  // measure 4
00000000
00000000
00000000
00000000
,  // measure 5
00000000
00000000
00000000
00000000
,  // measure 6
00001000
00000000
00010000
00000000
00001000
00010000
00000100
00000000
,  // measure 7
00010000
00000000
00001000
00000000
00010000
00001000
01000000
00000000
,  // measure 8
00001000
00000000
00010000
00000000
00001000
00010000
00001000
00000000
,  // measure 9
00011000
00000000
00000000
00000000
,  // measure 10
00001001
00000000
00000100
00000010
00000000
00001000
00000000
00000000
,  // measure 11
00000010
00000000
00001000
00000100
00000000
00010000
00001000
00000000
,  // measure 12
00100000
00000000
00001000
01000000
00000000
00010000
00000000
10000000
,  // measure 13
01000000
00000000
00110000
00000000
00000000
00011000
00000000
00000000
,  // measure 14
10010000
00000000
01000000
00100000
00000000
00010000
01000000
00000000
,  // measure 15
00100000
00000000
00010000
01000000
00000000
00001000
00010000
00000000
,  // measure 16
00000010
00000000
00010000
00000100
00000000
00001000
00000100
00000000
,  // measure 17
00010000
00000000
00000000
00000000
,  // measure 18
10010000
00000000
01000000
00100000
00000000
00010000
00000000
00000000
,  // measure 19
00100000
00000000
00010000
01000000
00000000
00001000
00010000
00000000
,  // measure 20
00000010
00000000
00010000
00000100
00000000
00001000
00000000
00000001
,  // measure 21
00000100
00000000
00001010
00000000
00000000
00011000
00000000
00000000
,  // measure 22
00001001
00000000
00000100
00000010
00000000
00001000
00000100
00000000
,  // measure 23
00000010
00000000
00001000
00000100
00000000
00010000
00001000
00000000
,  // measure 24
00100000
00000000
00001000
01000000
00000000
00010000
01000000
00000000
,  // measure 25
00001000
00000000
00000000
00000000
,  // measure 26
00100000
00001000
00010000
00000100
00000000
00001000
00000000
00000000
,  // measure 27
00000100
00010000
00001000
00100000
00000000
00001000
00010000
00000000
,  // measure 28
00000100
00010000
00001000
00100000
00000000
00010000
00000000
00000000
,  // measure 29
00100000
00001000
00010000
00000100
00000000
00001000
00000000
00000000
,  // measure 30
00100000
00000000
00001000
00000000
00000000
01000000
00000000
00000000
,  // measure 31
00100000
00000000
00000000
01000000
00000000
00000000
00001000
00000000
,  // measure 32
00100000
00001000
00010000
00000100
00000000
00010000
00000000
00001000
,  // measure 33
00010000
00000000
00000000
00000000
,  // measure 34
00000010
00010000
00001000
01000000
00000000
00010000
00000000
00000000
,  // measure 35
01000000
00001000
00010000
00000010
00000000
00010000
00001000
00000000
,  // measure 36
01000000
00001000
00010000
00000010
00000000
00001000
00000000
00000000
,  // measure 37
00000010
00010000
00001000
01000000
00000000
00010000
00000000
00000000
,  // measure 38
00000010
00000000
00010000
00000000
00000000
00000100
00000000
00000000
,  // measure 39
00000010
00000000
00000000
00000100
00000000
00000000
00010000
00000000
,  // measure 40
00001000
00000000
00010000
00001000
01000000
00000000
00001000
00010000
,  // measure 41
00000100
00000000
00010000
00001000
01000000
00000000
00100000
00000000
,  // measure 42
11000000
00000000
00100000
00000000
10000000
00010000
01000000
00000000
,  // measure 43
00100000
01000000
00001000
00000000
00010000
00001000
01000000
00000000
,  // measure 44
00010000
00100000
00001000
00000000
00110000
00000000
00011000
00000000
,  // measure 45
00000100
00000000
00011000
00000000
00000000
00001010
00000000
00000000
,  // measure 46
00000101
00000000
00000010
00000000
00000001
00001000
00000100
00000000
,  // measure 47
00000010
00000100
00010000
00000000
00001000
00010000
00000100
00000000
,  // measure 48
00001000
00000010
00010000
00000000
00001010
00000000
00011000
00000000
,  // measure 49
01000000
00000000
00000000
00000000
,  // measure 50
10000000
01000000
00100000
00010000
00000000
00000010
00000100
00000000
,  // measure 51
00000001
00000010
00000100
00001000
00000000
00100000
01000000
00000000
,  // measure 52
10000000
01000000
00100000
00010000
00000000
00000010
00000100
00000000
,  // measure 53
00000001
00000010
00000100
00001000
00000000
00100000
01000000
00000000
,  // measure 54
10010000
00000000
01100000
00000000
00000000
00110000
00000000
00000000
,  // measure 55
00001100
00000000
00000000
00000110
00000000
00000000
00001001
00000000
,  // measure 56
00000010
00001000
00000100
00000000
00001000
00000100
00010000
00000000
,  // measure 57
00001000
00100000
00010000
00000000
10000000
00100000
01000000
00000000
,  // measure 58
00110000
10000000
11000000
00100000
,  // measure 59
00011000
00001100
00000011
00000100
,  // measure 60
00011000
00000000
00000000
00000000
;

//---------------dance-double - ----------------
#NOTES:
     dance-double:
     :
     Hard:
     9:
     0.546,0.637,0.367,0.000,0.032,320.000,34.000,0.000,0.000,0.000:  // measure 1
00000000
00000000
00000000
00000000
,  // measure 2
00000000
00000000
00000000
00000000
,  // measure 3
00000000
00000000
00000000
00000000
,  // measure 4
00000000
00000000
00000000
00000000
,  // measure 5
00000000
00000000
00000000
00000000
,  // measure 6
00100000
00000000
10000000
00000000
00001000
00010000
00000100
00000000
,  // measure 7
00000010
00000001
00000100
00000100
00001000
00000100
00000100
00000000
,  // measure 8
00010000
00001000
00000100
00000000
00000100
00000100
00000000
00010000
,  // measure 9
00011000
00000000
00000000
00000000
,  // measure 10
00110000
00000000
01000000
10000000
00000000
00010000
00000000
00000000
,  // measure 11
00100000
00000000
00000000
00000000
10000000
00000000
00100000
00000000
00000000
00000000
00000000
00000000
00010000
00100000
00010000
00100000
,  // measure 12
00001000
00000000
00010000
00000010
00000000
00000100
00000000
00000001
,  // measure 13
00000001
00000000
00001100
00000010
00000000
00000101
00000010
00000000
,  // measure 14
00001000
00000000
00000001
00000010
00000000
00010000
00000100
00010000
,  // measure 15
00001000
00000000
00001000
00010000
00001000
00000000
01000000
00100000
,  // measure 16
10000000
00000000
00100000
01000000
00000000
00001000
00010000
00000010
,  // measure 17
00000100
00000000
00010000
00000010
00000000
00000100
00000000
00000000
,  // measure 18
00001010
00000000
00000100
00000001
00000000
00001000
00000000
00000000
,  // measure 19
00000010
00000000
00000000
00000000
00000001
00000000
00000010
00000000
00000000
00000000
00000000
00000000
00001000
00000010
00001000
00000010
,  // measure 20
00010000
00000000
00001000
00100000
00000000
01000000
00000000
10000000
,  // measure 21
10000000
00000000
01010000
00100000
00000000
11000000
00100000
00000000
,  // measure 22
00010000
00000000
10000000
00100000
00000000
10000000
10000000
00010000
,  // measure 23
00001000
00000000
00010000
00001000
00010000
00000100
00000010
00000000
,  // measure 24
00000001
00000000
00000010
00000100
00010000
00010000
00001000
00100000
,  // measure 25
01000000
00000000
00000000
00000000
,  // measure 26
10000000
01000000
00100000
00010000
00100000
00010000
00001000
00000100
,  // measure 27
00001000
00000100
00000010
00000001
00000000
00001000
00000100
00000100
,  // measure 28
00000001
00000010
00000100
00001000
00000100
00001000
00010000
00100000
,  // measure 29
00010000
00100000
01000000
10000000
00000000
01000000
10000000
10000000
,  // measure 30
10000000
00000000
00110000
00000000
00000000
00011000
00000000
00000000
,  // measure 31
00000110
00000000
00000000
00000011
00000000
00000000
00001100
00000000
,  // measure 32
00000001
00000010
00000100
00001000
00000010
00010000
00000100
00000010
,  // measure 33
00000000
00000000
00000010
00000000
00000000
00000100
00000000
00000100
,  // measure 34
00000001
00000010
00000100
00001000
00000100
00001000
00010000
00100000
,  // measure 35
00010000
00100000
01000000
10000000
00000000
00010000
01000000
01000000
,  // measure 36
10000000
01000000
00100000
00010000
00100000
00010000
00001000
00000100
,  // measure 37
00001000
00000100
00000010
00000001
00000000
00000100
00000001
00000001
,  // measure 38
00000001
00000000
00001010
00000000
00000000
00011000
00000000
00000000
,  // measure 39
01100000
00000000
00000000
10100000
00000000
00000000
01010000
00000000
,  // measure 40
00100000
10000000
00010000
01000000
00001000
00000010
00000001
00000100
,  // measure 41
00010000
01000000
00100000
10000000
00010000
00000000
10100000
00000000
,  // measure 42
01010000
00100000
00001000
00010000
00001000
01000000
00010000
00000010
,  // measure 43
00000001
00001000
00000100
00000010
00000001
00000100
00000010
00000000
,  // measure 44
00001000
00000010
00010000
00001000
00010000
00000100
00001000
00100000
,  // measure 45
10000000
00010000
01000000
00100000
10000000
01000000
00100000
00000000
,  // measure 46
10010000
00100000
01000000
00010000
00000100
00000010
00000001
00000000
,  // measure 47
00000100
00000010
00001000
00000000
00000110
00000000
00000101
00000000
,  // measure 48
00000010
00010000
00100000
01000000
,  // measure 49
01000000
00000000
00000000
00000000
,  // measure 50
00010000
00100000
01000000
10000000
00100000
00010000
00001000
00000100
,  // measure 51
00000001
00000010
00000100
00001000
00000000
00000001
00000100
00000100
,  // measure 52
00001000
00000100
00000010
00000001
00000100
00001000
00010000
00100000
,  // measure 53
10000000
00000000
01000000
00000000
00100000
00000000
00010000
00000000
00000000
00000000
01000000
00000000
00001000
00010000
00001000
00010000
,  // measure 54
00001000
00000000
00110000
00100000
00000000
00011000
00010000
00000000
,  // measure 55
00000110
00000100
00000000
00000011
00000001
00000000
00001100
00000000
,  // measure 56
00100000
10000000
00010000
01000000
00001000
00000010
00000001
00000100
,  // measure 57
00010000
01000000
00100000
10000000
00010000
01000000
00100000
10000000
,  // measure 58
01010000
01000000
00100000
00001000
00011000
00010000
00000100
00010000
,  // measure 59
00011000
00010000
00001010
00001000
00000101
00000000
00001010
00000000
,  // measure 60
00000101
00000000
00000000
00000000
;

//---------------dance-couple - ----------------
#NOTES:
     dance-couple:
     :
     Medium:
     5:
     0.657,0.766,1.000,0.000,0.000,256.000,146.000,0.000,0.000,12.000:  // measure 1
00000000
00000000
00000000
00000000
,  // measure 2
00000000
00000000
00000000
00000000
,  // measure 3
00000000
00000000
00000000
00000000
,  // measure 4
00000000
00000000
00000000
00000000
,  // measure 5
00000000
00000000
00000000
00000000
,  // measure 6
00100010
00010001
00000000
01000100
00100010
10001000
00000000
01000100
,  // measure 7
00010001
00000000
00000000
01000100
00100010
00010001
00000000
01000100
,  // measure 8
00100010
10001000
00000000
01000100
00100010
00010001
00000000
01000100
,  // measure 9
00100010
00000000
00000000
00000000
,  // measure 10
10010000
00000000
00000001
01000000
00010000
10000000
00000001
01000000
,  // measure 11
00100000
00000000
00010001
00000000
10000000
00100000
00000001
01000000
,  // measure 12
00010000
00000000
00000001
01000000
00100000
10000000
00000001
01000000
,  // measure 13
00100000
00000000
00010001
01000000
00000000
10000000
01000001
00000000
,  // measure 14
00110000
00000000
00000001
01000000
10000000
00010000
00000001
01000000
,  // measure 15
00100000
00000000
10000001
00000000
00010000
00100000
00000001
01000000
,  // measure 16
10000000
00000000
00000001
01000000
00100000
00010000
00000001
01000000
,  // measure 17
00100000
00000000
00000000
00000000
,  // measure 18
00001001
00000000
10000000
00000100
00000001
00001000
10000000
00000100
,  // measure 19
00000010
00000000
10000001
00000000
00001000
00000010
10000000
00000100
,  // measure 20
00000001
00000000
10000000
00000100
00000010
00001000
10000000
00000100
,  // measure 21
00000010
00000000
10000001
00000100
00000000
00001000
10000100
00000000
,  // measure 22
00000011
00000000
10000000
00000100
00001000
00000001
10000000
00000100
,  // measure 23
00000010
00000000
10001000
00000000
00000001
00000010
10000000
00000100
,  // measure 24
00001000
00000000
10000000
00000100
00000010
00000001
10000000
00000100
,  // measure 25
00000010
00000000
00000000
00000000
,  // measure 26
00010001
00100000
00000000
11000000
00010001
00100000
00000000
11000000
,  // measure 27
00010001
00100000
00000000
11000000
00000000
00000000
00000000
00000000
,  // measure 28
10000001
00000010
00000000
00001100
10000001
00000010
00000000
00001100
,  // measure 29
10000001
00000010
00000000
00001100
00000000
00000000
00000000
00000000
,  // measure 30
00111010
00000000
10000001
01000100
00000000
00100010
01000100
00000000
,  // measure 31
10100011
00000000
00000000
00011000
01000100
00000000
10000001
01000100
,  // measure 32
00010000
00100000
00000000
11000000
00000001
00000010
00000000
00001100
,  // measure 33
10101010
00000000
00000000
00000000
,  // measure 34
10001000
00000010
00000000
00000101
10001000
00000010
00000000
00000101
,  // measure 35
10001000
00000010
00000000
00000101
00000000
00000000
00000000
00000000
,  // measure 36
10000001
00100000
00000000
01010000
10000001
00100000
00000000
01010000
,  // measure 37
10000001
00100000
00000000
01010000
00000000
00000000
00000000
00000000
,  // measure 38
00100010
10001000
00000000
01000100
,  // measure 39
00100010
00000000
00000000
00010001
00000000
00000000
00000000
01000100
,  // measure 40
10001000
00000000
11001100
00000000
00010001
00100010
00010001
00000000
,  // measure 41
10001000
00000000
11001100
00000000
00100010
00000000
00000000
01000100
,  // measure 42
00110011
00000000
10001000
00000000
00000000
01000100
00000000
01000100
,  // measure 43
10001000
00000000
00010001
00000000
00000000
01000100
00000000
01000100
,  // measure 44
10001000
00000000
01010101
00000000
00010001
00000000
00000000
01000100
,  // measure 45
00100010
00000000
10001000
01000100
00000000
00010001
01000100
00000000
,  // measure 46
10101010
00000000
00000000
01000100
00010001
00000000
11001100
00000000
,  // measure 47
10001000
01010101
00010001
11001100
,  // measure 48
00010001
00000000
10001000
00000000
00010001
00000000
00000000
01000100
,  // measure 49
00000000
01000100
00000000
00000000
00000000
00000000
00000000
00000000
,  // measure 50
10000010
00000001
00001000
00000000
10000100
00001100
00000001
00000010
,  // measure 51
10001000
00000000
00000110
00000001
00000000
00000000
00000100
00000100
,  // measure 52
00100001
00010000
10000000
00000000
01000001
11000000
00010000
00100000
,  // measure 53
10000001
00000000
01100000
00010000
00000000
00000000
01000000
01000000
,  // measure 54
10001000
00000000
00100010
00000000
00000000
00010001
00000000
00000000
,  // measure 55
10001000
00000000
00000000
00100010
00000000
00000000
00000000
01000100
,  // measure 56
10011001
00000000
00100010
00000000
00100010
00000000
00100010
00100010
,  // measure 57
00100010
00000000
00100010
00000000
00100010
00000000
00100010
00100010
,  // measure 58
00100010
00000000
00000000
00000000
00000000
01000100
00000000
00000000
,  // measure 59
10010000
00001001
10010000
00001001
,  // measure 60
00100010
01000100
00000000
00000000
00000000
00000000
00000000
00000000
;
