#TITLE:La Señorita Virtual;
#SUBTITLE:;
#ARTIST:2MB;
#TITLETRANSLIT:;
#SUBTITLETRANSLIT:;
#ARTISTTRANSLIT:;
#CREDIT:;
#BANNER:lasenoritavirtual.png;
#BACKGROUND:lasenoritavirtual-bg.png;
#LYRICSPATH:;
#CDTITLE:;
#MUSIC:lasenoritavirtual.mp3;
#OFFSET:1.252;
#SAMPLESTART:31.679;
#SAMPLELENGTH:12.000;
#SELECTABLE:YES;
#BPMS:0.000=182.200;
#STOPS:;
#BGCHANGES:;
// cache tags:
#FIRSTBEAT:24.000;
#LASTBEAT:279.000;
#SONGFILENAME:Songs/All Songs/La Senorita Virtual/lasenoritavirtual.sm;
#HASMUSIC:1;
#HASBANNER:1;
#MUSICLENGTH:102.594;
// end cache tags

//---------------dance-single - ----------------
#NOTES:
     dance-single:
     :
     Easy:
     7:
     0.394,0.442,0.127,0.000,0.000,270.000,13.000,0.000,0.000,0.000:  // measure 1
0000
0000
0000
0000
,  // measure 2
0000
0000
0000
0000
,  // measure 3
0000
0000
0000
0000
,  // measure 4
0000
0000
0000
0000
,  // measure 5
0000
0000
0000
0000
,  // measure 6
0000
0000
0000
0000
,  // measure 7
0011
0100
0100
1000
,  // measure 8
0010
1000
0010
0010
,  // measure 9
1010
0100
0001
0100
,  // measure 10
0010
0001
0010
0010
,  // measure 11
0010
0100
0001
0100
,  // measure 12
0010
1000
0010
0100
,  // measure 13
0010
0001
1000
0000
0100
0000
1000
0000
,  // measure 14
0010
0001
1000
0000
0010
0000
0001
0000
,  // measure 15
1001
0010
0001
0100
,  // measure 16
1000
0010
0010
0100
,  // measure 17
1000
0001
0000
0000
1000
0001
0000
0000
,  // measure 18
0010
0001
0001
0100
,  // measure 19
1001
0010
1000
0100
,  // measure 20
0001
0010
0001
0010
,  // measure 21
0001
1000
0000
0000
0001
1000
0000
0000
,  // measure 22
0010
0100
0001
0001
,  // measure 23
0010
0001
0001
0100
,  // measure 24
0010
0000
1000
0001
1000
0000
0001
0000
,  // measure 25
0010
0000
0000
1000
0100
0000
0010
0000
,  // measure 26
0000
0100
1000
0100
1000
0000
0001
0000
,  // measure 27
0010
0100
0001
0010
,  // measure 28
1000
0000
1000
0001
0010
0000
0010
0000
,  // measure 29
0100
0010
1000
0010
,  // measure 30
0001
0000
0001
1000
0100
0000
0100
0000
,  // measure 31
1001
0010
0001
0100
,  // measure 32
1000
0010
1000
0001
,  // measure 33
1000
0001
0000
0000
1000
0001
0000
0000
,  // measure 34
1000
1000
0001
0001
,  // measure 35
0010
0000
0000
1000
0100
0000
0000
0000
,  // measure 36
0010
0000
0000
0001
0100
0000
0000
0000
,  // measure 37
0010
0000
0000
1000
0001
0000
0000
0000
,  // measure 38
0010
0000
0000
0001
1000
0000
0000
0000
,  // measure 39
0010
0000
0000
0100
0001
0000
0000
0000
,  // measure 40
0010
0000
0000
0100
1000
0000
0000
0000
,  // measure 41
0010
0000
0000
1000
0100
0000
0010
0000
,  // measure 42
0000
0100
0001
0100
0001
0000
1000
0000
,  // measure 43
0010
0100
1000
0010
,  // measure 44
0001
0000
0001
1000
0010
0000
0010
0000
,  // measure 45
0100
0010
0001
0100
,  // measure 46
1000
0000
1000
0001
0100
0000
0100
0000
,  // measure 47
1001
0010
1000
0100
,  // measure 48
0001
0010
0001
0100
,  // measure 49
0001
1000
0000
0000
0001
1000
0000
0000
,  // measure 50
1010
1100
0101
0011
,  // measure 51
0000
0000
0000
0000
,  // measure 52
0010
0010
0010
0010
,  // measure 53
0010
1000
0100
0001
,  // measure 54
0010
0100
1000
0100
,  // measure 55
1001
1000
0010
0001
,  // measure 56
1000
0100
0001
0010
,  // measure 57
0001
0010
1000
0001
,  // measure 58
0010
0010
0010
0000
,  // measure 59
0010
0000
1000
0001
0100
0000
1000
0001
,  // measure 60
0100
0001
1000
0100
,  // measure 61
0010
0000
0001
1000
0010
0000
0001
1000
,  // measure 62
0010
1000
0001
0100
,  // measure 63
0010
0000
1000
0001
0100
0000
1000
0001
,  // measure 64
0100
0000
0001
0100
1000
0000
0100
0000
,  // measure 65
0010
0000
0001
1000
0010
0000
0001
1000
,  // measure 66
0010
0000
1000
0100
0001
0000
0100
0000
,  // measure 67
0010
0000
1000
0001
0100
0000
1000
0001
,  // measure 68
0100
0000
0001
0100
1000
0000
0110
0000
,  // measure 69
0010
0000
1000
0001
0010
0000
1000
0001
,  // measure 70
0010
0000
1000
0100
0001
0000
1001
0000
;

//---------------dance-single - ----------------
#NOTES:
     dance-single:
     :
     Medium:
     8:
     0.498,0.510,0.234,0.000,0.000,334.000,24.000,0.000,0.000,0.000:  // measure 1
0000
0000
0000
0000
,  // measure 2
0000
0000
0000
0000
,  // measure 3
0000
0000
0000
0000
,  // measure 4
0000
0000
0000
0000
,  // measure 5
0000
0000
0000
0000
,  // measure 6
0000
0000
0000
0000
,  // measure 7
0011
0100
0100
1000
,  // measure 8
0010
1000
0100
0100
,  // measure 9
1010
0100
0001
0100
,  // measure 10
0010
0001
0010
0010
,  // measure 11
0010
0001
0100
0000
0001
0010
0100
0000
,  // measure 12
0010
0001
1000
0000
0010
1000
0100
0000
,  // measure 13
0010
0001
1000
0000
0100
0001
1000
0000
,  // measure 14
0010
0001
1000
0000
0001
1000
0100
0000
,  // measure 15
1001
0010
0001
0100
,  // measure 16
1000
0000
0010
0000
1000
0001
0010
0100
,  // measure 17
1000
0001
0000
0000
1000
0001
0000
0000
,  // measure 18
0010
0001
0100
1000
,  // measure 19
1001
0010
1000
0100
,  // measure 20
0001
0000
0010
0000
0001
1000
0010
0100
,  // measure 21
0001
1000
0000
0000
0001
1000
0000
0000
,  // measure 22
0010
1000
0100
0001
,  // measure 23
0010
0000
0001
1000
0001
0000
0100
0000
,  // measure 24
0010
0000
1000
0001
1000
0000
0001
0000
,  // measure 25
0010
0000
0001
1000
0100
0000
0010
0000
,  // measure 26
0000
0100
0100
0100
0010
0000
1001
0000
,  // measure 27
1000
0010
0100
0000
0100
0001
0010
0000
,  // measure 28
1000
0001
1000
0001
0010
0100
0010
0000
,  // measure 29
0100
1000
0010
0000
0010
1000
0100
0000
,  // measure 30
0001
1000
0001
1000
0100
0010
0100
0000
,  // measure 31
0010
0011
0101
1100
,  // measure 32
1010
0000
0010
0000
1000
0001
0010
0100
,  // measure 33
1000
0001
0000
0000
1000
0001
0000
0000
,  // measure 34
0010
0001
0100
1000
,  // measure 35
0010
0000
0001
1000
0001
0000
0100
0000
,  // measure 36
0010
0000
0100
0001
0100
0000
0001
0000
,  // measure 37
0010
0000
0001
1000
0001
0000
1000
0000
,  // measure 38
0010
0000
1000
0001
1000
0000
0001
0000
,  // measure 39
0010
0000
0100
1000
0001
0000
1000
0000
,  // measure 40
0010
0000
1000
0001
0010
0000
0001
0000
,  // measure 41
0010
0000
0100
1000
0001
0000
0010
0000
,  // measure 42
0000
0100
0100
0100
0010
0000
1001
0000
,  // measure 43
0001
0010
0100
0000
0100
1000
0010
0000
,  // measure 44
0001
1000
0001
1000
0010
0100
0010
0000
,  // measure 45
0100
0001
0010
0000
0010
0001
0100
0000
,  // measure 46
1000
0001
1000
0001
0100
0010
0100
0000
,  // measure 47
0010
1010
1100
0101
,  // measure 48
0011
0000
0010
0000
0001
1000
0010
0100
,  // measure 49
0001
1000
0000
0000
0001
1000
0000
0000
,  // measure 50
0010
1000
0100
0001
,  // measure 51
1000
0001
1000
0000
0010
0100
0010
0100
,  // measure 52
0010
0100
0010
0000
1000
0001
1000
0001
,  // measure 53
0010
0010
0010
0010
,  // measure 54
0001
0100
1000
0010
,  // measure 55
0010
0010
0010
0010
,  // measure 56
0001
1000
0010
0100
,  // measure 57
0100
0100
0100
0100
,  // measure 58
1010
0101
0011
1100
,  // measure 59
0010
0000
0100
0010
0001
0000
0100
0010
,  // measure 60
0001
0000
0001
0100
1000
0000
0110
0000
,  // measure 61
0010
0000
0100
0010
1000
0000
0100
0010
,  // measure 62
1000
0000
1000
0100
0001
0000
0110
0000
,  // measure 63
0010
0001
0100
0010
1000
0000
0100
0010
,  // measure 64
0001
0000
0001
0100
1000
0000
0110
0000
,  // measure 65
0010
1000
0100
0010
0001
0000
0100
0010
,  // measure 66
1000
0000
1000
0100
0001
0000
0110
0000
,  // measure 67
0010
0001
0100
0010
1000
0000
0100
0010
,  // measure 68
0001
1000
0001
0100
1000
0000
0110
0000
,  // measure 69
0010
1000
0100
0010
0001
0000
0100
0010
,  // measure 70
1000
0001
1000
0100
0001
0000
0110
0000
;

//---------------dance-single - ----------------
#NOTES:
     dance-single:
     :
     Hard:
     8:
     0.567,0.544,0.468,0.000,0.000,359.000,48.000,0.000,0.000,0.000:  // measure 1
0000
0000
0000
0000
,  // measure 2
0000
0000
0000
0000
,  // measure 3
0000
0000
0000
0000
,  // measure 4
0000
0000
0000
0000
,  // measure 5
0000
0000
0000
0000
,  // measure 6
0000
0000
0000
0000
,  // measure 7
0011
0000
0100
0001
0000
0001
1000
0100
,  // measure 8
1000
0000
0100
1000
0000
1000
0001
0100
,  // measure 9
0010
0000
0100
0001
0000
0001
0100
0010
,  // measure 10
1000
0000
1000
0001
0010
1000
0001
0100
,  // measure 11
0010
0001
0100
0000
0010
1000
0001
0000
,  // measure 12
0001
1000
0010
0000
0010
1000
0100
0000
,  // measure 13
0010
0001
1000
0000
0100
0001
1000
0000
,  // measure 14
0001
1000
0010
0000
0001
1000
0100
0000
,  // measure 15
1001
0011
0101
1100
,  // measure 16
0000
1000
0001
0100
1000
0001
0010
0100
,  // measure 17
1000
0001
0000
0000
1000
0001
0000
0011
,  // measure 18
0000
1100
0000
0001
0100
0001
1000
0100
,  // measure 19
1001
1100
0101
0011
,  // measure 20
0000
0001
1000
0100
0001
1000
0010
0100
,  // measure 21
0001
1000
0000
0000
0001
1000
0000
0000
,  // measure 22
0010
1000
0100
0001
,  // measure 23
0011
0000
0001
1000
0000
1000
0001
1000
,  // measure 24
0010
0000
1000
0001
1000
0100
0010
0000
,  // measure 25
0110
0000
0000
1100
0101
0000
1001
0000
,  // measure 26
0000
0100
0100
0100
0100
0000
1001
0000
,  // measure 27
0010
0001
0100
0000
0100
0001
0010
0000
,  // measure 28
1000
0001
1000
0001
0010
0100
0010
0000
,  // measure 29
0100
1000
0010
0000
0010
1000
0001
0000
,  // measure 30
0001
1000
0001
1000
0100
0010
0100
0000
,  // measure 31
1001
0011
0101
1100
,  // measure 32
0000
0001
1000
0100
0001
1000
0010
0100
,  // measure 33
0001
1000
0000
0000
0001
1000
0000
1010
,  // measure 34
0000
0101
0000
1000
0100
1000
0001
0100
,  // measure 35
0010
0000
1000
0100
0000
0001
0010
1000
,  // measure 36
0010
0000
0100
0001
0000
1000
0010
0001
,  // measure 37
0100
0000
1000
0001
0000
0010
1000
0010
,  // measure 38
0001
0000
1000
0001
0000
0001
0100
1000
,  // measure 39
0010
0000
0100
1000
0000
0100
0010
1000
,  // measure 40
0001
0000
1000
0001
0010
1000
0001
0000
,  // measure 41
0110
0000
0000
0101
1100
0000
1001
0000
,  // measure 42
0000
0010
0010
0010
0010
0000
1001
0000
,  // measure 43
0010
1000
0100
0000
0100
1000
0010
0000
,  // measure 44
0001
1000
0001
1000
0010
0100
0010
0000
,  // measure 45
0100
0001
0010
0000
0010
0001
0100
0000
,  // measure 46
0100
0010
0100
0001
1000
0001
1000
0000
,  // measure 47
1001
1010
0101
1100
,  // measure 48
0000
1000
0001
0100
1000
0001
0010
0100
,  // measure 49
1000
0001
0000
0000
1000
0001
0000
0011
,  // measure 50
0000
1100
0000
0001
0100
0001
1000
0100
,  // measure 51
0010
0000
0000
0000
,  // measure 52
0010
0010
0010
0010
,  // measure 53
1000
0001
1000
0000
1000
0001
1000
0001
,  // measure 54
0010
0100
0010
0000
0010
0100
0010
0000
,  // measure 55
0010
0000
0010
0000
,  // measure 56
0011
1100
1010
0101
,  // measure 57
0010
1000
0010
1000
0010
0000
0010
0000
,  // measure 58
1010
0101
0011
1100
,  // measure 59
0010
0000
0100
0010
0001
0000
0100
0001
,  // measure 60
0010
0000
0001
0001
1000
0000
0110
0000
,  // measure 61
0010
0000
0100
0010
1000
0000
0100
1000
,  // measure 62
0010
0000
1000
1000
0001
0000
0110
0000
,  // measure 63
0100
0010
0001
0100
1000
0000
0010
1000
,  // measure 64
0100
0000
1000
1000
0010
0000
0110
0000
,  // measure 65
0100
1000
0010
0100
0001
0000
0010
0001
,  // measure 66
0100
0000
0001
0001
1000
0000
0110
0000
,  // measure 67
0100
0010
0001
0100
1000
0000
0010
1000
,  // measure 68
0100
0001
0010
1000
0001
0000
0110
0000
,  // measure 69
0100
1000
0010
0100
0001
1000
0010
0001
,  // measure 70
0100
1000
0001
0100
1000
0000
0110
0000
;

//---------------dance-double - ----------------
#NOTES:
     dance-double:
     :
     Easy:
     6:
     0.350,0.408,0.107,0.000,0.000,240.000,11.000,0.000,0.000,0.000:  // measure 1
00000000
00000000
00000000
00000000
,  // measure 2
00000000
00000000
00000000
00000000
,  // measure 3
00000000
00000000
00000000
00000000
,  // measure 4
00000000
00000000
00000000
00000000
,  // measure 5
00000000
00000000
00000000
00000000
,  // measure 6
00000000
00000000
00000000
00000000
,  // measure 7
00110000
00010000
00001000
00001000
,  // measure 8
00010000
00010000
00001000
00000100
,  // measure 9
00001000
00001000
00010000
01000000
,  // measure 10
00100000
00010000
00100000
10000000
,  // measure 11
00100000
00010000
00001000
00000100
,  // measure 12
00000010
00000001
00000010
00000100
,  // measure 13
00001000
00100000
01000000
10000000
,  // measure 14
00100000
00010000
00001000
00000000
,  // measure 15
00001001
00000010
00000001
00000100
,  // measure 16
00001000
00100000
00100000
01000000
,  // measure 17
10000000
00010000
00000000
00000000
01000000
00001000
00000000
00000000
,  // measure 18
00100000
00010000
00010000
00000000
,  // measure 19
10010000
00000000
00000000
00000000
,  // measure 20
00010000
00000010
00000010
00000100
,  // measure 21
00000001
00001000
00000000
00000000
00000100
00010000
00000000
00000000
,  // measure 22
00100000
00000000
00010000
00000000
,  // measure 23
00000010
00000010
00000100
00000100
,  // measure 24
00000010
00000000
00001000
00000001
00001000
00000000
00000001
00000000
,  // measure 25
00000010
00000000
00000000
00010000
00001000
00000000
00100000
00000000
,  // measure 26
00000000
01000000
10000000
01000000
10000000
00000000
00000000
00000000
,  // measure 27
00100000
00010000
00001000
00000100
,  // measure 28
00000001
00000000
00000001
00001000
00000010
00000000
00000010
00000000
,  // measure 29
00000100
00000010
00001000
00000010
,  // measure 30
00010000
00000000
00001000
00010000
00000100
00000000
00000100
00000000
,  // measure 31
00001001
00000010
00000001
00000100
,  // measure 32
00001000
00010000
01000000
00100000
,  // measure 33
10000000
00010000
00000000
00000000
01000000
00001000
00000000
00000000
,  // measure 34
00010000
00010000
00001000
00000000
,  // measure 35
00100000
00000000
00000000
00010000
01000000
00000000
00000000
00000000
,  // measure 36
00100000
00000000
00000000
00001000
00000100
00000000
00000000
00000000
,  // measure 37
00000010
00000000
00000000
00001000
00000001
00000000
00000000
00000000
,  // measure 38
00000010
00000000
00000000
00000001
00000100
00000000
00000000
00000000
,  // measure 39
00010000
00000000
00000000
10000000
01000000
00000000
00000000
00000000
,  // measure 40
00100000
00000000
00000000
00001000
00010000
00000000
00000000
00000000
,  // measure 41
00100000
00000000
00000000
10000000
01000000
00000000
00100000
00000000
,  // measure 42
00000000
00001000
00010000
00001000
00010000
00000000
00000000
00000000
,  // measure 43
00010000
00001000
00010000
01000000
,  // measure 44
10000000
00000000
10000000
00010000
00100000
00000000
00100000
00000000
,  // measure 45
01000000
00100000
00010000
00100000
,  // measure 46
00001000
00000000
00010000
00001000
01000000
00000000
00000000
00000000
,  // measure 47
10010000
00100000
10000000
01000000
,  // measure 48
00010000
00100000
00010000
01000000
,  // measure 49
00001000
00010000
00000000
00000000
00001000
01000000
00000000
00000000
,  // measure 50
00011000
01001000
00011000
00010100
,  // measure 51
00000000
00000000
00000000
00000000
,  // measure 52
00001000
00000000
00000000
00000000
,  // measure 53
00010000
00000000
00000000
00000000
,  // measure 54
00100000
00100000
00100000
00100000
,  // measure 55
10010000
00000000
00010000
00000000
,  // measure 56
00000010
00000000
00000010
00000000
,  // measure 57
00001000
00000000
00001000
00000000
,  // measure 58
00100000
00000000
00100000
00000000
,  // measure 59
00100000
00000000
00010000
10000000
01000000
00000000
00010000
00000000
,  // measure 60
01000000
00010000
00001000
00000100
,  // measure 61
00000010
00000000
00001000
00000001
00000010
00000000
00001000
00000000
,  // measure 62
00000010
00000001
00001000
00010000
,  // measure 63
00100000
00000000
10000000
00010000
01000000
00000000
00010000
10000000
,  // measure 64
01000000
10000000
00010000
00001000
,  // measure 65
00000100
00000000
00000001
00001000
00000010
00000000
00001000
00000001
,  // measure 66
00000010
00000001
00001000
00010000
,  // measure 67
00100000
00000000
00010000
10000000
01000000
00000000
00100000
10000000
,  // measure 68
01000000
00000000
10000000
01000000
00010000
00000000
00001000
00000000
,  // measure 69
00000100
00000000
00001000
00000001
00000010
00000000
00001000
00000001
,  // measure 70
00000100
00000000
00000001
00000100
00001000
00000000
00011000
00000000
;

//---------------dance-double - ----------------
#NOTES:
     dance-double:
     :
     Medium:
     7:
     0.421,0.476,0.039,0.000,0.000,298.000,4.000,0.000,0.000,0.000:  // measure 1
00000000
00000000
00000000
00000000
,  // measure 2
00000000
00000000
00000000
00000000
,  // measure 3
00000000
00000000
00000000
00000000
,  // measure 4
00000000
00000000
00000000
00000000
,  // measure 5
00000000
00000000
00000000
00000000
,  // measure 6
00000000
00000000
00000000
00000000
,  // measure 7
00110000
01000000
01000000
10000000
,  // measure 8
00100000
00010000
00001000
00000100
,  // measure 9
00001010
00000100
00000001
00000100
,  // measure 10
00000010
00000001
00000010
00000100
,  // measure 11
00000010
00000001
00000100
00000000
00000001
00000000
00000100
00000000
,  // measure 12
00000010
00001000
00000001
00000000
00001000
00000000
00010000
00000000
,  // measure 13
00100000
00010000
10000000
00000000
01000000
00000000
10000000
00000000
,  // measure 14
00100000
10000000
00010000
00000000
10000000
00000000
01000000
00000000
,  // measure 15
00000000
00100000
00010000
00001000
,  // measure 16
00000100
00000000
00000010
00000000
00001000
00000001
00000010
00000100
,  // measure 17
00001000
00000001
00000000
00000000
00001000
00000001
00000000
00000000
,  // measure 18
00000010
00000001
00000100
00001000
,  // measure 19
00000000
00000010
00001000
00010000
,  // measure 20
01000000
00000000
00100000
00000000
00010000
10000000
00100000
01000000
,  // measure 21
00010000
10000000
00000000
00000000
00010000
10000000
00000000
00000000
,  // measure 22
00100000
10000000
01000000
00010000
,  // measure 23
00100000
00000000
00001000
00010000
00001000
00000000
00010000
00000000
,  // measure 24
00000100
00000000
00010000
00001000
00010000
00000000
00001000
00000000
,  // measure 25
01000000
00000000
00010000
10000000
01000000
00000000
00100000
00000000
,  // measure 26
00000000
01000000
01000000
01000000
00100000
00000000
00000000
00000000
,  // measure 27
01000000
00010000
00001000
00000100
,  // measure 28
00001000
00000001
00001000
00000001
00000010
00000100
00000010
00000000
,  // measure 29
00000100
00001000
00010000
01000000
,  // measure 30
00010000
10000000
00010000
10000000
01000000
00100000
01000000
00000000
,  // measure 31
00010000
01000000
00001000
00000100
,  // measure 32
00001010
00000000
00000010
00000000
00001000
00000001
00000010
00000100
,  // measure 33
00001000
00000001
00000000
00000000
00010000
00001000
00000000
00000000
,  // measure 34
00100000
00010000
01000000
10000000
,  // measure 35
00100000
00000000
00010000
10000000
00010000
00000000
00000000
00000000
,  // measure 36
00100000
00000000
01000000
00010000
01000000
00000000
00000000
00000000
,  // measure 37
00100000
00000000
00001000
00010000
00001000
00000000
00000000
00000000
,  // measure 38
00000010
00000000
00010000
00001000
00010000
00000000
00000000
00000000
,  // measure 39
00000010
00000000
00000100
00001000
00000001
00000000
00000000
00000000
,  // measure 40
00000010
00000000
00001000
00000001
00000010
00000000
00000000
00000000
,  // measure 41
00000010
00000000
00000100
00001000
00000001
00000000
00000010
00000000
,  // measure 42
00000000
00000100
00000100
00000100
00000010
00000000
00000000
00000000
,  // measure 43
00010000
01000000
00100000
10000000
,  // measure 44
00010000
10000000
00010000
10000000
00100000
00010000
00001000
00000000
,  // measure 45
00001000
00000010
00000100
00000001
,  // measure 46
00001000
00000001
00001000
00000001
00000100
00001000
00010000
00000000
,  // measure 47
01000000
00000000
00000000
00000000
,  // measure 48
00000000
00000000
00100000
00000000
00010000
10000000
01000000
10000000
,  // measure 49
00010000
10000000
00000000
00000000
00001000
00010000
00000000
00000000
,  // measure 50
00000010
00001000
00000100
00000001
,  // measure 51
00001000
00000001
00001000
00000000
00000010
00000100
00000010
00000100
,  // measure 52
00000010
00000100
00000010
00000000
00001000
00010000
01000000
00000000
,  // measure 53
00100000
00100000
00100000
00100000
,  // measure 54
00010000
01000000
10000000
00000000
,  // measure 55
00100000
00100000
00100000
00100000
,  // measure 56
00010000
00001000
00000010
00000100
,  // measure 57
00000100
00000100
00000100
00000100
,  // measure 58
00000000
00000000
00000000
00000000
,  // measure 59
00100000
00000000
01000000
00100000
00010000
00000000
01000000
00100000
,  // measure 60
00010000
00010000
00001000
00000100
,  // measure 61
00000010
00000000
00000100
00000010
00001000
00000000
00000100
00000010
,  // measure 62
00001000
00001000
00010000
01000000
,  // measure 63
00100000
00010000
01000000
00100000
10000000
00000000
00100000
00010000
,  // measure 64
01000000
00010000
00001000
00000100
,  // measure 65
00000010
00001000
00000100
00000010
00001000
00000000
00000010
00001000
,  // measure 66
00000100
00001000
00010000
01000000
,  // measure 67
00100000
00010000
01000000
00100000
10000000
00000000
00100000
00010000
,  // measure 68
01000000
00001000
00010000
00001000
00010000
00000000
00000010
00000000
,  // measure 69
00000010
00001000
00000100
00000010
00000001
00000000
00000100
00001000
,  // measure 70
00000100
00010000
00001000
00010000
00001000
00000000
01010000
00000000
;

//---------------dance-double - ----------------
#NOTES:
     dance-double:
     :
     Hard:
     8:
     0.563,0.544,0.448,0.000,0.000,358.000,46.000,0.000,0.000,0.000:  // measure 1
00000000
00000000
00000000
00000000
,  // measure 2
00000000
00000000
00000000
00000000
,  // measure 3
00000000
00000000
00000000
00000000
,  // measure 4
00000000
00000000
00000000
00000000
,  // measure 5
00000000
00000000
00000000
00000000
,  // measure 6
00000000
00000000
00000000
00000000
,  // measure 7
00110000
00000000
01000000
00010000
00000000
00010000
10000000
00010000
,  // measure 8
00100000
00000000
01000000
10000000
00000000
10000000
00010000
01000000
,  // measure 9
00001000
00000000
00010000
00000100
00000000
00001000
00000001
00000100
,  // measure 10
00000010
00000000
00000100
00000001
00001000
00000100
00001000
00000001
,  // measure 11
00000100
00000010
00010000
00000000
01000000
00000000
00100000
00000000
,  // measure 12
00010000
10000000
00100000
00000000
10000000
00000000
01000000
00000000
,  // measure 13
00010000
00001000
00000100
00000000
00000100
00001000
00000001
00000000
,  // measure 14
00000001
00001000
00000010
00000000
00001000
00000001
00000100
00000000
,  // measure 15
00001001
00011000
01010000
11000000
,  // measure 16
00000000
10000000
00010000
01000000
00010000
10000000
00100000
01000000
,  // measure 17
00010000
10000000
00000000
00000000
00001000
00010000
00000000
00011000
,  // measure 18
00000000
00001100
00000000
00000001
00000100
00000001
00001000
00000100
,  // measure 19
00001001
00001100
00000101
00000011
,  // measure 20
00000000
00000001
00001000
00000100
00001000
00000001
00000010
00000100
,  // measure 21
00001000
00000001
00000000
00000000
00010000
00001000
00000000
00000000
,  // measure 22
00100000
00010000
00001000
00000100
,  // measure 23
00000010
00000000
00000001
00001000
00000000
00001000
00000001
00001000
,  // measure 24
00000010
00000000
00001000
00000001
00001000
00000100
00000010
00000000
,  // measure 25
00000110
00000000
00000000
00000101
00001100
00000000
00011000
00000000
,  // measure 26
00000000
01000000
01000000
01000000
01000000
00000000
10010000
00000000
,  // measure 27
00100000
00010000
01000000
00000000
00010000
00001000
00000100
00000000
,  // measure 28
00001000
00000001
00001000
00000001
00000010
00000100
00000010
00000000
,  // measure 29
00000001
00001000
00000010
00000000
00001000
00010000
01000000
00000000
,  // measure 30
00010000
10000000
00010000
10000000
01000000
00100000
01000000
00000000
,  // measure 31
10010000
00110000
01010000
11000000
,  // measure 32
00000000
10000000
00010000
01000000
00010000
10000000
00100000
01000000
,  // measure 33
00010000
10000000
00000000
00000000
00001000
00010000
00000000
00011000
,  // measure 34
00000000
00001100
00000000
00000001
00000100
00000001
00001000
00000100
,  // measure 35
00000010
00000000
00010000
00001000
00000000
00010000
00001000
00010000
,  // measure 36
00100000
00000000
01000000
10000000
00100000
01000000
00010000
00000000
,  // measure 37
01000000
00000000
00001000
00010000
00000000
00000010
00001000
00000001
,  // measure 38
00001000
00000000
00000001
00000100
00000000
00000010
00001000
00000100
,  // measure 39
00001000
00000000
00010000
00001000
00000000
00001000
00010000
00001000
,  // measure 40
00010000
00000000
00010000
00001000
00000100
00000001
00001000
00000000
,  // measure 41
00000110
00000000
00000000
00000101
00001100
00000000
00011000
00000000
,  // measure 42
00000000
00100000
00100000
00100000
00100000
00000000
10010000
00000000
,  // measure 43
00100000
10000000
01000000
00000000
01000000
10000000
00100000
00000000
,  // measure 44
00001000
00010000
00001000
00010000
00000010
00000100
00000010
00000000
,  // measure 45
00000100
00000001
00000010
00000000
00000010
00000001
00000100
00000000
,  // measure 46
00010000
00001000
00010000
00001000
01000000
00100000
01000000
00000000
,  // measure 47
10010000
10100000
01010000
11000000
,  // measure 48
00000000
10000000
00010000
01000000
00010000
10000000
00100000
01000000
,  // measure 49
00010000
10000000
00000000
00000000
00001000
00010000
00000000
00011000
,  // measure 50
00000000
00001100
00000000
00000001
00000100
00000001
00001000
00000100
,  // measure 51
00000010
00000000
00000000
00000000
,  // measure 52
00100000
00100000
00100000
00100000
,  // measure 53
10000000
00010000
10000000
00000000
01000000
00001000
01000000
00001000
,  // measure 54
00000100
00000010
00000100
00000000
00000010
00000100
00000010
00000000
,  // measure 55
00000010
00001000
00100000
00010000
,  // measure 56
10100000
01010000
00110000
11000000
,  // measure 57
00100000
00010000
00001000
00000100
00000010
00000000
00000010
00000000
,  // measure 58
00001010
00000101
00000011
00001100
,  // measure 59
00000010
00000000
00000100
00000010
00000001
00000000
00000100
00000001
,  // measure 60
00000010
00000000
00001000
00010000
01000000
00000000
01100000
00000000
,  // measure 61
00100000
00000000
01000000
00100000
10000000
00000000
01000000
10000000
,  // measure 62
00100000
00000000
00010000
00001000
00000100
00000000
00000110
00000000
,  // measure 63
00000100
00001000
00010000
01000000
10000000
00000000
00100000
01000000
,  // measure 64
10000000
00000000
10000000
10000000
01000000
00000000
00100000
00000000
,  // measure 65
01000000
00010000
00001000
00000100
00000001
00000000
00000010
00000100
,  // measure 66
00000001
00000000
00000001
00000001
00000100
00000000
00000010
00000000
,  // measure 67
00000100
00001000
00010000
01000000
10000000
00000000
00100000
01000000
,  // measure 68
00010000
00100000
00010000
10000000
01000000
00000000
10010000
00000000
,  // measure 69
01000000
00010000
00001000
00000010
00000001
00000000
00001000
00000001
,  // measure 70
00000010
00001000
00000001
00000100
00001100
00000000
00000101
00000000
;
