#TITLE:Delirium;
#SUBTITLE:;
#ARTIST:=);
#TITLETRANSLIT:;
#SUBTITLETRANSLIT:;
#ARTISTTRANSLIT:;
#CREDIT:DukAmok;
#BANNER:Delirium.png;
#BACKGROUND:Delirium-bg.png;
#LYRICSPATH:;
#CDTITLE:!duktitle.png;
#MUSIC:Delirium.mp3;
#OFFSET:1.400;
#SAMPLESTART:37.500;
#SAMPLELENGTH:9.980;
#SELECTABLE:YES;
#BPMS:0.000=163.000;
#STOPS:;
#BGCHANGES:;
// cache tags:
#FIRSTBEAT:4.000;
#LASTBEAT:357.000;
#SONGFILENAME:Songs/All Songs/Delirium/Delirium.sm;
#HASMUSIC:1;
#HASBANNER:1;
#MUSICLENGTH:133.590;
// end cache tags

//---------------dance-single - Heavy----------------
#NOTES:
     dance-single:
     Heavy:
     Hard:
     10:
     1.000,1.000,0.891,0.007,1.000,1047.000,119.000,1.000,0.000,0.000:
0000
0000
0000
0000
,
0001
0010
0100
1000
0001
0010
0100
1000
0001
0100
0010
1000
0001
0100
0010
1000
,
0010
0100
0001
1000
0010
0100
0001
1000
0010
1000
0001
0010
0100
1000
0001
0010
,
0100
0010
0001
1000
0100
1000
0001
0010
0100
0010
0001
1000
0100
0010
0001
0100
,
0010
1000
0100
0010
0001
0100
0010
0100
0001
0010
0100
1000
0010
0100
0001
0010
,
0100
1000
0100
0010
0001
0010
0100
1000
0010
0100
0001
0100
0010
1000
0010
0100
,
0001
0010
0100
1000
0100
0010
0001
0100
0010
1000
0010
0100
0001
0010
0001
0100
,
0010
1000
0100
1000
0010
0100
0001
0100
0010
1000
0100
1000
0010
0100
0001
0010
,
0100
0010
0001
0010
0100
1000
0010
0100
0001
1000
0010
1000
0100
0010
0001
0010
,
0100
1000
1100
0100
0110
0010
0011
0001
,
0101
0000
0100
0000
0110
0000
0100
0000
0101
0000
0000
0001
0100
0000
0010
0000
,
1010
1000
1100
0100
0110
0010
0110
0100
,
1100
0000
1000
0000
1001
0000
0001
0000
0101
0000
0000
0100
0010
0000
1000
0000
,
1001
0001
0011
0010
0110
0100
1100
1000
,
1010
0000
0010
0000
0110
0000
0010
0000
1010
0000
0000
1000
0010
0000
0100
0000
,
0101
0001
0011
0010
0110
0100
0110
0010
,
0011
0000
0001
0000
1001
0000
1000
0000
1010
0000
0000
0010
0100
0000
0001
0000
,
0010
0001
0010
0100
1000
0100
0010
0001
0100
0010
1000
0010
0100
0001
0100
0010
,
1000
0100
0010
0001
0010
0100
1000
0010
0100
0001
0100
0010
1000
0100
1000
0010
,
0100
0001
0010
0001
0100
0010
1000
0010
0100
0001
0010
0001
0100
0010
1000
0100
,
0010
0100
1000
0100
0010
0001
0100
0010
1000
0001
0100
0001
0010
0100
1000
0100
,
0010
0001
0110
1000
0110
0001
0110
0110
,
0011
0000
1000
0000
0101
0000
0010
0000
0101
0000
0000
1000
0001
0000
0100
0010
,
0100
0010
1001
0100
1001
0010
1100
0101
,
0110
0000
0001
0000
1100
0000
0010
0000
0101
0000
0000
0010
1000
0000
0001
0010
,
0100
1000
0110
0001
0110
1000
0110
0110
,
1100
0000
0001
0000
1010
0000
0100
0000
1010
0000
0000
0001
1000
0000
0010
0100
,
0010
0100
1001
0010
1001
0100
0011
1010
,
0110
0000
1000
0000
0011
0000
0100
0000
1000
0100
0010
0100
1000
0010
0100
0001
,
0010
0100
1001
0010
1001
0100
1001
1001
,
0101
0000
0010
0000
1100
0000
0001
0000
1100
0000
0000
0010
0100
0000
1000
0001
,
1000
0001
0110
1000
0110
0001
1010
1100
,
1001
0000
0100
0000
1010
0000
0001
0000
1100
0000
0000
0001
0010
0000
0100
0001
,
1000
0010
1001
0100
1001
0010
1001
1001
,
1010
0000
0100
0000
0011
0000
1000
0000
0011
0000
0000
0100
0010
0000
0001
1000
,
0001
1000
0110
0001
0110
1000
0101
0011
,
1001
0000
0010
0000
0101
0000
1000
0000
0001
1000
0010
0100
0001
0010
0100
1000
,
0010
1000
0010
0100
0010
0100
0001
0100
0010
0100
0010
1000
0010
1000
0100
1000
,
0001
1000
0001
0010
0001
0010
0100
0010
0001
0010
0001
1000
0001
1000
0010
1000
,
0100
0010
0100
1000
0100
1000
0001
1000
0010
1000
0010
0100
0010
0100
0001
0010
,
0100
0010
0100
1000
0100
1000
0001
0100
0001
0100
0001
0010
0001
0010
0100
1000
,
0001
1000
0010
1000
0001
0100
0010
0100
0001
0010
0100
0010
0001
1000
0100
1000
,
0001
1000
0001
0010
0100
1000
0100
0010
0001
0010
0001
1000
0001
1000
0010
1000
,
0100
0010
0001
0010
0100
1000
0001
1000
0010
0100
0001
0100
0010
1000
0100
0010
,
0001
0100
0010
0100
0001
1000
0010
1000
0001
0010
0100
0010
0001
1000
0010
0100
,
0001
0100
0010
1000
0001
0100
0010
1000
0001
0010
0100
0010
0001
0100
0010
1000
,
0100
0010
0001
1000
0100
0010
0001
1000
0100
1000
0010
0100
0010
1000
0100
0010
,
0001
1000
0010
0100
0001
1000
0010
1000
0100
0010
0001
0100
0001
1000
0010
0100
,
0010
1000
0100
0010
0001
0010
0001
0100
0010
1000
0010
1000
0100
0010
0001
0010
,
0001
0010
0100
1000
0001
0010
0100
1000
0100
1000
0010
0100
0001
0100
0010
1000
,
0100
0010
0001
0010
0100
0010
0001
0100
0010
0100
0001
0010
0100
1000
0100
0010
,
0001
0100
0010
1000
0100
0010
0001
0100
0010
0100
0001
0010
0100
1000
0010
0100
,
0010
0100
0001
0010
0100
1000
0010
0100
0010
1000
0100
1000
0010
0100
0001
0010
,
0100
0000
0000
0010
0110
0000
0000
0100
,
1100
0000
0000
1000
1001
0000
0000
0000
,
0101
0100
0110
0010
1010
1000
1100
0100
,
0110
0000
0011
0000
,
0101
1000
0110
0001
0110
1000
0110
0110
,
1100
0000
0001
0000
1010
0000
0100
0000
1010
0000
0000
0001
1000
0000
0010
0100
,
0010
0100
1001
0010
1001
0100
0011
1010
,
0110
0000
1000
0000
0011
0000
0100
0000
1010
0000
0000
0100
0001
0000
1000
0100
,
0010
0001
0110
1000
0110
0001
0110
0110
,
0011
0000
1000
0000
0101
0000
0010
0000
0101
0000
0000
1000
0001
0000
0100
0010
,
0100
0010
1001
0100
1001
0010
1100
0101
,
0110
0000
0001
0000
1100
0000
0010
0000
1001
0000
0000
1000
0100
0000
0010
0001
,
1000
0100
0010
0001
1000
0100
0010
0001
1000
0010
0100
0001
1000
0010
0100
0001
,
0100
0010
1000
0001
0100
0010
1000
0001
0100
0001
1000
0100
0010
0001
1000
0100
,
0010
0100
1000
0001
0010
0001
1000
0100
0010
0100
1000
0001
0010
0100
1000
0010
,
0100
0001
0010
0100
1000
0010
0100
0010
1000
0100
0010
0001
0100
0010
1000
0100
,
0010
0001
0010
0100
1000
0100
0010
0001
0100
0010
1000
0010
0100
0001
0100
0010
,
1000
0100
0010
0001
0010
0100
1000
0010
0100
0001
0100
0010
1000
0100
1000
0010
,
0100
0001
0010
0001
0100
0010
1000
0010
0100
0001
0010
0001
0100
0010
1000
0100
,
0010
0100
1000
0100
0010
0001
0100
0010
1000
0001
0100
0001
0010
0100
1000
0100
,
0010
0001
0010
0001
0010
0100
0010
0100
0010
0001
1000
0010
0100
0001
1000
0010
,
1000
0100
1000
0100
0010
0100
0010
0100
0010
0001
1000
0010
0100
0010
1000
0100
,
0010
0100
0010
0100
0010
0001
0010
0001
0100
0010
0100
0001
0010
0100
1000
0001
,
0100
0010
0100
0010
1000
0010
1000
0010
1000
0100
0010
0001
0010
0100
0010
0001
,
0100
0001
0100
0001
0010
0001
0010
0001
0010
0100
0010
0001
1000
0010
0100
0001
,
0010
0100
0010
0100
1000
0100
1000
0100
1000
0001
0100
0001
1000
0100
0010
0100
,
0010
0001
0010
0001
0100
0010
0100
0010
1000
0001
0010
0100
0010
0001
1000
0010
,
0100
0001
0100
0001
0010
0100
0010
0100
1000
0001
1000
0001
0100
0010
1000
0100
,
0010
0000
0001
0000
1000
0000
0010
1000
,
0001
0000
0000
0000
0010
0000
0000
0000
0100
0000
0000
0010
0001
0000
1000
0010
,
0100
0000
0001
0000
0010
0000
0100
1000
,
0100
0000
0000
0000
0010
0000
0000
0000
0100
0000
0000
0100
0010
0000
0001
0010
,
0100
0000
1000
0000
0001
0000
0100
0001
,
1000
0000
0000
0000
0100
0000
0000
0000
0010
0000
0000
0100
1000
0000
0001
0100
,
0010
0000
1000
0000
0100
0000
0010
0001
,
0010
0000
0000
0000
0100
0000
0000
0000
0010
0001
1000
0010
0100
0001
0010
0100
,
2000
3000
0000
0000
;

//---------------dance-single - Challenge----------------
#NOTES:
     dance-single:
     Challenge:
     Challenge:
     13:
     1.000,1.000,1.000,0.015,1.000,1051.000,368.000,2.000,0.000,0.000:
0000
0000
0000
0000
,
1000
0100
0010
0001
1000
0100
0010
0001
1000
0010
0100
0001
1000
0010
0100
0001
,
0100
0010
1000
0001
0100
0010
1000
0001
0100
0001
1000
0100
0010
0001
1000
0100
,
0010
0100
1000
0001
0010
0001
1000
0100
0010
0100
1000
0001
0010
0100
1000
0010
,
0100
0001
0010
0100
1000
0010
0100
0010
1000
0100
0010
0001
1100
0010
1001
0100
,
1010
0001
0010
0100
1001
0100
0010
0001
1100
0010
1000
0010
1100
0001
1100
0010
,
1001
0100
0010
0001
1010
0100
1000
0010
1100
0001
0100
0010
1001
0100
1001
0010
,
1100
0001
0010
0001
1100
0010
1000
0010
1100
0001
0010
0001
1100
0010
1000
0100
,
0011
0100
1000
0100
1010
0001
0100
0010
1100
0001
0100
0001
1010
0100
1001
0100
,
1010
0001
0011
0010
0110
0100
1100
1001
,
1010
0000
0010
0000
0110
0000
0010
0000
1010
0000
0000
1000
0011
0000
1100
0010
,
0101
0001
0011
0010
0110
0100
0110
1010
,
0011
0000
0001
0000
1001
0000
1000
0000
1010
0000
0000
0010
1100
0000
0011
0100
,
1001
1000
1100
0100
0110
0010
0011
1001
,
0101
0000
0100
0000
0110
0000
0100
0000
0101
0000
0000
0001
1100
0000
0011
0100
,
1010
1000
1100
0100
0110
0010
0110
0101
,
1100
0000
1000
0000
1001
0000
0001
0000
0101
0000
0000
0100
0011
0000
0101
0010
,
0101
1000
0100
0010
1001
0010
0100
1000
0011
0100
0001
0100
0011
1000
0011
0100
,
1001
0010
0100
1000
0101
0010
0001
0100
0011
1000
0010
0100
1001
0010
1001
0100
,
0011
1000
0100
1000
0011
0100
0001
0100
0011
1000
0100
1000
0011
0100
0001
0010
,
0100
0010
0001
0010
0100
1000
0010
0100
0011
1000
0011
1000
0101
0010
1001
0010
,
1100
1000
0110
0001
0110
1000
0110
0110
,
1100
0000
0001
0000
1010
0000
0100
0000
1010
0000
0000
0001
1010
0000
0011
0100
,
1010
0100
1001
0010
1001
0100
0011
1010
,
0110
0000
1000
0000
0011
0000
0100
0000
1010
0000
0000
0100
0011
0000
1001
0100
,
1010
0001
0110
1000
0110
0001
0110
0110
,
0011
0000
1000
0000
0101
0000
0010
0000
0101
0000
0000
1000
0011
0000
0101
0010
,
1100
0010
1001
0100
1001
0010
1100
0101
,
0110
0000
0001
0000
1100
0000
0010
0000
0001
0010
0100
0010
0001
0100
0010
1000
,
0101
0010
1001
0100
1001
0010
1001
1001
,
1010
0000
0100
0000
0011
0000
1000
0000
0011
0000
0000
0100
1010
0000
0011
1000
,
0101
1000
0110
0001
0110
1000
0101
0011
,
1001
0000
0010
0000
0101
0000
1000
0000
0011
0000
0000
1000
0101
0000
0110
0001
,
1010
0100
1001
0010
1001
0100
1001
1001
,
0101
0000
0010
0000
1100
0000
0001
0000
1100
0000
0000
0010
0101
0000
1010
0001
,
0110
0001
0110
1000
0110
0001
1010
1100
,
1001
0000
0100
0000
1010
0000
0001
0000
1010
0001
0100
0010
1001
0100
0010
0001
,
1100
0001
0100
0011
0100
0010
1001
0010
1100
0010
0100
0011
0100
0001
0110
0001
,
1010
0001
1000
0101
1000
0100
0011
0100
1001
0100
1000
0011
1000
0001
1100
0001
,
1010
0100
0010
1001
0010
0001
1010
0001
0110
0001
0100
0011
0100
0010
1001
0100
,
1010
0100
0010
0101
0010
0001
1100
0010
1001
0010
1000
0101
1000
0100
1010
0001
,
1100
0001
0100
0010
1001
0010
0100
0010
1001
0100
0010
0100
1010
0001
0110
0001
,
1010
0001
1000
0100
1010
0001
0010
0100
1001
0100
1000
0001
1010
0001
0110
0001
,
1010
0100
1000
0100
1010
0001
1000
0001
1100
0010
1000
0010
1100
0001
0010
0100
,
1001
0010
0101
0010
1100
0001
0100
0001
1010
0100
0010
0100
1010
0001
0100
0010
,
1001
0010
0100
0001
1100
0010
0100
0001
1010
0100
0010
0100
1001
0010
1100
0001
,
1010
0100
1000
0001
1010
0100
1000
0001
1010
0001
0100
0010
1100
0001
1010
0100
,
1010
0001
0100
0010
1100
0001
0100
0001
1010
0100
1000
0010
1100
0001
1100
0010
,
1001
0100
0010
0100
1001
0100
1000
0010
1100
0001
0100
0001
1010
0100
1001
0100
,
1001
0100
0010
0001
1010
0100
0010
0001
0110
0001
0100
0010
1001
0010
1100
0001
,
1010
0100
1000
0100
0011
0100
1000
0010
0101
0010
1000
0100
1010
0001
1010
0100
,
1001
0010
0100
0001
1010
0100
1000
0010
0101
0010
1000
0100
1010
0001
1100
0010
,
0101
0010
1000
0100
1010
0001
0100
0010
1100
0001
0010
0001
1100
0010
1001
0100
,
1010
0000
0000
0101
0110
0000
0000
0110
,
0011
0000
0000
0101
1001
0000
0000
0000
,
1010
1010
0110
0110
0101
0101
0011
0011
,
0110
0000
1100
0000
,
1010
0001
0110
1000
0110
0001
0110
0110
,
0011
0000
1000
0000
0101
0000
0010
0000
0101
0000
0000
1000
0011
0000
1100
0010
,
0101
0010
1001
0100
1001
0010
1100
0101
,
0110
0000
0001
0000
1100
0000
0010
0000
0101
0000
0000
0010
1001
0000
0101
0010
,
1001
1000
0110
0001
0110
1000
0110
0110
,
1100
0000
0001
0000
1010
0000
0100
0000
1010
0000
0000
0001
1010
0000
1010
0100
,
0011
0100
1001
0010
1001
0100
0011
1010
,
0110
0000
1000
0000
0011
0000
0100
0000
1001
0000
0000
0001
0110
0000
0110
1000
,
0101
0010
0100
1000
0001
0010
0100
1000
0001
0100
0010
1000
0001
0100
0010
1000
,
0010
0100
0001
1000
0010
0100
0001
1000
0010
1000
0001
0010
0100
1000
0001
0010
,
0100
0010
0001
1000
0100
1000
0001
0010
0100
0010
0001
1000
0100
0010
0001
0100
,
0010
1000
0100
0010
0001
0100
0010
0100
0001
0010
0100
1000
0010
0100
0001
0010
,
0100
1000
0100
0010
0001
0010
0100
1000
0010
0100
0001
0100
0010
1000
0010
0100
,
0001
0010
0100
1000
0100
0010
0001
0100
0010
1000
0010
0100
0001
0010
0001
0100
,
0010
1000
0100
1000
0010
0100
0001
0100
0010
1000
0100
1000
0010
0100
0001
0010
,
0100
0010
0001
0010
0100
1000
0010
0100
0001
1000
0010
1000
0100
0010
0001
0010
,
0101
1000
0100
1000
0101
0010
0100
0010
0101
1000
0001
0100
0011
1000
0001
0100
,
1001
0010
0001
0010
1100
0010
0100
0010
0101
1000
0001
0100
1010
0100
0001
0010
,
0101
0010
0100
0010
0101
1000
0100
1000
0011
0100
0010
1000
0101
0010
0001
1000
,
0011
0100
0010
0100
1001
0100
0001
0100
1001
0010
0100
1000
0101
0010
0100
1000
,
0110
1000
0010
1000
0101
1000
0100
1000
0101
0010
0100
1000
0011
0100
0010
1000
,
0101
0010
0100
0010
1001
0010
0001
0010
0101
1000
0010
1000
0101
0010
0100
0010
,
0101
1000
0100
1000
0011
0100
0010
0100
0011
1000
0100
0010
0101
1000
0001
0100
,
0011
1000
0010
1000
0101
0010
0100
0010
0101
1000
0001
1000
0011
0100
0001
0010
,
1100
0000
1001
0000
1001
0000
0101
0101
,
1100
0000
0000
0000
1100
0000
0000
0000
0011
0000
0000
0100
1010
0000
0011
0100
,
1010
0000
1001
0000
0101
0000
0011
0011
,
0110
0000
0000
0000
0101
0000
0000
0000
1010
0000
0000
0010
0101
0000
1010
0100
,
0011
0000
0101
0000
1010
0000
0110
1010
,
0101
0000
0000
0000
0011
0000
0000
0000
1100
0000
0000
0010
0101
0000
1100
0010
,
0101
0000
0011
0000
0110
0000
0101
1010
,
0110
0000
0000
0000
1010
0000
0000
0000
0110
1000
0001
0100
0011
1000
0100
0010
,
2002
3003
0000
0000
;
