#TITLE:Explosive;
#SUBTITLE:;
#ARTIST:bond;
#TITLETRANSLIT:;
#SUBTITLETRANSLIT:;
#ARTISTTRANSLIT:;
#CREDIT:;
#BANNER:explosive.png;
#BACKGROUND:explosive-bg.png;
#LYRICSPATH:;
#CDTITLE:!foobyTitle.png;
#MUSIC:explosive.mp3;
#OFFSET:-0.060;
#SAMPLESTART:38.100;
#SAMPLELENGTH:12.000;
#SELECTABLE:YES;
#BPMS:0.000=115.000;
#STOPS:;
#BGCHANGES:;
// cache tags:
#FIRSTBEAT:16.000;
#LASTBEAT:197.000;
#SONGFILENAME:Songs/All Songs/FoOby - Explosive/explosive.sm;
#HASMUSIC:1;
#HASBANNER:1;
#MUSICLENGTH:105.201;
// end cache tags

//---------------dance-single - ----------------
#NOTES:
     dance-single:
     :
     Hard:
     10:
     0.751,0.749,0.238,0.162,0.974,511.000,25.000,17.000,0.000,0.000:  // measure 1
0000
0000
0000
0000
,  // measure 2
0000
0000
0000
0000
,  // measure 3
0000
0000
0000
0000
,  // measure 4
0000
0000
0000
0000
,  // measure 5
0010
1000
0001
1000
0020
0000
0000
0000
0000
0000
0230
0000
0000
0000
0000
0000
,  // measure 6
0310
0000
2000
0000
0000
3002
0000
0000
,  // measure 7
1003
0200
0000
0000
,  // measure 8
0300
0000
0000
0000
0010
1000
0000
0001
1000
0000
0100
0001
0000
1000
0001
0000
,  // measure 9
0101
0000
1100
0000
0010
0100
0001
0100
0000
0000
0010
0100
0001
0100
0000
0000
,  // measure 10
0101
0000
0000
0000
0001
1000
0010
1000
0000
0000
0001
1000
0010
1000
0000
0000
,  // measure 11
1010
0000
0001
0000
0010
0100
0001
0100
0000
0000
0010
0100
0001
0100
0000
0000
,  // measure 12
0101
0000
0000
0000
0001
1000
0010
1000
0000
0000
0001
1000
0010
1000
0000
0000
,  // measure 13
0010
0001
1000
0001
2000
0000
0000
0000
3010
0000
0100
0000
0002
0000
1000
0000
,  // measure 14
2003
0000
3100
0010
0100
1000
0001
0011
,  // measure 15
1100
0000
0000
0000
0010
0100
0001
0100
0000
0000
0010
0100
0001
0100
0000
0000
,  // measure 16
0101
0000
1000
0000
0001
1000
0010
1000
0000
0000
0001
1000
0010
1000
0000
0000
,  // measure 17
0010
0001
1000
0001
2000
0000
0000
0000
3010
0000
0100
0000
0002
0000
1000
0000
,  // measure 18
2003
0000
3100
0010
0100
1000
0001
0011
,  // measure 19
1100
0000
0000
0000
0010
1000
0001
0100
0001
0000
0010
1000
0001
0100
0001
0100
,  // measure 20
0001
1000
0001
1000
0010
1000
0010
1000
0010
0100
0010
0100
0001
0100
0001
0100
,  // measure 21
0001
1000
0001
1000
0010
0100
0001
1000
0001
0100
0010
0100
0010
0100
0001
1000
,  // measure 22
0010
0100
0010
0100
0010
1000
0001
0100
0010
0000
0100
0010
0100
0001
1000
0010
,  // measure 23
0100
0000
0010
0100
0001
1000
0010
1000
0001
0000
0010
1000
0010
1000
0100
1000
,  // measure 24
0001
0100
0001
0100
0001
1000
0010
1000
0001
0000
0010
1000
0010
1000
0100
1000
,  // measure 25
0001
0100
0001
0100
0001
1000
0010
1000
0001
0000
0010
1000
0010
1000
0100
1000
,  // measure 26
0001
0100
0001
0100
0001
0010
0000
0011
0000
0000
1100
0000
0001
0010
0000
1000
,  // measure 27
0100
0000
0000
0000
1010
0000
0001
0100
0001
0000
0001
1000
0001
0000
1000
0010
,  // measure 28
1000
0001
1000
0001
0010
0001
1000
0001
0100
0010
0100
0010
1000
0001
0100
0001
,  // measure 29
1000
0010
0100
0010
1000
0010
1000
0010
0100
0010
0100
0010
0100
0001
0100
0001
,  // measure 30
1000
0001
1000
0001
1000
0001
0100
0010
1000
0000
0010
1000
0001
0100
0010
1000
,  // measure 31
0010
0100
0001
0010
0001
0000
1000
0010
1000
0000
1000
0001
1000
0000
0001
0100
,  // measure 32
0001
1000
0001
1000
0100
1000
0001
1000
0010
0100
0010
0100
0001
1000
0100
1000
,  // measure 33
0001
0100
0010
0100
0001
0100
0001
0100
0010
0100
0010
0100
0010
1000
0010
1000
,  // measure 34
0001
1000
0001
1000
0001
1000
0010
0100
0001
0000
0100
0001
1000
0010
0100
0001
,  // measure 35
0100
0010
1000
0100
1000
0001
0010
0001
1000
0000
0010
0001
0010
0001
0100
0001
,  // measure 36
1000
0100
1000
0100
1000
0001
0010
0001
1000
0000
0010
0001
0010
0001
0100
0001
,  // measure 37
1000
0100
1000
0100
1000
0001
0010
0001
1000
0000
0010
0001
0010
0001
0100
0001
,  // measure 38
1000
0100
1000
0100
1000
0010
0000
1010
0000
0000
0101
0000
1000
0010
0000
0001
,  // measure 39
0100
0000
0000
0000
0010
0100
0001
0100
1000
0000
0010
0100
0001
0100
1000
0000
,  // measure 40
0101
0000
1100
0000
0010
0100
0001
1000
0001
0000
0010
0100
0001
1000
0001
0000
,  // measure 41
0100
0010
0100
0010
2000
0000
3000
0010
0100
0000
0001
0000
1000
0000
0100
0000
,  // measure 42
1000
0000
0010
0000
0200
0000
0300
0010
1000
0000
0001
0000
0100
0000
1000
0000
,  // measure 43
0200
0000
0000
0000
0310
0100
0001
0100
0000
0000
0010
0100
0001
0100
0000
0000
,  // measure 44
0101
0000
1000
0000
0001
1000
0010
1000
0000
0000
0001
1000
0010
1000
0000
0000
,  // measure 45
0100
0010
0100
0010
2000
0000
3000
0010
0100
0000
0001
0000
1000
0000
0100
0000
,  // measure 46
1000
0000
0010
0000
0200
0000
0300
0010
1000
0000
0001
0000
0100
0000
1000
0000
,  // measure 47
0200
0000
0000
0000
0310
1000
0001
0010
0001
0000
0010
1000
0001
0010
0001
0000
,  // measure 48
0011
0000
1100
0000
0100
0001
1000
0010
1000
0000
0100
0001
1000
0010
1000
0000
,  // measure 49
0101
0000
1010
0000
0001
0100
0010
1000
0001
0000
0001
0100
0010
1000
0001
0000
,  // measure 50
1010
1001
0101
0000
0000
0000
0000
0000
;
