#TITLE:My Oh My;
#SUBTITLE:;
#ARTIST:Aqua;
#TITLETRANSLIT:;
#SUBTITLETRANSLIT:;
#ARTISTTRANSLIT:;
#CREDIT:;
#BANNER:myohmy-bn.png;
#BACKGROUND:myohmy-bg.png;
#LYRICSPATH:;
#CDTITLE:!csta.png;
#MUSIC:Aqua - My Oh My.mp3;
#OFFSET:-4.080;
#SAMPLESTART:76.230;
#SAMPLELENGTH:12.000;
#SELECTABLE:YES;
#BPMS:0.000=133.000;
#STOPS:;
#BGCHANGES:;
// cache tags:
#FIRSTBEAT:0.000;
#LASTBEAT:296.000;
#SONGFILENAME:Songs/All Songs/CStarFlare - My Oh My/myohmy.sm;
#HASMUSIC:1;
#HASBANNER:1;
#MUSICLENGTH:143.221;
// end cache tags

//---------------dance-single - ----------------
#NOTES:
     dance-single:
     :
     Hard:
     10:
     1.000,1.000,1.000,0.119,0.785,789.000,276.000,17.000,0.000,2.000:  // measure 1
1000
0000
0100
0010
0001
0000
0010
0000
0100
0000
1000
0000
0010
0000
1000
0000
,  // measure 2
0010
0000
0000
0000
0000
0000
0001
0000
0000
0010
0000
0000
0100
0000
0000
0000
0000
0000
1000
0000
0000
0000
0000
0000
0100
0000
1000
0000
0100
0000
1000
0000
0100
0000
1000
0000
0100
0000
0000
0000
0000
0000
0000
0000
0000
0000
0000
0000
,  // measure 3
0001
0000
0010
0100
1000
0000
0010
0000
0100
0000
1000
0000
0010
0000
0100
0000
,  // measure 4
0001
0000
0000
0010
0000
0000
0100
0000
0000
1000
0000
0000
0010
0100
0010
0100
0010
0100
0010
0000
0000
0000
0000
0000
,  // measure 5
1010
0000
0100
0010
0101
0000
0010
0000
0110
0000
0100
0000
1100
0000
0110
0000
,  // measure 6
0011
0000
0000
0000
0000
0000
1010
0000
0000
0100
0000
0000
1001
0000
0000
0000
0000
0000
1100
0000
0000
0000
0000
0000
0011
0000
1000
0000
0010
0000
1000
0000
0010
0000
1000
0000
0010
0000
0000
0000
0000
0000
0010
0000
0000
0000
0000
0000
,  // measure 7
1100
0000
0011
0100
1010
0000
1000
0000
0101
0000
0011
0000
1010
0000
1100
0000
,  // measure 8
0110
0000
0000
0001
0000
0000
1010
0000
0000
0001
0000
0000
0110
0001
0100
0001
0100
0001
0100
0000
0000
0000
0000
0000
,  // measure 9
1000
0100
0010
0001
1000
0001
0010
0100
1000
0001
1000
0100
0010
0001
1000
0001
,  // measure 10
0010
0000
0000
0100
0000
0000
1000
0000
0000
0001
0000
0000
1000
0000
0000
0100
0000
0000
0010
0000
0000
0001
0000
0000
1000
0000
0001
0000
1000
0000
0001
0000
1000
0000
0001
0000
1000
0000
0000
0000
0000
0000
0000
0000
0000
0000
0000
0000
,  // measure 11
1000
0100
0010
0001
0100
0010
0001
1000
0100
0010
1000
0100
0010
0001
0100
0010
,  // measure 12
0001
1000
0100
0010
0001
1000
0100
0010
2002
0000
0000
0000
0000
0000
0000
0000
,  // measure 13
3003
0000
0000
0000
0000
0000
1000
0000
0000
0100
0000
0000
0010
0000
0000
0000
0000
0000
0100
0000
0010
0000
0100
0000
0010
0000
0100
0000
0010
0000
0101
0000
0000
0000
0000
0000
0010
0000
0000
0000
0000
0000
0100
0000
0000
0000
0000
0000
,  // measure 14
1001
0100
0010
0100
1001
0010
0100
0010
1001
0100
0010
0100
1001
0000
0000
0000
,  // measure 15
0101
0000
0010
0100
1010
0000
1000
0000
0110
0000
1000
0000
0101
0000
1010
0000
,  // measure 16
0101
0000
0000
0000
0000
0000
1010
0000
0000
0100
0000
0000
1001
0000
0000
0000
0000
0000
0100
0000
0000
0000
0000
0000
0011
0000
0100
0000
0010
0000
0100
0000
0010
0000
0100
0000
0010
0000
0000
0000
0000
0000
0100
0000
0000
0000
0000
0000
,  // measure 17
1100
0000
0100
1000
0011
0000
0010
0000
0101
0000
1100
0000
0110
0000
1001
0000
,  // measure 18
0011
0000
0000
0100
0000
0000
1010
0000
0000
1000
0000
0000
0101
1000
0100
1000
0100
1000
0100
0000
0000
0000
0000
0000
,  // measure 19
1010
0000
0100
0010
0101
0000
0001
0000
0110
0000
0001
0000
1010
0000
0101
0000
,  // measure 20
1010
0000
0000
0000
0000
0000
0101
0000
0000
0010
0000
0000
1001
0000
0000
0000
0000
0000
0010
0000
0000
0000
0000
0000
1100
0000
0010
0000
0100
0000
0010
0000
0100
0000
0010
0000
0100
0000
0000
0000
0000
0000
0010
0000
0000
0000
0000
0000
,  // measure 21
0011
0000
0010
0001
1100
0000
0100
0000
1010
0000
0011
0000
0110
0000
1001
0000
,  // measure 22
1100
0010
0101
0001
1010
0001
0100
0001
,  // measure 23
0010
0000
0100
0100
0010
0000
0100
0000
0001
0000
0100
0000
0010
0000
0001
0000
,  // measure 24
1100
0000
1010
0100
0011
0000
0100
0010
1001
0000
1000
0100
0011
0000
1100
0010
,  // measure 25
0101
0000
1010
0100
0011
0000
1100
0010
0001
0000
1000
0100
0001
0000
1001
0010
,  // measure 26
0101
0000
0101
0010
1100
0000
1100
0001
0010
0000
0110
1000
0011
0000
0100
0001
,  // measure 27
1010
0000
0101
0010
1100
0000
0011
0100
1010
0000
0101
0010
1100
0000
0011
0100
,  // measure 28
1010
0000
1001
0010
0101
0000
0011
0100
1000
0000
0101
0010
1100
0000
0010
0100
,  // measure 29
1001
0000
1000
0100
1010
0000
0100
0010
1001
0000
1000
0100
0010
0000
0100
0010
,  // measure 30
1001
0000
1010
0100
0011
0000
1100
0001
1000
0000
0101
0010
1100
0000
0011
1000
,  // measure 31
0101
0000
0010
0001
0110
0000
0100
1000
0101
0000
1001
0010
0101
0000
1001
0100
,  // measure 32
0010
0000
0110
0000
0011
0000
1010
0000
0010
0000
0110
0000
0011
0100
1010
0100
,  // measure 33
0001
0000
1001
0000
0011
0000
0101
0000
0011
0000
0101
0000
1001
0010
0101
1000
,  // measure 34
0100
0000
0110
0000
1100
0000
0101
0000
0100
0000
0110
0000
1100
0010
0101
0010
,  // measure 35
1000
0000
1100
0000
1100
0000
1010
0000
1010
0000
1000
0000
1001
0100
0010
0001
,  // measure 36
0010
0000
0110
0000
1010
0000
0011
0000
0010
0000
0110
0000
0011
0100
1010
0100
,  // measure 37
0001
0000
0011
0000
0101
0000
0011
0000
0101
0000
1001
0000
0101
0010
0101
1000
,  // measure 38
0100
0000
0110
0000
1100
0000
0110
0000
0100
0000
1100
0000
0110
1000
0101
0010
,  // measure 39
0001
0000
0101
0000
0011
0000
0101
0000
1001
0000
0001
0000
0101
0010
0100
1000
,  // measure 40
0110
0001
1000
0001
0110
1000
0001
1000
0110
0001
1000
0001
0110
0000
0000
0000
,  // measure 41
1100
0000
1000
0100
0011
0000
0001
0000
1010
0000
0100
0000
1000
0000
0100
0000
,  // measure 42
0110
0000
0000
0000
0000
0000
1000
0000
0000
0100
0000
0000
1010
0000
0000
0000
0000
0000
0102
0000
0000
0000
0000
0000
1003
0000
0100
0000
1000
0000
0100
0000
1000
0000
0100
0000
1000
0000
0000
0000
0000
0000
0000
0000
0000
0000
0000
0000
,  // measure 43
1010
0000
0001
0010
1100
0000
0100
0000
1010
0000
0001
0000
0010
0000
0010
0000
,  // measure 44
1100
0000
0000
0100
0000
0000
0011
0000
0000
2010
0000
0000
3001
0100
0001
0100
0001
0100
0001
0000
0000
0000
0000
0000
,  // measure 45
1001
0100
0010
0001
1100
0001
0010
0100
1010
0001
1000
0100
0010
0001
1000
0001
,  // measure 46
0010
0000
0000
0200
0000
0000
0000
0000
0000
0300
0000
0000
0001
0000
0000
0000
0000
0000
2000
0000
0000
0000
0000
0000
3010
0000
0001
0000
0010
0000
0001
0000
0010
0000
0001
0000
0010
0000
0000
0000
0000
0000
0000
0000
0000
0000
0000
0000
,  // measure 47
1001
0000
0100
0010
1001
0000
0010
0000
0101
0000
0010
0000
1000
0000
0100
0000
,  // measure 48
0010
0001
0010
0100
1000
0000
0000
0000
,  // measure 49
0101
0000
0010
0100
1010
0000
1000
0000
0110
0000
1000
0000
0101
0000
1010
0000
,  // measure 50
0101
0000
0000
0000
0000
0000
1010
0000
0000
0100
0000
0000
1001
0000
0000
0000
0000
0000
0100
0000
0000
0000
0000
0000
0011
0000
0100
0000
0010
0000
0100
0000
0010
0000
0100
0000
0010
0000
0000
0000
0000
0000
0100
0000
0000
0000
0000
0000
,  // measure 51
1100
0000
0100
1000
0011
0000
0010
0000
0101
0000
1100
0000
0110
0000
1001
0000
,  // measure 52
0011
0000
0000
0100
0000
0000
1010
0000
0000
1000
0000
0000
0101
1000
0100
1000
0100
1000
0100
0000
0000
0000
0000
0000
,  // measure 53
1010
0000
0100
0010
0101
0000
0001
0000
0110
0000
0001
0000
1010
0000
0101
0000
,  // measure 54
1010
0000
0000
0000
0000
0000
0101
0000
0000
0010
0000
0000
1001
0000
0000
0000
0000
0000
0010
0000
0000
0000
0000
0000
1100
0000
0010
0000
0100
0000
0010
0000
0100
0000
0010
0000
0100
0000
0000
0000
0000
0000
0010
0000
0000
0000
0000
0000
,  // measure 55
0011
0000
0010
0001
1100
0000
0100
0000
1010
0000
0011
0000
0110
0000
1001
0000
,  // measure 56
1100
0101
2002
3003
,  // measure 57
0021
0000
1000
0001
0100
0000
0130
0000
1001
0000
0100
0000
0011
0000
1100
0000
,  // measure 58
0011
0000
0000
0000
0000
0000
1100
0000
0000
0001
0000
0000
0110
0000
0000
0000
0000
0000
0001
0000
0000
0000
0000
0000
1010
0000
0001
0000
1000
0000
0001
0000
1000
0000
0001
0000
1000
0000
0000
0000
0000
0000
0001
0000
0000
0000
0000
0000
,  // measure 59
0102
0000
1000
0100
0010
0000
1003
0000
0210
0000
0001
0000
1000
0000
0310
0000
,  // measure 60
1010
0000
0000
0001
0000
0000
1100
0000
0000
0100
0000
0000
0011
0100
0001
0100
0001
0100
0001
0000
0000
0000
0000
0000
,  // measure 61
1200
0000
0001
1000
0010
0000
0310
0000
1002
0000
0010
0000
0100
0000
0010
0000
,  // measure 62
1100
0000
0000
0000
0000
0000
0010
0000
0000
1000
0000
0000
0110
0000
0000
0000
0000
0000
1003
0000
0000
0000
0000
0000
2001
0000
0100
0000
0001
0000
0100
0000
0001
0000
0100
0000
0001
0000
0000
0000
0000
0000
3000
0000
0000
0000
0000
0000
,  // measure 63
2010
0000
0100
0010
0001
0000
3001
0000
1200
0000
0010
0000
1000
0000
0310
0000
,  // measure 64
0102
0000
1000
0000
0010
0100
0010
1003
,  // measure 65
0100
0010
0001
0010
0100
0010
1001
0010
0100
0010
0101
0010
1100
0010
0101
0010
,  // measure 66
1001
0000
1000
0000
1000
0000
1000
0000
1000
0000
1100
0000
1010
0100
1010
0001
,  // measure 67
0100
0000
0110
0000
0100
0000
1100
0000
0100
0000
0110
0000
1100
0010
0101
1000
,  // measure 68
0110
0000
0010
0000
0010
0000
0010
0000
0010
0000
0011
0000
1010
0100
1001
0010
,  // measure 69
0001
0000
0101
0000
0001
0000
0011
0000
0001
0000
0011
0000
0101
1000
0011
0100
,  // measure 70
1001
0000
1000
0000
1000
0000
1000
0000
1000
0000
1010
0000
1100
0010
0101
0010
,  // measure 71
0100
0000
1100
0000
0100
0000
0110
0000
0100
0000
0110
0000
0101
0010
1001
0100
,  // measure 72
1010
0000
0010
0000
0010
0000
0010
0000
0010
0000
0110
0000
1010
0001
1100
0010
,  // measure 73
0001
0000
0101
0000
0001
0000
1001
0000
0001
0000
0101
0000
1000
0100
0010
0001
,  // measure 74
1000
0100
0010
0001
0010
0100
1000
0100
0010
0001
0010
0100
1001
0000
0000
0000
,  // measure 75
0110
0000
0000
0000
;
