#TITLE:RELEASE YOUR MIND;
#SUBTITLE:;
#ARTIST:TaQ;
#TITLETRANSLIT:;
#SUBTITLETRANSLIT:;
#ARTISTTRANSLIT:;
#CREDIT:;
#BANNER:releaseyourmind-banner.png;
#BACKGROUND:releaseyourmind-bg.png;
#LYRICSPATH:;
#CDTITLE:!cynicTitle.png;
#MUSIC:RELEASE YOUR MIND - TaQ.mp3;
#OFFSET:-2.623;
#SAMPLESTART:43.144;
#SAMPLELENGTH:12.000;
#SELECTABLE:YES;
#BPMS:0.000=142.000;
#STOPS:;
#BGCHANGES:;
// cache tags:
#FIRSTBEAT:0.000;
#LASTBEAT:179.750;
#SONGFILENAME:Songs/All Songs/releaseyourmind/releaseyourmind.sm;
#HASMUSIC:1;
#HASBANNER:1;
#MUSICLENGTH:80.829;
// end cache tags

//---------------dance-single - ----------------
#NOTES:
     dance-single:
     :
     Hard:
     11:
     1.000,1.000,0.433,0.223,1.000,596.000,35.000,18.000,0.000,0.000:  // measure 1
0001
1000
0001
0100
0001
1000
0001
0010
,  // measure 2
0001
1000
0100
1000
0001
1000
0010
1000
,  // measure 3
0100
1000
0100
0010
0100
0001
0100
0010
,  // measure 4
1000
0010
0100
0010
0001
1000
0001
1000
,  // measure 5
0100
1000
0000
1000
0100
0000
0010
0000
0001
0010
0000
0010
0001
0000
1000
0000
,  // measure 6
0010
1000
0000
1000
0010
0000
0100
0000
0001
0100
0000
0100
0001
0000
1000
0000
,  // measure 7
0010
1000
0010
1000
0001
0000
0100
0000
0001
1000
0001
1000
0001
0000
0010
0000
,  // measure 8
0100
1000
0100
1000
0001
0000
0100
0000
0010
0000
1001
0000
2002
0000
0000
3003
,  // measure 9
0001
0010
0100
1000
0100
0010
0001
0001
0100
0010
1000
0001
0010
0100
1000
0001
,  // measure 10
0001
0010
0100
0100
1000
0001
0001
0100
0010
0010
1000
0100
0100
0010
0001
0010
,  // measure 11
0100
1000
0010
1000
0100
0010
0001
0001
0100
0010
1000
0001
0100
0010
1000
0001
,  // measure 12
0001
0010
0100
0100
1000
0001
0001
1000
0010
0010
0100
0001
0001
1000
0100
0010
,  // measure 13
0001
0100
0001
0010
1000
0010
0001
0001
0100
1000
0100
0001
0010
0100
1000
0001
,  // measure 14
0001
0100
0010
0010
1000
0001
0001
0010
0100
0100
0010
0100
0100
0010
0001
1000
,  // measure 15
0100
1000
0010
0100
0001
0100
0001
0001
0010
0100
0010
0100
1000
0010
1000
0100
,  // measure 16
0100
1000
0010
0010
1000
0100
0100
0010
0001
0001
0010
0100
0100
1000
0010
0100
,  // measure 17
0001
1000
1000
0100
0010
0010
0001
0010
0100
1000
1000
0010
0100
0100
0001
0100
,  // measure 18
0010
1000
1000
0001
0010
0010
0001
0100
0001
1000
1000
0100
0010
0010
0001
1000
,  // measure 19
0100
1000
1000
0010
0100
0100
0001
0010
0100
1000
1000
0010
1000
1000
0001
0010
,  // measure 20
0100
1000
1000
0100
0010
0010
0001
0010
0001
0100
0101
0000
1010
0000
1100
0000
,  // measure 21
0100
0010
0010
0001
1000
1000
0010
0100
0001
1000
1000
0100
0010
0010
0001
0010
,  // measure 22
0100
1000
1000
0100
1000
1000
0010
0100
0001
0100
0100
0001
1000
1000
0001
0010
,  // measure 23
0100
1000
1000
0010
0100
0100
0001
1000
0001
0010
0010
0100
1000
1000
0001
1000
,  // measure 24
0010
0100
0100
0001
1000
1000
0001
0010
0100
1000
1000
0100
1000
0010
0100
0001
,  // measure 25
0001
1000
0200
0000
0001
0000
0310
0000
1000
0001
0200
0000
1000
0000
0310
0000
,  // measure 26
0010
0100
2000
0000
0100
0000
3001
0000
0010
0100
2000
0000
0010
0000
3001
0000
,  // measure 27
1000
0001
0020
0000
1000
0000
0130
0000
0001
1000
0020
0000
0001
0000
0130
0000
,  // measure 28
0100
0010
0002
0000
0010
0000
1003
0000
0100
0010
0002
0000
0100
0000
1003
0000
,  // measure 29
0100
1000
0100
1000
0002
0000
0013
0000
0001
0010
0001
0010
0200
0000
1300
0000
,  // measure 30
1000
0010
0100
0001
0020
0000
0130
0000
1000
0001
0100
0001
0020
0000
0130
0000
,  // measure 31
1000
0010
0100
0001
0010
0100
0010
0001
0010
0100
1000
0010
0200
0000
0301
0000
,  // measure 32
0010
0100
1000
0001
1000
0010
0100
0001
0010
0100
1000
0001
0020
0000
0031
0000
,  // measure 33
1000
0100
0010
0000
0001
0010
0100
0000
1000
0010
0100
0001
0100
0000
0001
0000
,  // measure 34
0100
0010
1000
0001
0010
0000
0100
0000
1000
0010
0000
1000
0010
0000
1000
0000
,  // measure 35
0001
0100
0001
0000
0010
0100
0010
0000
0001
1000
0010
1000
0001
0000
0100
0000
,  // measure 36
0001
0100
0010
1000
0001
0000
0010
0000
0100
1000
0000
0001
1000
0000
0100
0000
,  // measure 37
1100
0100
0010
0001
0100
0010
1000
0001
0010
0100
1000
0010
1000
0001
0100
0010
,  // measure 38
1000
0001
0010
0100
0010
0100
1000
0010
1000
0010
0100
0001
0010
0001
0010
0100
,  // measure 39
1100
0001
1000
0100
0010
0001
0100
0001
0010
0001
0010
0100
1000
0010
1000
0100
,  // measure 40
1000
0010
0100
0001
0010
0100
0010
0100
1000
0001
0100
1000
0100
0001
0010
0100
,  // measure 41
1100
0010
0100
1000
0101
0100
0011
0010
0001
0010
1010
1000
0110
1000
1001
0100
,  // measure 42
1100
1000
0001
0010
0101
1000
0011
0100
0010
1000
1010
1000
0110
1000
1001
0100
,  // measure 43
1001
0010
0100
1000
0110
0100
1010
0010
0100
1000
0011
1000
0101
0100
1100
0001
,  // measure 44
1001
0010
0100
1000
0110
1000
1010
0100
0010
0100
0011
1000
0101
0010
1100
1000
,  // measure 45
1001
0000
1001
0000
1001
0000
2002
0000
0000
0000
0000
0000
0000
0000
0000
3003
;
