#TITLE:Will O' The Wisp;
#SUBTITLE:;
#ARTIST:Banya;
#TITLETRANSLIT:;
#SUBTITLETRANSLIT:;
#ARTISTTRANSLIT:;
#CREDIT:;
#BANNER:willo.png;
#BACKGROUND:willo-bg.png;
#LYRICSPATH:;
#CDTITLE:!a0Title.png;
#MUSIC:willo.mp3;
#OFFSET:-5.205;
#SAMPLESTART:69.919;
#SAMPLELENGTH:9.131;
#SELECTABLE:YES;
#BPMS:0.000=210.000;
#STOPS:;
#BGCHANGES:;
// cache tags:
#FIRSTBEAT:0.000;
#LASTBEAT:290.750;
#SONGFILENAME:Songs/All Songs/Will O' The Wisp/willo.sm;
#HASMUSIC:1;
#HASBANNER:1;
#MUSICLENGTH:94.066;
// end cache tags

//---------------dance-single - ----------------
#NOTES:
     dance-single:
     :
     Hard:
     11:
     1.000,1.000,1.000,0.032,0.383,466.000,200.000,3.000,0.000,0.000:  // measure 1
0011
0011
0100
0010
1100
0101
0000
0000
,  // measure 2
1100
1100
0010
0001
0110
1100
0000
0000
,  // measure 3
0110
0110
1000
0100
0011
1010
0000
0000
,  // measure 4
0011
0011
1000
0100
1001
1100
0000
0000
,  // measure 5
1001
1001
0100
0010
0101
0110
0000
0000
,  // measure 6
0101
0101
0010
1000
0110
0101
0000
0000
,  // measure 7
0110
0110
0001
0100
1010
0011
0000
0000
,  // measure 8
1010
1010
0001
0100
1001
0011
0000
0000
,  // measure 9
1001
1001
0100
0010
1100
0101
0000
0000
,  // measure 10
1100
1100
0010
0001
1010
1001
0000
0000
,  // measure 11
1010
1010
0100
0010
1001
1100
0000
0000
,  // measure 12
1001
1001
0010
1000
0101
0110
0000
0000
,  // measure 13
0101
0101
0010
1000
0110
1010
0000
0000
,  // measure 14
0110
0110
0001
1000
0101
0110
0000
0000
,  // measure 15
0101
0101
0010
0100
1010
1001
0000
0000
,  // measure 16
1010
1010
0100
0010
1001
1010
0000
0000
,  // measure 17
0001
0110
0110
0000
0010
1100
1100
0000
,  // measure 18
1000
0110
0110
0000
0100
0011
0011
0000
,  // measure 19
0110
1100
0110
1100
0110
1100
0110
1100
,  // measure 20
1001
1001
1001
1001
1001
1001
1001
2002
,  // measure 21
0000
0000
0000
0000
0000
3003
0000
0000
,  // measure 22
0020
0000
0000
0030
,  // measure 23
0100
1010
0100
1010
0000
0101
0000
0000
,  // measure 24
0100
0011
0100
0011
0000
1100
0000
0000
,  // measure 25
0010
1100
0010
1100
0000
0011
0000
0000
,  // measure 26
0010
0101
0010
0101
0000
1010
0000
0000
,  // measure 27
0001
0001
0001
0001
0101
0000
1001
0000
,  // measure 28
1000
1000
1000
1000
1100
0010
1100
0000
,  // measure 29
0001
0001
0001
0001
0101
0000
1001
0000
,  // measure 30
1000
1000
1000
1000
1100
0010
1100
0000
,  // measure 31
1000
0000
1000
0000
1000
0000
1100
0000
0000
0000
0000
1100
0000
0000
0000
0000
,  // measure 32
0010
0000
0010
0000
0010
0000
0110
0000
0000
0000
0000
0110
0000
0000
0000
0000
,  // measure 33
0001
0000
0001
0000
0001
0000
0101
0000
0000
0000
0000
0101
0000
0000
0000
0000
,  // measure 34
1000
1000
1000
1000
1100
0010
1100
0000
,  // measure 35
0001
0001
0001
0001
0101
0000
1001
0000
,  // measure 36
1000
1000
1000
1000
1100
0010
1100
0000
,  // measure 37
1000
0001
1000
0001
1000
0001
1000
0001
,  // measure 38
1000
0000
0001
0000
1000
0000
0001
0000
1000
0001
1000
0001
1000
0001
1000
0001
,  // measure 39
1000
0001
1000
0001
1000
0001
1000
0001
1000
0001
1000
0001
1000
0001
1000
0001
,  // measure 40
1000
0001
1000
0001
1000
0001
1000
0001
1000
0001
1000
0001
1000
0001
1000
0001
,  // measure 41
0000
0000
0000
0000
,  // measure 42
0000
0000
0000
0000
,  // measure 43
0000
0000
0000
0000
,  // measure 44
0000
0000
0000
0000
,  // measure 45
0000
0000
0000
0000
,  // measure 46
0000
0000
0000
0000
,  // measure 47
0000
0000
0000
0000
,  // measure 48
0000
0000
0000
0000
,  // measure 49
0000
0000
0000
0000
0000
0000
0000
0000
0000
0000
0000
0010
1000
0010
1000
0010
,  // measure 50
1000
0010
1000
0001
0100
0001
0100
0001
0100
0001
0100
0001
1000
0001
1000
0001
,  // measure 51
1000
0001
1000
0010
1000
0010
1000
0010
1000
0000
0110
0000
0110
0000
1000
0010
,  // measure 52
0100
0001
0010
0100
1000
0010
0100
0001
0010
0000
1001
0000
1001
0000
0010
0001
,  // measure 53
1000
0010
0100
0001
1000
0100
0010
0001
0100
0000
1010
0000
1010
0000
0100
0001
,  // measure 54
1000
0100
0010
0100
1000
0010
0100
0001
0010
0000
1100
0000
1100
0000
0001
1000
,  // measure 55
0010
0100
0001
0010
0100
1000
0010
0100
0010
0000
0101
0000
0101
0000
0010
1000
,  // measure 56
0001
0100
0010
1000
0100
0010
0001
0100
0010
0000
1001
0000
1001
0000
0100
0010
,  // measure 57
1000
0100
0010
0001
0100
0010
1000
0100
0010
0000
0000
0000
1010
0000
1010
0000
,  // measure 58
0001
1000
0101
0011
0000
0000
0101
0101
,  // measure 59
1000
0010
1001
0101
0000
0000
1001
1001
,  // measure 60
0100
0001
1010
1100
0000
0000
1010
1010
,  // measure 61
0100
0001
0110
0101
0000
0000
0110
0110
,  // measure 62
0001
1000
0011
1001
0000
0000
0011
0011
,  // measure 63
1000
0100
1001
0011
0000
0000
1001
1001
,  // measure 64
0100
0001
1100
1010
0000
0000
1100
1100
,  // measure 65
0010
0001
0110
1010
0000
0000
0110
0110
,  // measure 66
0001
1000
0101
0011
0000
0000
0101
0101
,  // measure 67
1000
0010
1100
0110
0000
0000
1001
1001
,  // measure 68
0010
0100
0011
1010
0000
0000
0011
0011
,  // measure 69
0100
0010
0101
1001
0000
0000
0101
0110
,  // measure 70
0101
0000
1010
0110
1010
0000
0101
0110
,  // measure 71
0101
0000
1010
0110
1010
0000
1001
0000
,  // measure 72
1001
0000
1001
0000
1001
0000
1100
1100
,  // measure 73
0011
0000
0011
0000
1000
0100
1000
0100
0010
0001
0010
0001
0000
0000
0000
0000
;
