#TITLE:SUPER MARIO BROS.;
#SUBTITLE:(CARIBBEAN MIX);
#ARTIST:Nintendo;
#TITLETRANSLIT:;
#SUBTITLETRANSLIT:;
#ARTISTTRANSLIT:;
#CREDIT:;
#BANNER:SMB (Caribbean Mix)-banner.BMP;
#BACKGROUND:SMB (Caribbean Mix).BMP;
#LYRICSPATH:;
#CDTITLE:./CDTITLES/DANCE DANCE REVOLUTION EXTREME.PNG;
#MUSIC:Super Mario Bros. (Caribbean Mix).mp3;
#OFFSET:-4.847;
#SAMPLESTART:40.800;
#SAMPLELENGTH:12.000;
#SELECTABLE:YES;
#BPMS:0.000=100.000;
#STOPS:;
#BGCHANGES:;
// cache tags:
#FIRSTBEAT:0.000;
#LASTBEAT:143.000;
#SONGFILENAME:Songs/All Songs/SMB (Caribbean Mix)/SMB (Caribbean Mix).sm;
#HASMUSIC:1;
#HASBANNER:1;
#MUSICLENGTH:91.253;
// end cache tags

//---------------dance-single - ----------------
#NOTES:
     dance-single:
     :
     Hard:
     9:
     0.515,0.431,0.153,0.066,0.931,309.000,14.000,6.000,0.000,0.000:
0001
0000
0000
0010
0000
0000
0100
0000
0000
0010
0000
1000
0000
0001
1000
0000
,
0001
0000
0000
0000
0100
0000
0000
0000
0001
0000
0000
0000
0100
0000
0000
0000
0000
0000
0010
0000
0000
1000
0000
0000
0000
0000
0000
0100
0000
0000
0000
0000
0000
0010
0000
0000
0001
0000
0000
0000
0000
0000
0100
0000
0000
0000
0000
0000
,
0010
0000
0000
1000
0000
0000
0001
0000
0000
0100
0000
0010
0000
1000
0100
0000
,
0010
0000
0000
0000
0100
0000
0000
0000
0010
0000
0000
0000
0100
0000
0000
0000
0000
0000
1000
0000
0000
0001
0000
0000
0000
0000
0000
0100
0000
0000
0000
0000
0000
0010
0000
0000
1000
0000
0000
0000
0000
0000
0001
0000
0000
0000
0000
0000
,
0000
0000
1000
0100
1000
0100
1000
0100
0000
0010
0001
0010
0000
0100
0010
0100
,
0000
0000
1000
0001
1000
0001
1000
0001
0000
0010
0000
0100
0110
0000
0000
0000
,
0000
0000
0001
0100
0001
0100
0001
0100
0000
0010
1000
0010
0000
0100
0001
0100
,
0000
0000
1010
0000
0000
0101
0000
0000
2002
0000
0000
0000
3003
0000
0000
0000
,
0000
0000
0001
0010
0001
0010
0001
0010
0000
0100
1000
0100
0000
1000
0001
1000
,
0000
0000
0010
1000
0010
1000
0010
1000
0000
0100
0000
0001
1001
0000
0000
0000
,
0000
0000
0010
0100
0010
0100
0010
0100
0000
0001
0010
0001
0000
1000
0100
1000
,
0000
0000
0011
0000
0000
1100
0000
0000
2002
0000
0000
0000
3003
0000
0000
0000
,
0010
0100
0000
0001
0000
1000
0010
0000
0100
0001
0000
0100
0001
0000
0000
0000
,
1000
0010
0000
0100
0000
0010
1000
0100
0000
0000
0000
0000
0000
0000
0000
0000
,
0001
0010
0000
0100
0000
1000
0010
0000
1000
0100
0000
1000
0100
0000
0000
0000
,
0010
0100
0000
0001
0000
1000
0010
0000
0110
0000
0000
0000
1001
0000
0000
0000
,
0100
0000
0000
0010
0000
0000
0001
0000
0000
0100
0000
0010
0000
1000
0010
0000
,
0100
0000
0000
0000
0001
0000
0000
0000
0100
0000
0000
0000
0001
0000
0000
0000
0000
0000
1000
0000
0000
0010
0000
0000
0000
0000
0000
0100
0000
0000
0000
0000
0000
0001
0000
0000
1000
0000
0000
0000
0000
0000
0010
0000
0000
0000
0000
0000
,
0100
0000
0000
0010
0000
0000
1000
0000
0000
0001
0000
0010
0000
0100
1000
0000
,
0001
0000
0000
0000
1000
0000
0000
0000
0001
0000
0000
0000
1000
0000
0000
0000
0000
0000
0010
0000
0000
0100
0000
0000
0000
0000
0000
0001
0000
0000
0000
0000
0000
1000
0000
0000
0100
0000
0000
0000
0000
0000
0001
0000
0000
0000
0000
0000
,
1000
0010
0000
0100
0000
0001
1000
0000
0010
0100
0000
0010
0100
0000
0000
0000
,
0001
0000
0000
0000
1000
0000
0000
0000
0001
0000
0000
0000
1000
0000
0000
0000
0001
0000
0000
0000
1000
0000
0000
0000
0001
0000
0000
0100
0000
0000
0000
0000
0000
0010
0000
0000
1000
0000
0000
0000
0000
0000
0000
0000
0000
0000
0000
0000
,
0001
0100
0000
1000
0000
0010
0100
0000
0001
0010
0000
0001
1000
0000
0000
0000
,
0010
0100
0010
0100
0010
0100
0020
0000
0000
0030
0000
0000
,
0100
1000
0000
0010
0000
0001
0100
0000
0010
1000
0000
0001
1000
0000
0000
0000
,
0001
0000
0000
0000
0010
0000
0000
0000
0001
0000
0000
0000
0010
0000
0000
0000
0001
0000
0000
0000
0010
0000
0000
0000
0100
0000
0000
1000
0000
0000
0000
0000
0000
0010
0000
0000
0100
0000
0000
0000
0000
0000
0000
0000
0000
0000
0000
0000
,
0001
1000
0000
0100
0000
0010
0001
0000
0100
0010
0000
1000
0001
0000
0000
0000
,
0100
1000
0100
1000
0100
1000
0200
0000
0000
0300
0000
0000
,
0010
0100
0000
0001
0000
1000
0010
0000
0100
0001
0000
1000
0010
0000
0000
0000
,
0100
0010
0000
1000
0000
0001
0010
0100
0000
0000
0000
0000
0000
0000
0000
0000
,
0001
0100
0000
1000
0000
0010
0001
0000
0100
1000
0000
0010
0001
0000
0000
0000
,
0010
0100
0000
0001
0000
0100
1000
0000
0110
0000
0000
0000
1001
0000
0000
0000
,
0010
1000
0000
0100
0000
0001
1000
0000
0010
0100
0000
0001
0010
0000
0000
0000
,
0100
0000
0000
0000
1000
0000
0000
0000
0100
0000
0000
0000
1000
0000
0000
0000
0100
0000
0000
0000
1000
0000
0000
0000
0100
0000
0000
0010
0000
0000
0000
0000
0000
0001
0000
0000
1000
0000
0000
0000
0000
0000
0000
0000
0000
0000
0000
0000
,
0010
0100
0000
0001
0000
1000
0100
0000
0010
0001
0000
0100
0010
0000
0000
0000
,
1000
0000
0010
0000
1000
0000
0010
0000
1000
0000
0010
0000
1000
0000
0000
0110
0000
0000
1001
0000
0000
0000
0000
0000
;

//---------------dance-single - ----------------
#NOTES:
     dance-single:
     :
     Medium:
     6:
     0.352,0.333,0.077,0.044,0.011,214.000,7.000,4.000,0.000,0.000:
0010
0100
0010
1000
0100
0010
0001
0100
,
0001
1000
0010
0100
0001
0100
0010
1000
,
0001
0100
1000
0100
0010
1000
0001
0010
,
0100
0001
0100
0010
0001
1000
0010
0100
,
0000
0001
1000
0010
0100
0001
1000
0010
,
0000
0100
0010
1000
0100
0010
0001
0000
,
0000
0100
0001
1000
0010
0100
1000
0001
,
0000
0000
0110
0000
0000
0110
0000
0000
0220
0000
0000
0000
0330
0000
0000
0000
,
0000
1000
0010
1000
0001
0010
0100
0001
,
0000
1000
0010
0100
1000
0001
0100
0000
,
0000
0010
0100
0001
1000
0100
0001
0010
,
0000
0000
0110
0000
0000
0110
0000
0000
0220
0000
0000
0000
0330
0000
0000
0000
,
1000
0000
0000
0000
0000
0000
0000
0001
,
1000
0000
0000
0000
0000
0000
0000
0001
,
1000
0000
0000
0000
0000
0000
0000
0001
,
1000
0100
0001
0010
,
1000
0100
0001
0100
1000
0010
0001
0010
,
1000
0100
0001
0010
1000
0100
0001
0010
,
1000
0001
0100
0001
0010
0100
1000
0010
,
0100
0001
1000
0100
0001
0010
1000
0001
,
0100
0001
1000
0010
0100
0001
0100
0000
,
0010
0010
0010
0010
0010
0100
0001
0000
,
1000
0100
0001
0010
0100
1000
0010
0000
,
0001
0001
0001
0001
0001
1000
0010
0000
,
0100
0001
1000
0010
0100
0001
0010
0000
,
0100
0100
0100
0100
0100
1000
0001
0000
,
0100
0001
1000
0010
0100
0001
0010
0000
,
1000
1000
1000
1000
1000
0010
0100
0000
,
0010
0000
0000
0000
0000
0000
0000
0100
,
0010
0000
0000
0000
0000
0000
0000
0100
,
0010
0000
0000
0000
0000
0000
0000
0100
,
0010
1000
0001
0100
,
0010
1000
0001
0100
0001
0010
0100
0000
,
1000
1000
1000
1000
1000
0010
0100
0000
,
0001
0100
0001
0010
1000
0100
0010
0000
,
0001
0001
0001
0001
0001
0100
0110
0000
;

//---------------dance-single - ----------------
#NOTES:
     dance-single:
     :
     Easy:
     4:
     0.313,0.333,0.132,0.022,0.011,186.000,12.000,2.000,0.000,0.000:
0001
0100
0010
1000
,
0001
0000
0100
0000
0001
0000
1000
0010
,
1000
0001
0100
0010
,
1000
0000
0001
0000
0100
0000
0010
1000
,
0000
0001
0100
0001
1000
0010
1000
0010
,
0000
0100
0001
0100
0010
1000
0010
0000
,
0000
1000
0100
1000
0001
0100
0001
0100
,
0000
0000
0010
0000
0000
0010
0000
0000
0020
0000
0000
0000
0030
0000
0000
0000
,
0000
1000
0100
1000
0001
0010
0001
0010
,
0000
1000
0001
1000
0010
0100
0010
0000
,
0000
0100
0010
0100
0001
0010
0001
0010
,
0000
0000
0100
0000
0000
0100
0000
0000
0200
0000
0000
0000
0300
0000
0000
0000
,
0001
0000
0000
0000
0000
0000
0000
1000
,
0001
0000
0000
0000
0000
0000
0000
1000
,
0001
0000
0000
0000
0000
0000
0000
1000
,
0001
0001
0001
0001
,
1000
0100
0001
0010
,
1000
0000
0010
0000
0100
0000
0010
0001
,
1000
0001
0100
0001
,
1000
0000
0010
0000
0100
0000
0001
0010
,
0100
0010
0100
0010
0100
0010
0110
0000
,
0001
0100
0001
0100
0001
0100
0101
0000
,
1000
0010
1000
0010
0100
0001
0101
0000
,
0010
1000
0010
1000
0001
0010
0011
0000
,
0100
0010
0100
0010
0100
0010
0110
0000
,
1000
0100
1000
0100
1000
0100
1100
0000
,
0001
0100
0001
0100
0010
1000
1010
0000
,
0100
0001
0100
0001
1000
0010
1010
0000
,
1000
0000
0000
0000
0000
0000
0000
0001
,
1000
0000
0000
0000
0000
0000
0000
0001
,
1000
0000
0000
0000
0000
0000
0000
0001
,
1000
1000
1000
1000
,
0001
1000
0001
1000
0001
1000
1001
0000
,
0010
1000
0010
1000
0010
1000
1010
0000
,
0001
0010
0001
0010
0100
1000
1100
0000
,
0010
1000
0010
1000
0001
1000
1001
0000
;
