#TITLE:Sepia;
#SUBTITLE:;
#ARTIST:Shiki/-45;
#TITLETRANSLIT:;
#SUBTITLETRANSLIT:;
#ARTISTTRANSLIT:;
#CREDIT:;
#BANNER:Sepia-bn.png;
#BACKGROUND:Sepia-bg.png;
#LYRICSPATH:;
#CDTITLE:!reachTitle.png;
#MUSIC:shiki-sepia.mp3;
#OFFSET:-0.530;
#SAMPLESTART:50.000;
#SAMPLELENGTH:12.000;
#SELECTABLE:YES;
#BPMS:0.000=142.000,122.000=142.000;
#STOPS:;
#BGCHANGES:;
// cache tags:
#FIRSTBEAT:0.000;
#LASTBEAT:294.000;
#SONGFILENAME:Songs/All Songs/Reach - Sepia/sepia.sm;
#HASMUSIC:1;
#HASBANNER:1;
#MUSICLENGTH:135.061;
// end cache tags

//---------------dance-single - ----------------
#NOTES:
     dance-single:
     :
     Hard:
     11:
     0.741,0.898,0.511,0.030,0.789,628.000,69.000,4.000,0.000,0.000:  // measure 1
1000
0100
0001
0000
1000
0000
0100
0000
0010
0000
0000
0000
0000
0000
0100
0000
,  // measure 2
0000
1001
0100
0010
0001
0000
1000
0000
,  // measure 3
0010
1000
0100
0010
0001
0000
0000
0000
,  // measure 4
0000
1100
0000
0000
0000
1001
0000
0000
,  // measure 5
1000
0100
0001
0000
1000
0000
0100
0000
0010
0000
0000
0000
0000
0000
0100
0000
,  // measure 6
0000
1001
0100
0010
0001
0000
0010
0000
,  // measure 7
0010
1100
0100
0010
0001
0000
0000
0000
,  // measure 8
0000
0000
0000
0000
,  // measure 9
0000
0000
0000
0000
,  // measure 10
1000
0100
0001
0000
1000
0000
0110
0000
0001
0000
1000
0000
0010
0000
1100
0000
,  // measure 11
0001
0000
0110
0000
0010
0000
1100
0000
0001
0000
1000
0100
0000
0010
0001
0000
,  // measure 12
1000
0001
1000
0110
0001
0100
0001
1100
,  // measure 13
0001
0010
0100
0000
1000
0000
0110
0000
0001
0010
0100
1000
0000
0010
0001
0000
,  // measure 14
1000
0100
0001
0000
1000
0000
0110
0000
0001
0000
1000
0000
0001
0000
1100
0000
,  // measure 15
0001
0000
1010
0000
0010
0000
1000
0000
0001
0000
0010
0100
0000
1000
0100
0000
,  // measure 16
0001
1100
0000
0110
0000
1000
0000
0101
,  // measure 17
0000
0000
0010
0000
0000
0000
1100
0000
0000
0000
0001
0010
0000
0100
1000
0000
,  // measure 18
1000
0100
0001
0000
1000
0000
0110
0000
1000
0000
0010
0000
0100
0000
0011
0000
,  // measure 19
0100
0000
1010
0000
0100
0000
0011
0000
1000
0000
0001
0100
0000
1000
0010
0000
,  // measure 20
1000
0110
0001
1010
1000
0010
0100
0011
,  // measure 21
1000
0100
0010
0000
0100
0000
1010
0000
1000
0100
0010
0001
0000
0001
0010
0000
,  // measure 22
1000
0100
0001
0000
1000
0000
0110
0000
0001
0000
1000
0000
0010
0000
1100
0000
,  // measure 23
0001
1100
0010
1001
0100
0010
1001
0100
,  // measure 24
1001
0110
0000
0010
0000
0010
0000
0010
,  // measure 25
0000
0000
0000
0000
0000
0000
1000
0000
0000
0000
0000
0000
0010
0000
0000
0001
0000
0000
1000
0000
0000
0100
0000
0000
0010
0000
0000
0001
0000
0000
1000
0000
0100
0000
0010
0000
0001
0000
0000
1000
0000
0000
0100
0000
0010
0000
0001
0000
,  // measure 26
1000
0100
0021
0000
0000
0000
0000
0000
0000
0000
0030
0000
0000
0000
1000
0000
,  // measure 27
0000
0100
0000
0000
0000
0000
0010
0000
,  // measure 28
0100
0010
0000
0001
0000
0000
0000
0000
,  // measure 29
0000
0200
0000
0000
0000
0000
0300
0000
,  // measure 30
1000
0100
0001
0000
0000
0000
0000
0000
0000
0000
0000
0000
0000
0000
0010
0000
,  // measure 31
0000
0100
0000
0000
0000
0000
0100
0000
,  // measure 32
0100
0010
0000
0001
0000
0000
0000
0000
,  // measure 33
0000
0000
0000
0000
,  // measure 34
0000
0000
1000
0100
0010
0000
0001
0010
0000
0100
1000
0000
1000
0100
0000
0010
,  // measure 35
0001
0000
0010
0100
1000
0000
1000
0100
0000
0100
0010
0000
0001
1000
0000
0100
,  // measure 36
0010
0000
0100
0000
0001
0010
0100
0000
1000
0100
0000
0100
0010
0000
0010
0001
,  // measure 37
0000
0001
0010
0100
1000
0000
0100
0000
0100
0010
0000
0010
0001
0000
0011
1000
,  // measure 38
0100
0000
0001
1000
0001
1000
0001
1000
0001
1000
0010
0100
0010
0100
0010
0100
,  // measure 39
0010
0100
0001
1000
0001
1000
0001
1000
0001
1000
0010
0100
0010
0100
0010
0100
,  // measure 40
0010
0100
0001
1000
0001
1000
0001
1000
0001
1000
0010
0100
0010
0100
0010
0100
,  // measure 41
0010
0100
1001
0010
1100
0000
0000
0000
1001
0000
0000
0000
1100
0000
0000
0000
,  // measure 42
1001
0000
0010
0000
1000
0010
1000
0100
0010
0001
0010
0001
0100
0001
1000
0010
,  // measure 43
0100
0000
0000
0001
0000
0000
0010
0000
0000
0001
0000
0000
0100
0000
0000
0001
0000
0000
1000
0000
0000
0010
0000
0000
0100
0000
0000
0001
0000
0000
0010
0000
0000
0000
0000
0000
1000
0000
0100
0000
0010
0000
0100
0000
0000
0000
0000
0000
,  // measure 44
0010
0000
0000
0000
0000
0000
0100
0000
0000
1000
0000
0000
0001
0000
0000
1000
0000
0000
0010
0000
0000
1000
0000
0000
0001
0000
0000
0100
0000
0000
0001
0000
0000
0000
0000
0000
0010
0000
0100
0000
0001
0000
0000
0000
0000
0000
0000
0000
,  // measure 45
0010
0000
0000
0000
0000
0000
0001
0000
0000
0100
0000
0000
0001
0000
0000
0000
0000
0000
1000
0000
0000
0000
0000
0000
0100
0000
0000
0010
0000
0000
0000
0000
0000
0001
0000
0000
0010
0000
0000
0100
0000
0000
1000
0000
0100
0000
0010
0000
,  // measure 46
0001
0000
0010
0000
0100
0000
1000
0000
0000
0000
0000
0000
0010
0000
0000
0001
0000
0000
1000
0000
0000
0001
0000
0000
0100
0000
0000
0001
0000
0000
0010
0000
0000
0100
0000
0000
1000
0000
0000
0010
0000
0000
1000
0000
0000
0001
0000
0000
,  // measure 47
1000
0000
0000
0100
0000
0000
1000
0000
0000
0010
0000
0000
0100
0000
0000
0001
0000
0000
0010
0000
0000
0100
0000
0000
1000
0000
0000
0010
0000
0000
0100
0000
0000
0000
0000
0000
0001
0000
0010
0000
0100
0000
0010
0000
0000
0000
0000
0000
,  // measure 48
0100
0000
0000
0000
0000
0000
0010
0000
0000
0001
0000
0000
0100
0000
0000
0001
0000
0000
0010
0000
0000
0001
0000
0000
1000
0000
0000
0010
0000
0000
0100
0000
0000
0000
0000
0000
1000
0000
0010
0000
0100
0000
0000
0000
0000
0000
0000
0000
,  // measure 49
0001
0000
0000
0000
0000
0000
1000
0000
0000
0010
0000
0000
1000
0000
0000
0000
0000
0000
0010
0000
0000
0000
0000
0000
0100
0000
0000
0001
0000
0000
0000
0000
0000
0001
0000
0000
0010
0000
0000
0100
0000
0000
1000
0000
0100
0000
0010
0000
,  // measure 50
0001
0000
0010
0000
0100
0000
1000
0000
0000
0000
0000
0000
0010
0000
0000
0100
0000
0000
0001
0000
0000
0010
0000
0000
0001
0000
0000
1000
0000
0000
0010
0000
0000
0100
0000
0000
0001
0000
0000
1000
0000
0000
0100
0000
0000
1000
0000
0000
,  // measure 51
0001
0000
0000
0100
0000
0000
0001
0000
0000
0010
0000
0000
0001
0000
0000
0100
0000
0000
0010
0000
0000
1000
0000
0000
0100
0000
0000
0010
0000
0000
0001
0000
0000
0000
0000
0000
1000
0000
0100
0000
0010
0000
0100
0000
0000
0000
0000
0000
,  // measure 52
1000
0000
0000
0000
0000
0000
0010
0000
0000
0100
0000
0000
0001
0000
0000
1000
0000
0000
0010
0000
0000
1000
0000
0000
0100
0000
0000
1000
0000
0000
0001
0000
0000
0000
0000
0000
0100
0000
0010
0000
1000
0000
0000
0000
0000
0000
0000
0000
,  // measure 53
0100
0000
0000
0000
0000
0000
0001
0000
0000
0100
0000
0000
0001
0000
0000
0000
0000
0000
0010
0000
0000
0000
0000
0000
0100
0000
0000
1000
0000
0000
0000
0000
0000
1000
0000
0000
0100
0000
0000
0010
0000
0000
0001
0000
0010
0000
0100
0000
,  // measure 54
1000
0000
0100
0000
0010
0000
0001
0000
0000
0000
0000
0000
0010
0000
0000
0100
0000
0000
0001
0000
0000
1000
0000
0000
0100
0000
0000
1000
0000
0000
0001
0000
0000
1000
0000
0000
0010
0000
0000
0100
0000
0000
0001
0000
0000
0010
0000
0000
,  // measure 55
0001
0000
0000
0100
0000
0000
0001
0000
0000
0010
0000
0000
0001
0000
0000
1000
0000
0000
0010
0000
0000
1000
0000
0000
0001
0000
0000
0100
0000
0000
0010
0000
0000
0000
0000
0000
0001
0000
0010
0000
0100
0000
0010
0000
0000
0000
0000
0000
,  // measure 56
0100
0000
0000
0000
0000
0000
1000
0000
0000
0010
0000
0000
1000
0000
0000
0001
0000
0000
0010
0000
0000
0001
0000
0000
1000
0000
0000
0010
0000
0000
0100
0000
0000
0000
0000
0000
0001
0000
0100
0000
0010
0000
0000
0000
0000
0000
0000
0000
,  // measure 57
1000
0000
0000
0000
0000
0000
0100
0000
0000
0001
0000
0000
0010
0000
0000
0000
0000
0000
0100
0000
0000
0000
0000
0000
1000
0000
0000
0100
0000
0000
0000
0000
0000
0010
0000
0000
0001
0000
0000
0010
0000
0000
0100
0000
1000
0000
0010
0000
,  // measure 58
0100
0001
0010
0100
0000
0000
0000
0000
0000
0100
0000
0000
0000
0000
0000
0001
0000
0000
0000
0000
0000
1100
0000
0000
,  // measure 59
0000
0000
1001
0000
0000
0000
0100
0000
0000
0000
0001
0010
0000
1000
0100
0000
,  // measure 60
0001
1100
0000
1001
0000
0100
0000
0011
,  // measure 61
0000
0000
0100
0000
0000
0000
1001
0000
0000
0000
0100
1000
0000
1000
0100
0000
,  // measure 62
1000
0100
0001
0000
0000
0000
1100
0000
0000
0000
0010
0000
0000
0000
1001
0000
,  // measure 63
0000
0000
1100
0000
0000
0000
0110
0000
0000
0000
1000
0100
0000
0010
0001
0000
,  // measure 64
1000
0101
0000
1100
0000
0100
0000
0011
,  // measure 65
0000
0000
0000
0000
0000
0000
1000
0000
0000
0000
0000
0000
0010
0000
0000
0001
0000
0000
1000
0000
0000
0100
0000
0000
0010
0000
0000
0001
0000
0000
1000
0000
0100
0000
0010
0000
0001
0000
0000
1000
0000
0000
0100
0000
0010
0000
0001
0000
,  // measure 66
1000
0100
0011
0000
0000
0000
1100
0000
0000
0000
0001
0000
0000
0000
1100
0000
,  // measure 67
0000
0000
1001
0000
0000
0000
0100
0000
0000
0000
0100
1000
0000
0001
0010
0000
,  // measure 68
0100
1100
0000
1001
0000
0010
0000
0101
,  // measure 69
0000
0000
1000
0000
0000
0000
0011
0000
0000
0000
1000
0100
0000
0100
0010
0000
,  // measure 70
1000
0100
0001
0000
0000
0000
1100
0000
0000
0000
0010
0000
0000
0000
1001
0000
,  // measure 71
0000
0000
0110
0000
0000
0000
1000
0000
0000
0000
0001
0010
0000
0010
0100
0000
,  // measure 72
1000
1001
0000
0010
0000
1001
0000
0010
,  // measure 73
0000
0000
1000
0100
0010
0000
1001
0000
0010
0100
0000
0100
0010
0001
1000
0001
,  // measure 74
1000
0001
2200
0000
0000
0000
0000
0000
3300
0000
0000
0000
0000
0000
0000
0000
;
