#TITLE:Spooky;
#SUBTITLE:;
#ARTIST:good-cool;
#TITLETRANSLIT:;
#SUBTITLETRANSLIT:;
#ARTISTTRANSLIT:;
#CREDIT:;
#BANNER:spooky-banner.png;
#BACKGROUND:spooky-bg.png;
#LYRICSPATH:;
#CDTITLE:!eggmanTitle.png;
#MUSIC:Spooky.mp3;
#OFFSET:-2.100;
#SAMPLESTART:42.857;
#SAMPLELENGTH:12.000;
#SELECTABLE:YES;
#BPMS:0.000=140.000,264.000=145.000,264.250=150.000,264.500=155.000,264.750=160.000,265.000=165.000,265.250=170.000,265.500=175.000,265.750=180.000,266.000=185.000,266.250=190.000,266.500=195.000,266.750=200.000,267.000=205.000,267.250=210.000,267.500=215.000,267.750=219.999,268.000=224.999,268.250=229.999,268.500=234.999,268.750=239.999,269.000=244.999,269.250=249.999,269.500=254.999,269.750=259.999,270.000=264.999,270.250=270.000,270.500=275.000,270.750=280.000,271.000=285.000,271.250=290.000,271.500=295.000,271.750=300.000,272.000=305.000,272.250=310.000,272.500=315.000,272.750=320.000,273.000=325.000,273.250=330.000,273.500=335.000,273.750=340.000,274.000=345.000,274.250=350.000,274.500=355.000,274.750=360.000,275.000=365.001,275.250=370.001,275.500=375.001,275.750=380.001,276.000=385.001,276.250=390.001,276.500=395.001,276.750=400.001,277.000=405.001,277.250=410.001,277.500=415.002,277.750=420.002,278.000=425.002,278.250=430.002,278.500=435.002,278.750=440.003,279.000=445.002,279.250=450.002,279.500=455.002,279.750=140.005;
#STOPS:;
#BGCHANGES:;
// cache tags:
#FIRSTBEAT:8.000;
#LASTBEAT:276.750;
#SONGFILENAME:Songs/All Songs/Spooky/Spooky.sm;
#HASMUSIC:1;
#HASBANNER:1;
#MUSICLENGTH:121.919;
// end cache tags

//---------------dance-single - ----------------
#NOTES:
     dance-single:
     :
     Hard:
     10:
     0.891,0.880,1.000,0.000,0.673,593.000,167.000,0.000,0.000,0.000:  // measure 1
0000
0000
0000
0000
,  // measure 2
0000
0000
0000
0000
,  // measure 3
1001
0100
0000
0100
1100
0000
0001
0100
0000
0010
0000
0010
1000
0010
0100
0000
,  // measure 4
0010
0000
0000
0010
0100
0000
0010
0000
0000
0100
1000
0000
1000
0010
0100
0000
,  // measure 5
0010
0000
0000
0100
1000
0000
0100
0000
0000
0010
1000
0000
0010
0010
1000
0000
,  // measure 6
1000
0010
0000
0010
1000
0000
0010
0100
1000
0010
0100
0010
0100
0010
1000
0000
,  // measure 7
0010
0100
0000
0100
1000
0000
0100
1000
0000
0010
0000
0010
1000
0010
0100
0000
,  // measure 8
0010
0000
0000
0100
1000
0000
0010
0000
0000
0010
1000
0000
1000
0010
0100
0000
,  // measure 9
0001
0000
0000
0100
1000
0000
0010
0000
0000
0100
1000
0000
0010
0010
1000
0000
,  // measure 10
0010
0100
1000
0100
0010
0000
0010
0100
1000
0100
0010
0100
0010
0100
1000
0000
,  // measure 11
1010
0101
1010
0100
1010
0100
1000
0101
,  // measure 12
1000
0000
0100
0000
1010
0000
1000
0000
1000
0010
0100
0000
1010
0000
0100
0010
,  // measure 13
1100
0000
0001
0000
1001
0000
0000
0100
1001
0000
0000
0001
1000
0000
0001
0000
,  // measure 14
1100
0000
0010
0000
1010
0000
0000
0100
1010
0000
0000
0010
1000
0000
0100
0000
,  // measure 15
1010
0100
1010
0100
1001
0100
1000
0101
,  // measure 16
1000
0000
0100
0000
1010
0000
0100
0000
1000
0010
0100
0000
1001
0000
0100
0010
,  // measure 17
0110
0000
0001
0000
1001
0000
0000
0100
1001
0000
0000
0001
1000
0000
0001
0000
,  // measure 18
1100
0000
1001
0000
1001
0000
1000
0100
1010
0000
1000
0010
1000
0000
1100
0000
,  // measure 19
1010
0000
0000
0010
0110
0000
0010
0000
1001
0000
0000
0001
1100
0000
0001
0000
,  // measure 20
1010
0000
0000
0010
1100
0000
0100
0000
1010
0000
0000
0010
1100
0000
0100
0000
,  // measure 21
1010
0000
0000
0010
1100
0000
0010
0000
1001
0000
0000
0001
1100
0000
0001
0000
,  // measure 22
1001
0000
0000
0001
1100
0000
0010
0000
0010
1000
0000
0010
1000
0000
1010
0000
,  // measure 23
1010
0000
0100
0010
1000
0000
0110
0000
1001
0000
0100
0010
1000
0000
0101
0000
,  // measure 24
1010
0000
0100
0001
1000
0000
1010
0000
0101
0000
0100
0010
1000
0000
0110
0000
,  // measure 25
1010
0000
0100
0010
1000
0000
0101
0000
1010
0000
0100
0001
1000
0000
0101
0000
,  // measure 26
0001
0010
0000
0010
0100
0000
0100
0000
0000
0010
0100
0000
0100
0000
0100
1000
,  // measure 27
1001
1010
0000
1001
0010
1001
0010
1100
,  // measure 28
0000
0010
0100
0000
0100
1000
0000
1001
,  // measure 29
1001
1100
0010
1010
0000
1001
0000
1001
,  // measure 30
0001
1000
0001
1000
0010
0100
0001
0000
0001
1000
0100
0000
0010
0100
0010
0000
,  // measure 31
1001
1010
1000
1010
0110
1000
1001
1010
,  // measure 32
1000
0010
1100
0000
1010
1000
0100
1000
,  // measure 33
1100
0000
0110
0000
1001
0000
0101
0000
1000
0000
0100
0000
1000
0000
0100
0010
,  // measure 34
0100
0010
0100
0010
0100
0010
0100
0010
0100
0010
0100
0010
0100
0010
0100
0010
,  // measure 35
0110
0000
0100
0000
1010
0000
0100
0010
0000
0100
0010
0000
0010
0000
1000
0000
,  // measure 36
0001
0000
1000
0000
1100
0000
0101
1000
0000
0100
1000
0000
1000
0000
1001
0000
,  // measure 37
0110
0000
0100
0000
1010
0000
0001
0010
0000
0100
0010
0000
0010
0000
1000
0000
,  // measure 38
0100
0000
1000
0000
0010
0001
0000
0000
0000
0000
1010
0000
1000
0000
1001
0000
,  // measure 39
0101
0000
0100
0000
1010
0000
0100
0010
0000
0100
0010
0000
0010
0000
1000
0000
,  // measure 40
0001
0000
1000
0000
1100
0000
0001
1000
0000
0100
1000
0000
1000
0000
1001
0000
,  // measure 41
0101
0000
0100
0000
1010
0000
0010
0100
0000
0010
0100
0000
0010
0000
1000
0000
,  // measure 42
0001
0000
1000
0000
0010
0001
0000
0000
0000
1001
1001
0000
0000
1001
1001
0000
,  // measure 43
1001
0000
0100
0000
1001
0000
0000
0100
1001
0000
0000
0001
1000
0000
0001
0000
,  // measure 44
1010
0000
0100
0000
1001
0000
0000
0100
1001
0000
0000
0001
1000
0000
0001
0000
,  // measure 45
1010
0000
0100
0000
1001
0000
0000
0100
1001
0000
0000
0001
1000
0000
0010
0000
,  // measure 46
1010
1000
1100
1000
1010
0000
0010
0100
1000
1000
1000
0000
1010
1000
1001
0000
,  // measure 47
1100
0000
0100
0000
1001
0000
0000
0100
1001
0000
0000
0001
1000
0000
0010
0000
,  // measure 48
1010
0000
0100
0000
1001
0000
0000
0100
1001
0000
0000
0010
1000
0000
0001
0000
,  // measure 49
1010
0000
0010
0000
1001
0000
0000
0100
1001
0000
0000
0001
1000
0000
0010
0000
,  // measure 50
1000
0100
1000
0100
1000
0100
1000
0100
1000
0100
1000
0100
1000
0100
1000
0100
,  // measure 51
1001
0000
0100
0000
1001
0000
0000
0000
1000
0010
0000
0000
1001
0000
0000
0010
,  // measure 52
1000
0000
0000
0000
1001
0000
0000
0000
1000
0010
0000
0000
1001
0000
1010
0010
,  // measure 53
1000
0000
0100
0000
1001
0000
0000
0000
1000
0010
0000
0000
1001
0000
0000
0010
,  // measure 54
1000
0000
0000
0000
1001
0000
0000
0000
1000
0010
1000
0000
1001
0000
1010
0010
,  // measure 55
1100
0000
0100
0000
1001
0000
0000
0000
1000
0010
0000
0000
1001
0000
0000
0010
,  // measure 56
1000
0000
0000
0000
1001
0000
0000
0000
1000
0010
0000
0000
1001
0000
1010
0010
,  // measure 57
1000
0000
0010
0000
1001
0000
0000
0000
0001
0100
0000
0000
1001
0000
0000
0100
,  // measure 58
0000
0100
0010
0100
0001
0000
0100
0010
1000
0100
0010
0001
0100
0000
1001
0100
,  // measure 59
1100
0000
0110
0000
1001
0000
0100
0000
1000
0010
0100
0000
1001
0000
0100
0001
,  // measure 60
1000
0000
0100
0000
1001
0000
0100
0000
1000
0001
0100
0000
1001
0000
1001
0001
,  // measure 61
1000
0000
0110
0000
1001
0000
0100
0000
1000
0010
0100
0000
1001
0000
0110
0001
,  // measure 62
1000
0000
0100
0000
1001
0000
0100
0000
1000
0001
0100
0001
1000
0000
1001
0001
,  // measure 63
1100
0000
0110
0000
1001
0000
0100
0000
1000
0001
0100
0000
1001
0000
0100
0001
,  // measure 64
1000
0000
0100
0000
1001
0000
0100
0000
1000
0001
0100
0000
1001
0000
0110
0001
,  // measure 65
1000
0000
0110
0000
1001
0000
0100
0000
1000
0001
0100
0000
1001
0000
0110
0001
,  // measure 66
1000
0001
0010
0001
0100
0001
0010
0001
0010
0001
0010
0001
1100
0000
0000
0000
,  // measure 67
0000
0000
0000
0000
,  // measure 68
0000
0000
0000
0000
,  // measure 69
0000
0000
0000
0000
,  // measure 70
0000
0000
0000
1001
0000
0000
0000
0000
0000
0000
0000
0000
0000
0000
0000
0000
;
