#TITLE:Drop The Bomb;
#SUBTITLE:SySF Mix;
#ARTIST:Scotty D.;
#TITLETRANSLIT:DROP THE BOMB;
#SUBTITLETRANSLIT:(SySF. Mix);
#ARTISTTRANSLIT:Scotty D.;
#CREDIT:MANTIS;
#BANNER:DtBSySF Banner.PNG;
#BACKGROUND:DtBSySF BG.PNG;
#LYRICSPATH:;
#CDTITLE:;
#MUSIC:Drop The Bomb.mp3;
#OFFSET:0.000;
#SAMPLESTART:71.273;
#SAMPLELENGTH:11.996;
#SELECTABLE:YES;
#BPMS:0.000=150.000;
#STOPS:;
#BGCHANGES:;
// cache tags:
#FIRSTBEAT:4.000;
#LASTBEAT:244.000;
#SONGFILENAME:Songs/All Songs/Drop The Bomb/Butterfly (China Power Remix).sm;
#HASMUSIC:1;
#HASBANNER:1;
#MUSICLENGTH:92.951;
// end cache tags

//---------------dance-single - Atomic----------------
#NOTES:
     dance-single:
     Atomic:
     Medium:
     5:
     0.315,0.469,0.301,0.043,0.000,173.000,28.000,4.000,0.000,0.000:
0000
0000
0000
0000
,
1001
0000
0000
0000
,
0110
0000
0000
0000
,
1001
0000
0000
0000
,
0110
0000
0000
0000
,
1001
0000
0000
0000
,
0000
0000
0000
0000
,
0000
1000
1000
0001
,
0001
1000
1001
0001
,
1001
1000
0001
1000
,
0001
1000
1000
1001
,
0001
1001
1000
1001
,
0001
1000
0001
0001
,
1000
1000
0001
1000
,
0001
1000
0010
0100
,
0010
0100
0010
0100
,
0010
0000
0100
0000
0001
1000
0001
1000
,
0001
0000
0000
0000
1000
0001
1000
0001
,
1000
0001
0001
1000
,
1000
0001
1000
0001
,
0010
0100
0001
1000
,
0020
0130
0002
1003
,
0200
0310
2000
3001
,
0000
0000
0000
0000
,
1001
1001
0010
0100
,
0010
0100
0010
0100
,
0010
0100
0010
0100
,
0010
0100
0010
0100
,
0010
1000
0001
1000
,
0001
1000
0001
1000
,
0001
1000
0001
1000
,
0001
1000
0001
1000
,
0001
0000
0000
0000
,
0000
1001
1001
0110
,
0110
1000
0001
1000
,
0001
1000
0001
1000
,
0001
0110
0110
1001
,
1001
0110
0110
1001
,
1001
0100
0010
0100
,
0010
0100
0010
0100
,
0010
0100
0010
0100
,
0010
0000
0000
0000
,
0000
1000
0100
0001
,
0010
1001
1001
0100
,
0100
0010
0010
1000
,
1000
0001
0001
1000
,
1000
0100
0100
0010
,
0110
0110
1000
1000
,
0001
0001
1000
1000
,
0001
0001
0010
0010
,
0100
0100
0010
0010
,
0100
0100
0000
0000
;

//---------------dance-single - Standard----------------
#NOTES:
     dance-single:
     Standard:
     Edit:
     6:
     0.420,0.427,0.204,0.097,0.000,245.000,19.000,9.000,0.000,0.000:







0000
0000
0000
0000
,
0000
0000
0000
0000
,
0000
0000
0000
0000
,
0000
0000
0000
0000
,
0000
0000
0000
0000
,
0000
0000
0000
0000
,
0000
0000
0000
0000
,
0000
0000
0000
0000
,
0000
0000
0000
2000
,
3100
0000
0100
0000
0010
0100
1000
0000
,
0010
0000
0010
0000
1000
0010
0100
0000
,
0001
0000
0001
0000
0010
0100
1000
0000
,
0010
0000
0010
0000
1000
0010
0100
0000
,
1000
0000
0000
0100
0010
0001
0000
0000
,
0100
0000
0000
0010
0100
0001
0000
0000
,
0100
0100
0100
0010
,
0010
0100
0001
1000
0010
0000
0000
0000
,
0010
0000
0000
0100
0010
1000
0000
0000
,
0100
0000
0000
0010
0001
1000
0000
0000
,
0001
0001
0001
1000
,
0100
1000
0001
0010
0002
0000
0003
0000
,
0010
0100
1000
0010
,
0100
0010
1000
0001
0010
0000
0000
0000
,
1000
0000
0010
0000
1000
0100
0010
0000
,
1000
0010
0100
0001
0010
0000
0000
0000
,
1000
0001
0100
0010
,
1000
0100
1000
0001
0010
0000
0000
0000
,
0001
0000
0010
0000
0001
0100
0010
0000
,
1000
0100
1000
0001
0200
0000
0300
0000
,
0001
0000
0001
0000
0010
0100
0010
0000
,
0100
0000
0100
0000
1000
0010
1000
0000
,
0010
0000
0010
0000
0100
0001
0100
0000
,
0001
0000
0001
0000
1000
0100
1000
0000
,
0100
0000
0010
0001
0100
0001
0000
0000
,
0100
0000
0010
1000
0100
1000
0000
0000
,
0010
0010
0010
0100
,
0100
0001
1000
0100
0010
0000
0000
0000
,
0010
0000
0001
1000
0010
0100
0000
0000
,
0010
0000
1000
0001
0100
0010
0000
0000
,
1000
1000
1000
0001
,
0001
0010
0100
1000
0020
0000
0030
0000
,
1000
0000
0100
0000
0001
0000
0100
0010
,
1000
0001
0100
0010
1000
0000
0000
0000
,
1000
0100
1000
0000
0001
0100
0001
0000
,
0100
0010
1000
0010
0100
0000
0000
0000
,
1000
0000
0010
0000
0001
0000
1000
0100
,
0010
0001
1000
0010
1000
0000
0000
0000
,
1000
0010
1000
0000
0001
0010
0001
0000
,
0010
0100
1000
0010
0100
0000
0020
0000
,
0030
1001
1010
1001
,
0000
0110
0011
0110
,
0000
1100
1001
1100
,
1000
0010
0100
0001
0100
0000
0020
0000
,
0030
1001
0011
1001
,
0000
0110
1010
0110
,
0000
0101
1001
0101
,
0010
1000
0100
0010
0001
0000
0200
0000
,
0310
0010
0010
1000
,
1000
0001
0100
0010
0100
0000
0000
0000
,
0010
0100
0010
0000
0010
1000
0010
0000
,
0100
0010
1000
0001
0100
0000
2002
0000
,
3003
0000
0000
0000
,;

//---------------dance-single - Heavy----------------
#NOTES:
     dance-single:
     Heavy:
     Hard:
     9:
     0.547,0.627,0.097,0.108,0.301,337.000,9.000,10.000,0.000,0.000:
0000
0000
0000
0000
,
0000
0000
0000
0000
,
0000
0000
0000
0000
,
0000
0000
0000
0000
,
0000
0001
0001
0001
,
0001
1000
1000
1000
,
1000
0001
0001
0001
,
0001
0000
0000
0000
0001
0000
0000
0000
1000
0000
0000
0000
0001
1100
0000
0000
,
0001
0000
1000
0001
1000
0001
1000
0001
,
1000
0001
0010
0100
0001
1000
0100
1000
,
0001
0000
0100
0000
0010
0000
1000
0000
0001
0000
0100
0000
0000
0100
1000
0001
,
0000
0000
1000
0000
0000
0100
0010
0000
1000
0001
1000
0001
0000
1000
0000
0100
,
0000
0100
0000
0100
0000
0000
1000
0001
0000
0000
0001
0001
0000
1000
0000
1000
,
0001
0000
0001
0001
0000
0000
0100
0000
0010
0000
1000
0000
0001
0000
0100
0000
,
0000
0001
0000
0000
1000
0000
1000
0000
1000
0000
1000
0000
0100
0100
0000
0100
,
0000
0001
1000
0010
0100
0001
1000
0010
,
0010
0010
0000
0000
0000
0000
1000
0000
1000
0000
1000
0000
1000
0000
1000
0000
,
1000
0000
1000
0000
0000
0001
0001
0000
0000
0000
0000
0000
0001
0000
0001
0000
,
1000
0000
1000
0000
0001
0000
1000
0001
0000
1000
0001
0000
0010
0000
0100
0000
,
0100
0010
0000
0000
1001
0000
1000
0000
0001
1000
0000
1000
0001
0000
0000
0001
,
0001
0001
1000
0000
1000
0000
0000
0100
0000
0100
1000
0100
0000
1000
0000
1100
,
0000
0000
1000
0100
0100
0000
1000
0100
0000
1000
0000
0100
0100
0000
0100
0000
,
0100
0100
0000
0000
1000
0000
0001
0000
0100
0010
0000
0100
0010
0000
0100
0010
,
0000
0000
1000
0001
0000
1000
0000
0001
1000
0000
0001
0000
1000
0000
1000
0000
,
0001
0001
0001
0000
1000
0000
0001
0000
,
1000
0000
0001
0000
1000
0000
0001
0001
,
1000
1000
0001
0000
0010
0000
0100
0000
,
0010
0000
0100
0000
0010
0000
0100
0010
,
0010
0010
0100
0000
0001
0000
1000
0100
,
1000
0001
1000
0100
1000
0001
1000
0001
,
1000
0000
0001
0000
1000
0000
0000
0000
0010
0000
0100
0000
0001
1000
0000
0000
,
0010
0000
0100
0000
0000
0001
1000
0000
0100
0000
1000
0001
0000
0000
1000
0000
,
0001
1000
0000
0000
2002
0000
0000
0000
0000
0000
0000
0000
0000
0000
0000
0000
,
0000
0000
0003
3000
0000
0001
1000
0000
0001
0000
1000
0000
0001
0000
1000
0000
,
0001
1000
0000
0010
0000
0000
0100
0000
0010
0000
0100
0000
0010
0000
0100
0000
,
0010
0000
0100
0000
0001
0000
1000
0000
0001
0000
1000
0001
0000
0000
1000
0000
,
0001
1000
0010
0100
0010
0100
0010
0100
,
0010
0100
0001
1000
0100
1000
0001
1000
,
0100
0000
1000
0000
0001
0000
0100
0000
0001
0000
1000
0000
0000
0001
0100
0000
,
0001
1000
0001
1000
0100
1000
0001
0100
,
0010
0000
1000
0000
0001
0000
0100
0000
0010
0000
1000
0000
0001
0100
0000
0001
,
1000
0000
0000
0000
,
0000
0001
1000
0100
,
0010
0000
0000
0000
0001
0000
1000
0000
0001
0000
1000
0000
0001
0000
0000
1000
,
0001
1000
0010
0100
0010
0100
0010
0100
,
0010
0100
0100
1000
0100
1000
0100
1000
,
0100
1000
0001
0010
0001
0010
0001
0010
,
0001
0010
0001
0100
0001
0100
0001
0100
,
0001
0100
0010
1000
0010
1000
0010
1000
,
0010
0000
1000
0000
0001
0000
0100
0000
0000
0010
1000
0000
0100
0000
1000
0000
,
0001
0100
0010
1000
0100
1000
0001
0100
,
0010
1000
2002
0000
0000
0000
0000
0000
,
0000
3003
0000
0000
0220
0000
0000
0000
0000
0000
0000
0000
0000
0000
0000
0000
,
0000
0330
2002
0000
0000
0000
0000
0000
,
0000
3003
0220
0000
0000
0000
0000
0000
,
0000
0000
0000
0000
0000
0330
0000
0000
1001
0000
0000
0000
0000
0000
0000
0000
;
