#TITLE:PARANOiA Respect;
#SUBTITLE:;
#ARTIST:.3k;
#TITLETRANSLIT:;
#SUBTITLETRANSLIT:;
#ARTISTTRANSLIT:;
#CREDIT:;
#BANNER:pararespect-bn.png;
#BACKGROUND:pararespect-bg.png;
#LYRICSPATH:;
#CDTITLE:!mwerpTitle.png;
#MUSIC:aaron_pr.mp3;
#OFFSET:-0.080;
#SAMPLESTART:74.360;
#SAMPLELENGTH:15.000;
#SELECTABLE:YES;
#BPMS:0.000=300.000,102.000=600.000,104.000=300.000,198.000=600.000,200.000=300.000,262.000=600.000,264.000=300.000,331.500=600.000,332.000=300.000,396.000=600.000,400.000=300.000;
#STOPS:71.000=0.300
,71.500=0.500
,103.500=0.200
,199.500=0.200
,263.500=0.200
,331.500=0.300
,331.750=0.550
,396.000=0.100
,397.000=0.100
,398.500=0.200
;
#BGCHANGES:;
// cache tags:
#FIRSTBEAT:40.000;
#LASTBEAT:484.000;
#SONGFILENAME:Songs/All Songs/Mwerp - PARANOiA Respect/pararespect.sm;
#HASMUSIC:1;
#HASBANNER:1;
#MUSICLENGTH:101.921;
// end cache tags

//---------------dance-single - ----------------
#NOTES:
     dance-single:
     :
     Hard:
     10:
     0.928,1.000,0.638,0.157,0.005,581.000,65.000,16.000,0.000,0.000:  // measure 1
0000
0000
0000
0000
,  // measure 2
0000
0000
0000
0000
,  // measure 3
0000
0000
0000
0000
,  // measure 4
0000
0000
0000
0000
,  // measure 5
0000
0000
0000
0000
,  // measure 6
0000
0000
0000
0000
,  // measure 7
0000
0000
0000
0000
,  // measure 8
0000
0000
0000
0000
,  // measure 9
0000
0000
0000
0000
,  // measure 10
0000
0000
0000
0000
,  // measure 11
1002
0000
0000
1003
0000
1020
0030
0000
,  // measure 12
0000
0100
0000
0010
0000
1000
0000
0000
,  // measure 13
0012
0000
0000
1003
0000
0201
0000
0300
,  // measure 14
0000
0010
0000
1000
0000
0001
0000
0000
,  // measure 15
2001
0000
0000
3001
0000
0201
0300
0000
,  // measure 16
0000
0010
0000
0100
0000
0001
0000
0000
,  // measure 17
2100
0000
0000
3001
0000
1010
0000
0000
,  // measure 18
0000
0100
0000
0001
0000
1000
0000
0110
,  // measure 19
1001
0100
0010
0001
1000
0100
0000
0100
,  // measure 20
1000
0001
0100
1000
0000
1000
0100
0010
,  // measure 21
1000
0000
1000
0001
0100
0001
0010
0100
,  // measure 22
1000
0000
1000
0001
0100
0010
0100
0001
,  // measure 23
1000
0100
0001
0100
1000
0010
0000
0010
,  // measure 24
0001
0010
1000
0001
0000
0001
1000
0100
,  // measure 25
0010
0000
0010
0100
1000
0001
0010
0100
,  // measure 26
1000
0000
1000
0100
1001
0000
0000
0000
,  // measure 27
0000
0100
0010
0001
1000
0100
0000
0100
,  // measure 28
1000
0001
0100
1000
0000
1000
0100
0010
,  // measure 29
1000
0000
1000
0001
0100
0001
0010
0100
,  // measure 30
1000
0000
1000
0001
0100
0010
0100
0001
,  // measure 31
1000
0100
0001
0100
1000
0010
0000
0010
,  // measure 32
0001
0010
1000
0001
0000
0001
1000
0100
,  // measure 33
0010
0000
0010
0100
1000
0001
0010
0100
,  // measure 34
1000
0000
1000
0100
1000
0010
0100
0010
,  // measure 35
1001
0000
0010
1000
0000
0100
0000
0010
,  // measure 36
0001
0100
1000
0100
,  // measure 37
0010
0000
1000
0100
0000
0010
0000
0001
,  // measure 38
1000
0010
1000
0001
,  // measure 39
0100
0000
0010
1000
0000
0100
0000
0001
,  // measure 40
0100
1000
0010
0100
,  // measure 41
1010
0000
0100
0001
0100
0000
1001
0000
,  // measure 42
0100
0010
1000
0100
0000
0010
0000
0100
,  // measure 43
1001
0000
0100
0001
0000
0010
0000
0100
,  // measure 44
1000
0010
0001
0010
,  // measure 45
0100
0000
0001
0010
0000
0100
0000
1000
,  // measure 46
0001
0100
0001
1000
,  // measure 47
0010
0000
0100
0001
0000
0010
0000
1000
,  // measure 48
0010
0001
0100
0010
,  // measure 49
0101
0000
0010
1000
0010
0000
1001
0000
,  // measure 50
0010
0100
0001
0010
0200
0000
0000
0300
,  // measure 51
1001
0000
0100
0000
1010
0000
1000
0100
,  // measure 52
1000
0100
0010
0000
0101
0000
0010
0000
,  // measure 53
1000
0000
0010
0000
0101
0000
0100
0010
,  // measure 54
0100
0010
1000
0000
1001
0000
0100
0000
,  // measure 55
0001
0000
0010
0000
1100
0000
1000
0001
,  // measure 56
1000
0001
0100
0000
1010
0000
1000
0000
,  // measure 57
0100
0000
0010
0000
1100
0000
0010
0001
,  // measure 58
0010
0001
1000
0000
1000
0010
0100
0001
,  // measure 59
1000
0000
0010
0000
0101
0000
0001
0010
,  // measure 60
0001
0010
0100
0000
1010
0000
0100
0000
,  // measure 61
0001
0000
0100
0000
1010
0000
0010
0100
,  // measure 62
0010
0100
0001
0000
1001
0000
0010
0000
,  // measure 63
1000
0000
0100
0000
0011
0000
0001
1000
,  // measure 64
0001
1000
0010
0000
0101
0000
0001
0000
,  // measure 65
0010
0000
0100
0000
0011
0000
0100
1000
,  // measure 66
0100
1000
0001
0000
0110
0000
0000
0000
,  // measure 67
1002
0000
0000
1003
0000
0000
0000
0000
,  // measure 68
0001
0100
0000
0010
0000
1000
0000
0000
,  // measure 69
0012
0000
0000
1003
0000
0000
0000
0000
,  // measure 70
0100
0010
0000
1000
0000
0001
0000
0000
,  // measure 71
2001
0000
0000
3001
0000
0000
0000
0000
,  // measure 72
1000
0010
0000
0100
0000
0001
0000
0000
,  // measure 73
2100
0000
0000
3001
0000
0000
0000
0000
,  // measure 74
0010
0100
0000
0001
0000
1000
0000
0000
,  // measure 75
1002
0000
0000
1003
0000
0000
0000
0000
,  // measure 76
0001
0100
0000
0010
0000
1000
0000
0000
,  // measure 77
0012
0000
0000
1003
0000
0000
0000
0000
,  // measure 78
0100
0010
0000
1000
0000
0001
0000
0000
,  // measure 79
2001
0000
0000
3001
0000
0000
0000
0000
,  // measure 80
1000
0010
0000
0100
0000
0001
0000
0000
,  // measure 81
1010
0000
0110
0000
0101
0000
0010
1000
,  // measure 82
0001
0010
0100
1000
0010
0100
0001
1000
,  // measure 83
0001
0000
0100
0000
0010
0000
1000
0000
0100
0000
0010
0000
0001
0000
1000
0110
,  // measure 84
1001
0000
0001
0010
0000
0010
0100
0000
,  // measure 85
0100
1000
0000
1000
0010
0100
0001
1000
,  // measure 86
0001
0100
0001
1000
0010
1000
0100
0000
,  // measure 87
0100
0010
0000
0010
0001
1000
0100
0010
,  // measure 88
0001
0100
0001
0010
1000
0010
0100
0000
,  // measure 89
0100
1000
0000
1000
0010
0100
0001
1000
,  // measure 90
0001
0100
0001
1000
0010
1000
0100
0000
,  // measure 91
0100
0010
0000
0010
0001
1000
0100
0010
,  // measure 92
1001
0100
0001
1100
0000
0001
0000
0010
,  // measure 93
1001
0000
0001
1100
0000
0010
0000
0100
,  // measure 94
1001
0010
1000
0011
0000
1000
0000
0100
,  // measure 95
1001
0000
1000
0011
0000
0100
0000
0010
,  // measure 96
1000
0100
1000
0100
1000
0001
1000
0001
,  // measure 97
1000
0010
1000
0010
1000
0001
1000
0001
,  // measure 98
1000
0100
0010
0001
0100
0010
1000
0001
,  // measure 99
1000
0010
0100
0001
0010
0100
1000
0001
,  // measure 100
0100
0000
0001
0000
0000
0100
0000
0000
,  // measure 101
1001
0100
0010
0001
0000
1000
0000
1000
,  // measure 102
0010
0000
0010
0100
0000
0100
0001
1000
,  // measure 103
0100
0010
0001
0100
0000
0010
0000
0010
,  // measure 104
1000
0000
1000
0100
0000
0100
0000
0010
,  // measure 105
0001
0100
0010
1000
0000
0001
0000
0001
,  // measure 106
0010
0000
0010
0100
0000
0100
1000
0001
,  // measure 107
0100
0010
1000
0100
0000
0010
0000
0010
,  // measure 108
0001
0000
0001
0100
0000
0100
0001
0010
,  // measure 109
0001
0010
0100
1000
0000
0001
0000
0001
,  // measure 110
0100
0000
0100
0010
0000
0010
1000
0001
,  // measure 111
0010
0100
1000
0010
0000
0100
0000
0100
,  // measure 112
0001
0000
0001
0010
0000
0010
0000
0100
,  // measure 113
1000
0010
0100
0001
0000
1000
0000
1000
,  // measure 114
0100
0000
0100
0010
0000
0010
0001
1000
,  // measure 115
0010
0100
0001
0010
0000
0100
0000
0100
,  // measure 116
1000
0000
1000
0010
0000
0010
1000
0100
,  // measure 117
0000
0110
0000
0101
0000
0110
0000
1100
,  // measure 118
0000
0110
0000
1001
0000
0000
0010
1000
,  // measure 119
0010
0100
0011
0000
0010
0001
0010
0100
,  // measure 120
1010
0000
0010
1000
0010
0100
0011
0000
,  // measure 121
1001
0102
0000
0000
,  // measure 122
0003
0000
0000
0000
;
