#TITLE:Mt. St. Michael + St. Michael's Mountain;
#SUBTITLE:;
#ARTIST:Aphex Twin;
#TITLETRANSLIT:;
#SUBTITLETRANSLIT:;
#ARTISTTRANSLIT:;
#CREDIT:;
#BANNER:msm+smm-banner.png;
#BACKGROUND:msm+smm-bg.png;
#LYRICSPATH:;
#CDTITLE:!cynic.png;
#MUSIC:msm+smm.mp3;
#OFFSET:-0.045;
#SAMPLESTART:81.568;
#SAMPLELENGTH:14.394;
#SELECTABLE:YES;
#BPMS:0.000=200.079,64.000=100.039,72.000=200.079,216.000=50.020,232.000=200.079,328.000=400.158;
#STOPS:328.000=0.037
,328.250=0.037
,328.500=0.037
,328.750=0.037
,329.000=0.037
,329.250=0.037
,329.500=0.037
,329.750=0.037
,330.000=0.037
,330.250=0.037
,330.500=0.037
,330.750=0.037
,331.000=0.037
,331.250=0.037
,331.500=0.037
,331.750=0.037
,332.000=0.037
,332.250=0.037
,332.500=0.037
,332.750=0.037
,333.000=0.037
,333.250=0.037
,333.500=0.037
,333.750=0.037
,334.000=0.037
,334.250=0.037
,334.500=0.037
,334.750=0.037
,335.000=0.037
,335.250=0.037
,335.500=0.037
;
#BGCHANGES:;
// cache tags:
#FIRSTBEAT:16.000;
#LASTBEAT:335.750;
#SONGFILENAME:Songs/All Songs/Cynic - Mt. St. Michael + St. Michael's Mountain/msm+smm.sm;
#HASMUSIC:1;
#HASBANNER:1;
#MUSICLENGTH:118.811;
// end cache tags

//---------------dance-single - ----------------
#NOTES:
     dance-single:
     :
     Hard:
     12:
     1.000,1.000,0.741,0.084,1.000,1091.000,88.000,10.000,0.000,0.000:  // measure 1
0000
0000
0000
0000
,  // measure 2
0000
0000
0000
0000
,  // measure 3
0000
0000
0000
0000
,  // measure 4
0000
0000
0000
0000
,  // measure 5
0001
0000
0001
0000
0100
0000
0000
0000
0010
0000
1000
0100
1000
0000
0001
0000
,  // measure 6
0100
0010
1000
0000
0001
0000
0010
0100
1000
0001
0100
0010
1000
0000
0001
0000
,  // measure 7
0010
0100
1000
0000
0001
0000
0100
0000
0010
1000
0100
1000
0001
0000
0100
0010
,  // measure 8
0100
0000
0001
0000
1000
0100
0010
0001
1000
0100
0010
0001
0100
0000
1010
0000
,  // measure 9
0101
0000
0100
0000
1010
0000
0010
0000
1000
0100
0001
0100
1000
0000
0010
0000
,  // measure 10
0001
0100
0010
0000
1000
0100
1000
0001
0100
0010
1000
0100
0010
0001
0100
0000
,  // measure 11
0010
1000
0010
0100
0001
0000
1000
0100
1000
0000
0001
0000
0100
0010
1000
0100
,  // measure 12
1000
0000
0001
0100
0001
0100
0010
0000
1000
0100
1000
0001
1000
0100
0010
0001
,  // measure 13
0100
0000
1100
0000
0011
0000
0001
0100
1000
0000
0100
0001
0010
0100
1000
0001
,  // measure 14
0100
0000
1100
0000
0101
0000
0001
0100
0010
1000
0100
0010
0100
1000
0010
0100
,  // measure 15
0001
0000
1000
0100
0010
0100
0001
0100
1000
0010
0100
0001
1000
0010
0100
0000
,  // measure 16
0001
0100
0001
0100
0010
1000
0100
1000
0001
0000
0100
0010
1000
0001
0010
0000
,  // measure 17
1001
0000
0110
0000
0000
0000
0100
0001
0100
0010
1000
0100
1000
0001
0100
0010
1000
0000
1100
0000
0011
0000
0001
0100
0001
1000
0100
0010
0001
0100
0010
1000
,  // measure 18
0010
0000
1010
0000
0101
0000
0001
1000
0100
0000
1000
0010
0100
0001
1000
0100
1000
0001
0100
0010
1000
0000
0001
0100
0001
1000
0100
0010
0100
1000
0010
0100
,  // measure 19
0001
1000
0001
0100
0001
1000
0001
0100
0001
1000
0010
0000
1001
0000
1001
0000
,  // measure 20
1000
0100
1000
0001
1000
0100
1000
0010
0100
0000
1001
0000
0110
0000
1001
0000
,  // measure 21
0010
0100
2000
0000
0001
3000
0001
0000
1000
0010
0100
0001
1000
0100
0010
0001
,  // measure 22
0100
0000
0101
0000
1010
0000
1000
0001
1000
0100
0010
0001
0100
0010
1000
0010
,  // measure 23
0200
0000
0001
0300
0001
1000
0100
1000
0001
0100
0010
1000
0100
1000
0001
0100
,  // measure 24
0010
1000
0100
1000
0001
0000
1000
0100
1000
0000
0001
0100
0010
1000
0100
1000
,  // measure 25
0001
0100
0010
0100
0001
0010
0001
0100
0010
0000
1000
0100
1000
0100
1000
0100
,  // measure 26
0010
0001
0100
0001
1000
0000
0010
0100
0001
1000
0100
1000
0001
0100
0010
1000
,  // measure 27
0100
0000
1100
0000
0011
0000
0001
0010
0100
0010
0001
0010
0100
0000
1000
0010
,  // measure 28
0100
0000
0001
0100
1000
0100
0001
0100
1000
0100
0010
1000
0100
0000
1100
0000
,  // measure 29
0011
0000
0001
0100
0001
1000
0100
1000
0001
0010
0100
1000
0010
0000
0100
0010
,  // measure 30
0100
0000
0001
1000
0001
0100
0010
1000
0001
0010
0100
1000
0001
0010
0100
1000
,  // measure 31
0010
0000
1010
0000
0101
0000
1000
0100
1000
0000
0001
0100
0010
1000
0100
0001
,  // measure 32
0100
0000
1000
0010
0100
0001
0100
0010
1000
0100
1000
0001
0100
0010
1000
0010
,  // measure 33
0100
0000
0001
0100
1000
0000
0100
0001
0010
0100
1000
0001
0100
1000
0100
0001
,  // measure 34
1000
0000
0110
0000
0001
0010
0001
0010
0001
0000
1010
0000
0101
0000
1010
0000
,  // measure 35
0001
0100
0010
0100
0001
0000
1010
0000
1000
0100
0010
0100
1000
0000
0011
0000
,  // measure 36
1001
0000
1000
0010
0000
0100
0001
1000
0100
1000
0001
0100
0010
0000
1010
0000
,  // measure 37
0101
0000
1000
0010
0100
0000
0001
0010
0100
0010
0100
0000
1000
0001
0100
0010
,  // measure 38
1000
0000
0001
0010
0000
0100
1000
0001
0100
0001
0010
0100
0010
0000
0011
0000
,  // measure 39
1100
0000
0100
0000
1010
0000
1000
0010
0100
0001
1000
0000
0001
1000
0100
0010
,  // measure 40
0100
0000
1001
0000
0010
0100
0001
1000
0100
0010
0001
0100
0001
0000
1010
0000
,  // measure 41
0101
0000
1000
0010
0000
0100
0001
1000
0100
0010
0100
1000
0010
0000
0100
0000
,  // measure 42
1001
0000
0001
0101
0000
0100
0110
0000
0010
1010
0000
1000
1001
0000
0110
0000
,  // measure 43
1001
0000
0100
0001
1000
0000
0001
0100
0001
0100
0001
0100
0010
1000
0001
1000
,  // measure 44
0100
0000
0010
0001
0010
0001
0100
0010
1000
0000
1010
0000
0001
0100
0010
0100
,  // measure 45
0001
0000
1000
0100
1000
0100
1000
0100
0010
0001
0100
0010
1000
0000
0001
0100
,  // measure 46
0010
0000
1000
0010
0000
0100
0001
1000
0100
1000
0001
0100
0010
0000
1010
0000
,  // measure 47
0101
0000
1000
0100
0010
0000
0100
1000
0001
0100
0010
1000
0100
0000
1000
0010
,  // measure 48
0100
0001
1000
0100
1000
0010
0100
0001
0100
0001
1000
0100
1000
0010
0100
0001
,  // measure 49
1000
0100
1000
0100
0010
0001
0010
0001
0100
0010
0100
0010
1000
0001
1000
0000
,  // measure 50
0110
0100
0010
0000
1001
1000
0001
0000
0110
0010
0100
0000
1001
0001
1000
0000
,  // measure 51
0110
0000
0100
0010
1000
0000
0100
1000
0100
1000
0100
1000
0010
0100
0001
0010
,  // measure 52
0100
0000
1000
0001
0100
0010
0100
0000
0001
1000
0100
1000
0010
0100
0001
1000
,  // measure 53
0010
0100
0010
0100
0001
0010
0100
1000
0010
1000
0001
0000
0010
0100
1000
0001
,  // measure 54
0100
0000
0010
1000
0000
0100
0010
0000
0110
0100
0010
0000
0101
0000
1010
0000
,  // measure 55
1001
0000
0100
0000
0010
0000
1000
0000
0001
0000
0100
0000
0010
0000
1000
0000
0001
0000
1000
0000
0100
0000
0010
0000
0001
0000
0100
0000
0001
0000
1000
0000
0100
0000
0010
0000
0100
0000
1000
0000
0001
0000
0100
0000
0010
0000
1000
0000
0100
0000
1000
0000
0001
0000
0100
0000
0010
0100
0010
0000
0100
0010
0100
0000
,  // measure 56
2002
0000
0000
0000
0000
0000
0000
0000
0000
0000
3003
0000
1010
0000
0100
0001
0011
0000
1100
1000
0000
0001
0100
0001
1000
0000
0100
0010
0001
0100
0010
0000
,  // measure 57
2002
0000
0000
0000
0000
0000
0000
0000
0000
0000
3003
0000
1010
0000
0100
0001
0011
0000
0100
1000
0100
0010
0101
0000
0010
1000
0100
0000
1000
0001
0100
0010
,  // measure 58
2002
0000
0000
0000
0000
0000
0000
0000
0000
0000
3003
0000
1010
0000
0100
0001
0101
0000
0000
0000
1100
0001
0000
0000
0101
1000
0000
0010
0200
0000
0000
0300
,  // measure 59
0001
0100
0010
0001
1000
0000
0001
0100
0001
1000
0100
0010
0100
0000
1001
0000
,  // measure 60
0100
0001
0100
0010
1000
0000
1100
0000
0100
0010
0001
0100
0001
1000
0100
0000
,  // measure 61
0110
0000
0001
1000
0001
1000
0010
0100
0001
0000
1000
0100
1000
0001
0100
0010
,  // measure 62
1000
0100
1000
0001
0100
0010
0100
0000
0001
0100
0010
1000
0001
0100
0010
1000
,  // measure 63
0001
0100
0001
1000
0100
0000
0010
0001
0100
0001
1000
0100
0010
0000
0011
0000
,  // measure 64
1100
0000
1000
0100
0010
0001
0100
0001
1000
0010
0100
0001
1000
0100
0010
0000
,  // measure 65
0001
0010
0100
0010
0001
0010
1000
0010
0001
0010
0100
0010
0001
0100
1000
0100
,  // measure 66
0001
0100
0010
0100
0001
0100
1000
0100
0001
0100
0010
0100
0001
1000
0100
0000
,  // measure 67
0011
0000
0100
1000
0010
0000
0001
0100
0001
0100
0010
1000
0100
0001
0100
1000
,  // measure 68
0020
0000
0100
0030
1000
0000
0001
0100
0001
1000
0100
0010
0001
0100
0001
0000
,  // measure 69
1000
0100
1000
0100
0010
0000
0001
0100
1000
0100
0001
1000
0010
0000
0101
0000
,  // measure 70
1010
0000
1000
0100
1000
0000
0001
0100
0010
1000
0100
0001
0100
0000
1000
0010
,  // measure 71
0100
0000
0001
0100
0010
0000
1000
0100
1000
0001
0100
0000
0001
1000
0100
0000
,  // measure 72
0010
0001
0100
0010
1000
0000
0001
0100
0001
0000
1000
0010
0100
0001
1000
0100
,  // measure 73
0010
0000
0001
0010
0100
0000
0001
0100
1000
0000
0010
0100
0001
1000
0100
0000
,  // measure 74
0010
0001
0100
0000
1000
0010
0100
0001
1000
0000
0100
1000
0001
0000
0010
0100
,  // measure 75
1000
0001
0100
0000
0001
1000
0100
0000
1000
0010
0100
0001
1000
0100
0010
0100
,  // measure 76
1000
0000
0001
0100
0010
0000
1000
0100
0010
0100
1000
0000
0001
0100
0010
1000
,  // measure 77
0100
1000
0001
0000
1000
0010
0100
0001
1000
0010
0100
0001
1000
0000
0100
1000
,  // measure 78
0001
0100
0010
0000
1010
0000
0101
0000
1000
0100
0010
0000
0001
0010
0001
0010
,  // measure 79
0100
0000
1000
0100
0010
0000
0001
0100
0010
0000
1000
0010
0100
0001
1000
0000
,  // measure 80
0001
0010
0100
0000
1000
0010
0100
0000
0001
1000
0100
0010
0100
0000
0011
0000
,  // measure 81
1100
0000
1000
0100
1000
0000
0100
0010
0100
0000
0001
0010
0001
0000
1010
0000
,  // measure 82
0001
0100
0000
0100
0010
0000
1010
0000
1000
0010
0100
0001
0010
0000
0110
0000
,  // measure 83
0001
0100
0010
1000
0001
1000
0100
0010
0001
0000
0100
0010
0000
0010
1000
0000
,  // measure 84
0010
0000
0100
0001
0000
1000
0100
1000
0001
0100
0010
1000
0001
0100
0010
1000
;
