#TITLE:Mind Parasite;
#SUBTITLE:;
#ARTIST:TOMOSUKE;
#TITLETRANSLIT:;
#SUBTITLETRANSLIT:;
#ARTISTTRANSLIT:;
#CREDIT:;
#BANNER:mindparasite-banner.png;
#BACKGROUND:mindparasite-bg.png;
#LYRICSPATH:;
#CDTITLE:!cynicTitle.png;
#MUSIC:TOMOSUKE - Mind Parasite.mp3;
#OFFSET:-0.395;
#SAMPLESTART:41.774;
#SAMPLELENGTH:12.000;
#SELECTABLE:YES;
#BPMS:0.000=145.000;
#STOPS:;
#BGCHANGES:;
// cache tags:
#FIRSTBEAT:16.000;
#LASTBEAT:194.188;
#SONGFILENAME:Songs/All Songs/mindparasite/mindparasite.sm;
#HASMUSIC:1;
#HASBANNER:1;
#MUSICLENGTH:83.180;
// end cache tags

//---------------dance-single - ----------------
#NOTES:
     dance-single:
     :
     Hard:
     11:
     1.000,1.000,1.000,1.000,1.000,512.000,117.000,92.000,0.000,0.000:  // measure 1
0000
0000
0000
0000
,  // measure 2
0000
0000
0000
0000
,  // measure 3
0000
0000
0000
0000
,  // measure 4
0000
0000
0000
0000
,  // measure 5
0100
0010
0000
0002
0000
0000
0000
0003
0100
0010
0000
2000
0000
0000
0000
3000
,  // measure 6
0001
1000
0000
0200
0000
0000
0000
0300
1000
0001
0000
0020
0000
0000
0000
0030
,  // measure 7
0001
0010
0000
2200
0000
0000
0000
3300
0100
1000
0000
2020
0000
0000
0000
3030
,  // measure 8
0010
1000
0000
0202
0000
0000
0000
0303
0001
0100
0000
0010
1000
0010
0100
0001
,  // measure 9
1000
0010
1000
0010
1000
0001
0000
0100
0001
0100
0000
0001
0010
0100
1000
0010
,  // measure 10
0100
0001
0100
0001
1000
0001
0000
0010
1000
0010
0000
1000
0010
0100
0001
1000
,  // measure 11
0001
1000
0010
1000
0001
1000
0000
0001
1000
0100
0000
1000
0100
0010
0001
1000
,  // measure 12
0010
1000
0010
0100
0010
1000
0000
0100
1000
0100
0000
0001
0010
0100
1000
0010
,  // measure 13
0100
0001
1000
0001
0010
0001
0000
0010
0100
1000
0000
1000
0010
0100
0001
1000
,  // measure 14
0100
1000
0001
1000
0010
1000
0000
0010
0100
0001
0000
0001
0100
0010
1000
0001
,  // measure 15
0001
0010
0100
1000
0001
0010
0000
0100
1000
0100
0000
1000
0100
0010
0001
1000
,  // measure 16
0010
1000
0001
0100
0010
1000
0000
0100
0001
0100
0000
0001
0100
0010
1000
0001
,  // measure 17
1001
0000
0010
1000
0000
0001
0100
0000
0001
1000
0010
1000
0000
0100
1000
0000
,  // measure 18
0011
0000
0100
1000
0000
0001
0100
0000
0010
1000
0001
1000
0000
0001
0100
0000
,  // measure 19
1100
0000
0001
0010
0000
0100
1000
0000
0100
1000
0010
1000
0000
0001
0100
0000
,  // measure 20
1010
0000
0001
0100
0000
0010
1000
0000
0001
1000
0100
1000
0000
0010
1000
0000
,  // measure 21
0101
0000
0010
1000
0000
0001
0100
0000
0010
1000
0001
1000
0000
0100
1000
0000
,  // measure 22
0110
0000
0001
1000
0000
0010
0100
0000
0010
1000
0001
0100
0000
0001
1000
0000
,  // measure 23
0220
0000
0000
0330
1000
0000
0002
0000
0000
0003
0100
0000
0020
0000
0000
0030
1000
0000
0010
0000
0100
0000
0002
0000
0000
0003
1000
0000
0200
0000
0000
0300
,  // measure 24
2002
0000
0000
3003
0100
0000
0020
0000
0000
0030
1000
0000
0002
0000
0000
0003
0100
0000
0001
0000
1000
0000
0020
0000
0000
0030
1000
0000
0002
0000
0000
0003
,  // measure 25
0200
0000
0300
0002
0000
0003
2000
0000
3000
0020
0000
0030
1000
0100
0010
0001
,  // measure 26
0100
0010
1000
0100
0010
0001
0100
0010
1000
0010
1000
0001
0010
0100
2000
3000
,  // measure 27
0200
0000
0300
2000
0000
3000
0002
0000
0003
0020
0000
0030
0001
1000
0100
0010
,  // measure 28
0001
0100
0010
1000
0100
0010
0001
0100
0010
1000
0010
0100
0001
0010
0200
0300
,  // measure 29
0220
0000
0330
2002
0000
3003
2020
0000
3030
0202
0000
0303
0001
0100
0010
1000
,  // measure 30
0100
0010
0001
0100
0010
1000
0010
1000
0100
0010
0001
0010
0100
1000
0020
0030
,  // measure 31
0220
0000
0330
2002
0000
3003
0022
0000
0033
2200
0000
3300
1000
0100
0010
0001
,  // measure 32
0100
0010
1000
0100
0010
0001
0010
0001
0100
0010
1000
0010
0100
0001
0010
0100
,  // measure 33
1000
0100
0000
0010
0001
0000
0100
0001
0000
1000
0010
0000
1000
0000
0001
0100
,  // measure 34
0001
1000
0000
0010
1000
0000
0001
0100
0000
0100
1000
0000
0001
0000
0010
1000
,  // measure 35
0001
0100
0000
0010
1000
0000
0100
1000
0000
0001
0010
0000
0001
0000
0001
1000
,  // measure 36
0100
1000
0000
0001
0010
0000
0001
0100
0000
0010
1000
0000
0100
0000
1000
0001
,  // measure 37
0010
0000
0002
0000
0000
0003
0010
0000
0002
0000
0000
0003
1000
0000
0200
0000
0000
0300
1000
0000
0200
0000
0000
0300
0020
0000
0000
0030
0001
0000
1000
0000
,  // measure 38
0010
0000
2000
0000
0000
3000
0010
0000
2000
0000
0000
3000
0001
0000
0200
0000
0000
0300
0001
0000
0200
0000
0000
0300
0002
0000
0000
0003
1000
0000
0100
0000
,  // measure 39
0010
0000
0200
0000
0000
0300
1000
0000
0002
0000
0000
0003
0100
0000
0020
0000
0000
0030
1000
0000
0002
0000
0000
0003
2000
0000
0000
3000
0100
0000
0010
0000
,  // measure 40
0001
0000
2000
0000
0000
3000
0100
0000
0020
0000
0000
0030
0001
0000
2000
0000
0000
3000
0010
0000
0200
0000
0000
0300
1000
0000
0001
0000
0100
0000
0001
0000
,  // measure 41
1010
1010
0000
0101
0101
0000
0011
0011
0000
1100
1100
0000
0110
0000
1001
1001
,  // measure 42
1100
1100
0000
0011
0011
0000
1010
1010
0000
0101
0101
0000
1001
0000
0110
0110
,  // measure 43
1001
1001
0000
0110
0110
0000
0101
0101
0000
1010
1010
0000
1100
0000
0011
0011
,  // measure 44
0110
0110
0000
1001
1001
0000
1100
1100
0000
0011
0011
0000
0101
0000
1010
1010
,  // measure 45
1100
0000
0202
0000
0000
0303
1010
0000
0022
0000
0000
0033
1100
0000
2020
0000
0000
3030
0101
0000
0022
0000
0000
0033
2002
0000
0000
3003
1100
0000
0101
0000
,  // measure 46
0011
0000
2020
0000
0000
3030
0101
0000
2200
0000
0000
3300
1010
0000
2200
0000
0000
3300
0011
0000
0202
0000
0000
0303
0220
0000
0000
0330
0101
0000
1100
0000
,  // measure 47
1010
0011
1100
0101
1010
1100
1010
1100
0011
0101
0011
0101
1100
0011
1010
1100
,  // measure 48
1010
0011
1100
0101
0011
0101
1100
0011
0101
0011
1100
0011
0101
1010
1100
0110
,  // measure 49
2000
0000
0000
0000
0000
0000
0000
0000
3200
0000
0000
0000
0000
0000
0000
0000
0320
0000
0000
0000
0000
0000
0000
0000
0032
0000
0000
0000
0000
0000
0000
0000
0000
0000
0000
0003
0000
0000
0000
0000
0000
0000
0000
0000
0000
0000
0000
0000
0000
0000
0000
0000
0000
0000
0000
0000
0000
0000
0000
0000
0000
0000
0000
0000
;
