#TITLE:Drivin';
#SUBTITLE:;
#ARTIST:NAOKI feat. Paula Terry;
#TITLETRANSLIT:;
#SUBTITLETRANSLIT:;
#ARTISTTRANSLIT:;
#CREDIT:;
#BANNER:Drivin-bn.png;
#BACKGROUND:drivin-bg.png;
#LYRICSPATH:;
#CDTITLE:!dan23title.png;
#MUSIC:Drivin'.mp3;
#OFFSET:-2.140;
#SAMPLESTART:38.900;
#SAMPLELENGTH:12.980;
#SELECTABLE:YES;
#BPMS:0.000=155.000;
#STOPS:;
#BGCHANGES:;
// cache tags:
#FIRSTBEAT:0.000;
#LASTBEAT:238.000;
#SONGFILENAME:Songs/All Songs/Dan23 - Drivin'/drivin.sm;
#HASMUSIC:1;
#HASBANNER:1;
#MUSICLENGTH:97.209;
// end cache tags

//---------------dance-single - ----------------
#NOTES:
     dance-single:
     :
     Hard:
     10:
     0.880,0.979,0.494,0.062,0.674,545.000,48.000,6.000,0.000,1.000:  // measure 1
1000
0100
0010
0100
1000
0000
0001
0100
0010
0100
0001
0000
0010
0100
0010
0100
,  // measure 2
0010
0000
0000
0000
1100
0000
0000
0000
0001
0100
0010
1000
0001
1000
0001
0100
,  // measure 3
0010
0100
0010
0100
0010
0000
0001
1000
0001
1000
0001
0000
0000
0000
1100
0000
,  // measure 4
0001
0000
0100
0000
0010
0000
1000
0000
0100
0010
0001
0010
0100
1000
0010
0100
,  // measure 5
0001
1000
0001
1000
0001
0000
0010
0100
0010
0100
0010
0000
0001
1000
0001
1000
,  // measure 6
0001
0000
0200
0000
0000
0000
0010
0300
1000
0010
0100
0001
0010
0100
1000
0100
,  // measure 7
0010
0000
1000
0000
0010
0000
0100
0001
0000
0010
1000
0000
0100
0001
0000
0010
,  // measure 8
2000
0000
0000
0000
3011
1100
0000
0000
,  // measure 9
0001
0100
0010
1000
0000
0001
0001
0001
,  // measure 10
0000
1000
0010
0100
0000
0001
1000
0010
,  // measure 11
0100
0000
0001
0100
0000
0010
1000
0100
,  // measure 12
0000
0001
1000
0001
0000
1000
0010
0100
,  // measure 13
0001
0001
0000
1000
0000
0010
0100
0001
,  // measure 14
1000
0000
1000
0000
0000
0000
0010
0000
0000
0000
0100
0000
0001
0000
0010
0100
,  // measure 15
0001
0000
1000
0110
0000
0001
1000
0010
,  // measure 16
0100
0000
0001
0000
1000
0000
0010
0100
0001
0010
0100
1000
0010
0100
0001
1000
,  // measure 17
0001
1000
0100
0010
0001
0100
1000
0100
,  // measure 18
0110
0001
0100
0010
1000
0010
0100
0001
,  // measure 19
1010
0100
0001
0010
0100
1000
0010
0100
,  // measure 20
0011
1000
0010
0100
0001
0010
0100
1000
,  // measure 21
0101
0000
0010
0000
0100
0000
1000
0000
0010
0000
0100
0000
0001
0000
1000
0010
,  // measure 22
0100
0001
0100
0010
0001
0010
0100
1000
,  // measure 23
0011
0100
0010
0001
0010
0100
1000
0010
,  // measure 24
1100
1100
0000
0101
0000
0110
0000
1100
,  // measure 25
0001
0000
0010
0000
0100
0000
1000
0000
0000
0000
0001
0010
0001
0010
0001
0000
,  // measure 26
0000
0000
1000
0010
0100
0000
0000
0000
1001
0000
0100
0000
0011
0000
0100
0000
,  // measure 27
1010
0100
0001
0010
0100
1000
0010
0100
,  // measure 28
0001
0010
1100
0000
0011
0000
0110
1000
,  // measure 29
0011
0000
1000
0000
0010
0000
0100
0000
0000
0000
0001
1000
0001
1000
0001
0000
,  // measure 30
0000
0010
1100
0000
0101
0010
1100
0100
,  // measure 31
0011
0000
1000
0010
0000
0100
0001
0010
,  // measure 32
0100
0001
0100
0001
0100
0000
0010
1000
0010
1000
0010
0000
0001
1000
0001
1000
,  // measure 33
0001
0000
0000
0000
0110
0000
0000
0000
0000
0000
0001
1000
0001
1000
0001
0000
,  // measure 34
0000
1100
0011
0000
0000
0110
0220
0330
,  // measure 35
1000
0010
0100
0001
0010
0000
0100
1000
0100
0010
0001
0000
1000
0010
0100
0001
,  // measure 36
0010
0100
1000
0010
0100
0000
0001
1000
0010
0100
0001
0000
1000
0100
0010
0100
,  // measure 37
1000
0001
0100
0010
0001
0000
1000
0010
0100
0001
0010
0000
0100
1000
0010
0100
,  // measure 38
0001
1000
0010
0100
0001
0100
0010
1000
0001
1000
0010
1000
0001
0100
0010
1000
,  // measure 39
0100
0010
0100
1000
0100
0010
0001
0010
0100
1000
0100
1000
0100
0000
0000
0000
,  // measure 40
1000
0010
0100
0001
1000
0010
0100
0001
1000
0010
1000
0010
1000
0000
0000
0000
,  // measure 41
0001
1000
0010
0100
0001
1000
0010
0100
0001
0100
0010
0100
0001
1000
0100
0010
,  // measure 42
0100
1000
0010
0100
0001
1000
0010
0100
0001
0010
0100
1000
0010
0000
1000
0000
,  // measure 43
0011
0000
0000
0000
1000
0000
1000
0000
0000
0000
0001
1000
0001
1000
0001
0000
,  // measure 44
0000
0000
0100
0001
0100
0010
1000
0000
0001
0100
0010
1000
0100
0000
0000
0000
,  // measure 45
0001
1000
0010
0100
0001
1000
0001
0100
,  // measure 46
0010
0100
1100
0000
0011
0000
1100
0001
,  // measure 47
0110
1000
0010
0100
0001
0010
0100
1000
,  // measure 48
0011
0000
1000
0100
0010
0001
0010
0000
0100
1000
0100
0010
0001
0000
0000
0000
,  // measure 49
1100
0001
0100
0010
1000
0010
0100
0001
,  // measure 50
0001
0010
1100
0010
0101
0010
1100
0010
,  // measure 51
0100
0000
1000
0000
0010
0000
0100
0000
0000
0000
0001
0010
0001
0010
0001
0000
,  // measure 52
0000
1000
0001
0100
0010
0001
0010
0100
,  // measure 53
1000
0010
0100
0001
0010
0100
1000
0001
,  // measure 54
0100
0010
1100
0001
0110
1000
0011
0100
,  // measure 55
1010
0000
0100
0000
0010
0000
0100
0000
0000
0000
0001
0100
0001
0100
0001
0000
,  // measure 56
0000
0000
1000
0000
0010
0000
0100
0000
0001
0000
0010
0000
0100
1000
0100
0010
,  // measure 57
0001
0000
0000
0000
1000
0010
0100
0000
0000
0000
0001
0000
1000
0000
0010
0000
,  // measure 58
0100
0001
0100
0001
0100
0000
0010
1000
0010
1000
0010
0000
0101
0000
1100
0000
,  // measure 59
0001
0100
0010
1000
0001
0000
1000
0100
0010
0100
1000
0000
0001
0010
0100
1000
,  // measure 60
0202
0000
0303
0000
;
