#TITLE:Power Book Fiend;
#SUBTITLE:;
#ARTIST:Kid 606;
#TITLETRANSLIT:;
#SUBTITLETRANSLIT:;
#ARTISTTRANSLIT:;
#CREDIT:;
#BANNER:Powerbook Fiend - banner.png;
#BACKGROUND:Powerbook Fiend - bg.png;
#LYRICSPATH:;
#CDTITLE:!cdtitle.jpg;
#MUSIC:PowerBookFiend.mp3;
#OFFSET:-4.233;
#SAMPLESTART:24.940;
#SAMPLELENGTH:12.000;
#SELECTABLE:YES;
#BPMS:0.000=220.000;
#STOPS:;
#BGCHANGES:;
// cache tags:
#FIRSTBEAT:0.000;
#LASTBEAT:510.000;
#SONGFILENAME:Songs/All Songs/DanTheMan - Power Book Fiend/PowerBookFiend.sm;
#HASMUSIC:1;
#HASBANNER:1;
#MUSICLENGTH:143.830;
// end cache tags

//---------------dance-single - ----------------
#NOTES:
     dance-single:
     :
     Hard:
     12:
     1.000,1.000,0.487,0.313,1.000,1170.000,70.000,45.000,0.000,0.000:  // measure 1
1000
0010
1000
0010
1000
0010
1000
0010
,  // measure 2
1000
0000
0010
0000
1000
0000
0010
0000
1000
0000
0010
0000
1000
0100
0010
0001
,  // measure 3
1000
0010
1000
0010
1000
0010
1000
0010
,  // measure 4
1000
1000
1000
1000
0002
0000
0000
0000
,  // measure 5
1003
0000
0000
0000
1000
0000
0000
0000
1000
0000
0000
0000
1000
0000
0000
0000
1000
0000
0000
0000
1000
0000
0000
0000
1000
0000
0000
0000
1000
0100
0010
0001
,  // measure 6
1000
0000
1000
0000
1000
0000
1000
0000
1000
0100
1000
0100
1000
0000
0010
0000
,  // measure 7
1000
0000
0000
0000
0000
0000
1000
0000
0000
0000
0000
0000
1000
0000
0000
0000
0000
0000
1000
0000
0000
0000
0000
0000
1000
0000
0000
0100
0000
0000
0010
0000
0000
0001
0000
0000
1000
0000
0000
0100
0000
0000
0010
0000
0001
0000
1000
0000
,  // measure 8
0010
0010
0010
0010
1000
0001
1000
0001
,  // measure 9
1000
0010
1000
0010
1000
0010
1000
0010
,  // measure 10
1000
0000
0010
0000
1000
0000
0010
0000
1000
0000
0010
0000
1000
0100
0010
0001
,  // measure 11
1000
0010
1000
0010
1000
0010
1000
0010
,  // measure 12
1000
1000
1000
1000
0002
0000
0000
0000
,  // measure 13
1003
0000
0010
0000
1000
0000
0010
0000
1000
0000
0010
0000
0100
0001
0100
0001
,  // measure 14
1000
0000
0010
0000
1000
0000
0010
0000
1000
0000
0010
0000
0100
0001
0100
0001
,  // measure 15
1000
0000
0010
0000
1000
0000
0010
0000
1000
0000
0010
0000
0100
0001
0100
0001
,  // measure 16
1000
0000
1000
0000
1000
0000
1000
0000
0020
0000
0030
0100
0010
0100
0010
1000
,  // measure 17
0101
0001
0101
0001
0101
0001
0101
0001
,  // measure 18
0101
0000
0001
0000
0101
0000
0001
0000
0101
0000
0001
0000
0001
0010
0100
1000
,  // measure 19
0100
0000
0000
0000
0000
0000
0000
0000
0200
0000
0000
0000
0000
0000
0000
0300
1001
0000
0000
0000
0000
0000
0000
0000
0200
0000
0000
0000
0000
0000
0000
0300
1001
0000
0000
0000
0000
0000
0000
0000
0200
0000
0000
0000
0000
0000
0000
0300
1001
0000
0000
0000
0000
0000
0000
0000
0200
0000
0000
0000
0000
0000
0000
0300
,  // measure 20
0001
0000
0001
0000
0001
0000
0001
0000
2000
3100
0010
0001
2000
3100
0010
0001
,  // measure 21
1000
0000
0010
1000
0100
0000
0100
0010
0001
0010
0100
0000
1000
0100
1000
0000
,  // measure 22
0010
0000
0100
0001
0010
0000
0010
0100
1000
0100
0010
0000
0001
0010
0001
0000
,  // measure 23
1000
0000
1000
0010
0100
0000
0100
0010
1000
0010
0100
0000
0001
0010
0001
0000
,  // measure 24
1000
0000
1000
0000
0010
0000
0010
0100
0001
0100
0010
0000
1000
0100
1000
0000
,  // measure 25
0010
0000
1000
0200
0310
0000
0010
0001
0100
0001
0010
0000
0100
1000
0100
0000
,  // measure 26
0100
0000
0001
0010
0100
0000
0100
1000
0010
1000
0100
0000
0010
0001
0010
0000
,  // measure 27
1000
0000
0010
0100
0001
0000
0001
1000
0010
1000
0001
0000
0100
0010
0100
0000
,  // measure 28
0001
0000
0010
0100
1000
0000
1000
0001
0100
0001
1000
0000
0010
0100
0010
0000
,  // measure 29
1000
0000
0000
0000
0010
0000
0010
1000
0001
1000
0010
0000
1000
0001
1000
0000
,  // measure 30
0001
0000
1000
0010
0100
0000
0100
0001
1000
0001
0100
0000
0001
1000
0001
0000
,  // measure 31
1000
0000
0100
0010
0001
0000
0001
0010
0100
0010
0001
0000
1000
0100
1000
0000
,  // measure 32
0001
0000
0010
0100
1000
0000
1000
0100
0011
0000
0011
0000
0011
0000
0000
0000
,  // measure 33
1000
0000
1000
0000
1000
0000
1000
0000
0100
0000
0100
0000
0100
0010
0001
1000
,  // measure 34
0100
0000
0100
0000
0100
0000
0100
0000
0010
0000
0010
0000
0010
0001
1000
0100
,  // measure 35
0010
0000
0010
0000
0010
0000
0010
0000
0001
0000
0001
0000
0001
1000
0100
0010
,  // measure 36
0001
0000
0001
0000
0001
0000
0001
0000
1000
0000
1000
0000
1000
0100
0010
0001
,  // measure 37
2000
0000
0000
3000
2000
0000
0000
3000
0002
0000
0000
0003
0002
0000
0000
0003
,  // measure 38
0200
0000
0000
0300
0200
0000
0000
0300
0020
0000
0000
0030
0020
0000
0000
0030
,  // measure 39
2000
0000
0000
3002
0000
0000
0023
0000
0000
0230
0000
0000
2300
0000
0000
0000
0000
0000
0000
0000
0000
3000
0000
0000
0100
0000
0000
0000
0001
0000
0000
0000
1000
0000
0000
0000
0010
0000
0000
0000
1000
0000
0000
0000
0100
0000
0000
0000
,  // measure 40
1000
0001
1000
0001
0100
0010
0100
0100
,  // measure 41
1001
0000
1000
0100
0010
0000
0001
0100
0010
0100
0001
0000
0010
0100
0010
0000
,  // measure 42
1000
0000
0100
0000
1000
0000
0000
0000
0100
0010
0001
1000
0100
0000
0000
0000
0000
0000
0000
0000
0010
0000
0000
0000
0001
0000
1000
0000
0001
0000
0000
0000
,  // measure 43
1000
0000
0100
0000
0010
0000
0001
0100
0010
0100
0001
0000
1000
0100
1000
0000
,  // measure 44
0100
0000
0000
0000
0000
0000
0100
0000
0000
0000
0000
0000
0100
0000
0000
0000
0000
0000
0100
0000
0000
0000
0000
0000
0100
0000
0000
0010
0000
0000
0001
0000
0000
1000
0000
0000
0010
0000
0000
0100
0000
0000
0001
0000
0010
0000
0100
0000
,  // measure 45
1000
0000
0010
1000
0000
1000
0010
0000
,  // measure 46
1000
0000
0010
1000
0000
1000
0010
0000
,  // measure 47
1000
0000
0010
1000
0000
1000
0010
0000
,  // measure 48
1000
0000
0010
1000
0000
1000
0010
0000
,  // measure 49
1000
0000
0010
1000
0000
1000
0010
0000
,  // measure 50
1000
0000
0100
0010
0001
0000
0001
0010
0100
0010
0001
0000
0001
1000
0001
0010
,  // measure 51
1100
0000
0110
0000
1100
1100
0010
1100
,  // measure 52
1000
0000
0010
1000
0000
1000
0010
0000
,  // measure 53
1100
0000
0110
0000
1100
1100
0010
1100
,  // measure 54
1000
0000
0010
1000
0000
1000
0010
0000
,  // measure 55
1000
0000
0001
0100
0010
0000
1000
0001
0100
0001
1000
0000
0100
0010
0100
0000
,  // measure 56
1000
0000
1000
0000
0010
0000
0010
0000
0100
0001
0010
0100
1000
0000
0100
0000
,  // measure 57
1000
0000
0010
1000
0000
1000
0010
0000
,  // measure 58
1000
0000
0001
0100
0010
0000
1000
0100
0010
0100
1000
0000
0010
0100
0010
0000
,  // measure 59
1100
0000
0110
0000
1100
1100
0010
1100
,  // measure 60
1000
0000
0010
1000
0000
1000
0010
0000
,  // measure 61
1100
0000
0110
0000
1100
1100
0000
1100
,  // measure 62
1100
0000
1100
0000
0110
0000
0110
0000
1100
0010
0001
0010
0100
0000
1100
0000
,  // measure 63
1100
0000
0110
1100
0000
1100
0110
0000
,  // measure 64
1100
0000
0110
1100
0000
1100
0110
0000
,  // measure 65
1100
0000
0110
1100
0000
1100
0110
0000
,  // measure 66
1100
0000
0110
1100
0000
1100
0110
0000
,  // measure 67
2100
3000
0110
1100
0000
1100
0110
0000
,  // measure 68
1200
0300
0110
1100
0000
1100
0110
0000
,  // measure 69
0001
0001
0001
0001
,  // measure 70
0001
0001
0010
0000
,  // measure 71
0100
0010
0001
0010
0100
0000
1000
0010
0100
0010
1000
0000
0001
1000
0010
1000
,  // measure 72
0002
0000
0000
0000
0103
0000
0010
1000
0100
1000
0010
0000
1000
0100
0010
0100
,  // measure 73
1000
0000
0000
0001
0000
0000
1000
0000
0000
0001
0000
0000
1000
0000
0000
0000
0000
0000
0010
0000
0000
0100
0000
0000
0001
0000
0000
0100
0000
0000
0010
0000
1000
0000
0100
0000
0010
0000
0001
0000
1000
0000
0010
0000
0100
0000
0001
0000
,  // measure 74
1000
0100
1000
0100
1000
0000
0100
0010
0001
0010
0100
0000
1000
0000
1000
0000
,  // measure 75
0020
0000
0000
0000
0000
0000
0000
0000
0000
0000
0000
0000
0130
0000
0000
0000
0000
0000
0001
0000
0000
0000
0010
0000
0100
0000
1000
0000
0001
0000
0010
0000
0000
0100
0000
0000
0010
0000
0000
0100
0000
0000
0000
0000
0000
0100
0000
0000
,  // measure 76
1000
0000
0000
0000
1000
0000
0000
0000
1000
0000
0000
0000
0010
0000
0000
0000
0000
0000
0100
0000
0001
0000
1000
0000
0010
0000
0100
0000
0001
0000
1000
0000
0000
0000
0000
0000
1000
0000
0000
0100
0000
0000
1000
0000
0000
0000
0000
0000
,  // measure 77
0100
0000
0000
0000
0100
0000
0000
0000
0100
0000
0000
0000
0100
0000
0000
0010
0000
0000
0100
0000
0000
0010
0000
0000
0002
0000
0000
0000
0000
0000
0000
0000
0000
0000
0000
0000
0020
0000
0000
0000
0000
0000
0003
0000
0000
0000
0000
0000
,  // measure 78
0000
0000
0000
0000
0000
0000
0000
0000
0000
0200
0000
0000
0030
0000
0000
0000
0000
0000
2000
0000
0000
0000
0000
0000
0300
0000
0000
0000
0000
0000
0000
0000
0000
0000
0000
0000
3200
0000
0000
0000
0320
0000
0000
0000
0032
0000
0000
0000
,  // measure 79
1003
0000
0100
0000
0010
0000
0100
0000
1000
0000
0100
0000
0010
0001
1000
0010
,  // measure 80
0100
0000
0001
0000
0010
0000
0001
0000
0100
0000
0001
0000
0010
0100
1000
0010
,  // measure 81
0100
0000
0010
0000
1000
0000
0010
0000
0100
0000
0010
0000
1000
0001
0010
0100
,  // measure 82
0010
1000
0010
1000
0010
0000
0100
0000
0100
0000
0100
0000
0100
0000
0000
0000
,  // measure 83
0001
0010
0100
0010
0001
0000
0001
1000
0010
0100
0001
0000
0100
0010
0100
0000
,  // measure 84
0001
1000
0100
1000
0001
0000
0100
0010
1000
0001
0010
0000
0100
1000
0100
0000
,  // measure 85
0010
0001
1000
0001
0010
0000
0100
1000
0010
0100
0001
0000
1000
0010
1000
0000
,  // measure 86
0200
0000
0302
0000
,  // measure 87
1003
0010
1000
0010
1000
0000
0010
0000
1000
0000
0010
0000
1000
0000
0000
0000
,  // measure 88
0200
0000
2300
3010
,  // measure 89
1000
0000
0100
0010
0001
0000
0001
1000
0100
1000
0001
0000
1000
0010
1000
0000
,  // measure 90
0001
0000
0100
0010
0100
0000
0001
0010
0100
0010
0001
0000
1000
0100
1000
0000
,  // measure 91
0001
0010
0001
0010
0001
0010
0001
0010
0001
0010
0001
0010
0001
0010
0001
0010
,  // measure 92
0001
1000
0001
0000
0000
1000
0001
0000
0000
1000
0001
0000
0000
1000
0001
1000
,  // measure 93
0100
0000
0010
0001
1000
0000
1000
0010
0100
0010
1000
0000
0100
0010
0100
0000
,  // measure 94
0010
0000
1000
0001
0100
0000
0010
1000
0001
0000
0001
0000
0001
0000
0000
0000
,  // measure 95
0010
0000
0100
1000
0010
0000
0100
0001
1000
0001
0100
0000
0010
1000
0010
0000
,  // measure 96
0100
0000
0001
0010
0100
0000
1000
0100
0010
0100
1000
0000
0001
0100
0001
0000
,  // measure 97
0100
0000
0010
1000
0100
0000
0010
0001
0100
0001
0010
0000
0100
1000
0100
0000
,  // measure 98
0020
0000
0230
0000
,  // measure 99
1300
0010
1000
0010
1000
0000
0010
0000
1000
0000
0010
0000
1000
0000
0000
0000
,  // measure 100
0200
0000
0320
0000
,  // measure 101
0031
0000
1000
0001
0010
0000
0100
0010
0001
0010
0100
0000
1000
0001
1000
0000
,  // measure 102
0100
0000
0010
0001
1000
0000
0010
0100
0001
0100
0010
0000
1000
0100
1000
0000
,  // measure 103
0010
0000
0001
0010
0001
0000
0010
0001
0010
0000
0001
0010
0001
0000
0010
0001
,  // measure 104
0020
0000
0000
0000
0030
0010
0010
0010
,  // measure 105
0001
0000
0100
0000
0001
0000
0010
0100
1000
0100
0010
0000
0001
0000
1000
0010
,  // measure 106
0100
0000
0001
0000
0100
0000
0010
1000
0100
0010
0001
0000
1000
0000
0100
0010
,  // measure 107
0001
0000
0100
0000
0001
0000
0010
0001
1000
0001
0010
0000
0001
0000
1000
0010
,  // measure 108
0100
0000
0001
0000
0010
0000
0100
1000
0010
0100
0001
0000
1000
0000
0100
0010
,  // measure 109
0001
0000
0100
0000
0001
0000
1000
0100
0010
0100
1000
0000
0001
0000
0100
0010
,  // measure 110
1000
0000
0001
0000
1000
0000
0100
0010
0100
1000
0100
0000
0010
0000
0100
1000
,  // measure 111
0001
0000
0100
0000
0001
0000
0010
0100
1000
0100
0010
0000
0001
0000
0100
0010
,  // measure 112
1000
0000
0001
0000
0010
0000
0100
1000
0001
0100
0010
0000
1000
0000
0100
0010
,  // measure 113
0001
0000
0001
0010
0100
0000
1000
0010
0100
0010
1000
0000
0001
0010
0001
0000
,  // measure 114
0100
0000
0010
1000
0001
0000
0010
0100
1000
0100
0010
0000
0001
1000
0001
0000
,  // measure 115
1000
0000
0010
0100
0001
0000
0001
0010
0100
0010
0001
0000
1000
0010
1000
0000
,  // measure 116
0100
0100
0010
0100
0100
0010
0100
0000
,  // measure 117
1000
0000
0001
0010
0100
0000
1000
0001
0100
0001
1000
0000
0100
0010
0100
0000
,  // measure 118
0010
0000
0001
1000
0010
0000
0100
0001
0010
0001
0100
0000
0010
1000
0010
0000
,  // measure 119
1000
0000
0001
1000
0100
0000
0010
0100
1000
0100
0010
0000
0001
0100
0001
0000
,  // measure 120
1000
0100
0000
0000
0001
0010
0000
0000
,  // measure 121
0100
0000
1000
0010
0100
0000
0001
0010
0100
0010
0001
0000
1000
0100
1000
0000
,  // measure 122
0010
0000
0100
0001
1000
0000
0010
0100
0002
0000
0000
0000
0000
0000
0000
0000
,  // measure 123
1003
0000
0100
0010
0001
0000
0100
0010
1000
0010
0100
0000
0001
0010
0001
0000
,  // measure 124
0100
0000
0100
0000
0010
0000
0100
0000
0100
0000
0010
0000
0100
0001
0100
0001
,  // measure 125
1000
0000
0000
1000
1000
1000
1000
0000
,  // measure 126
0000
0000
0000
0100
0100
0100
0100
0000
,  // measure 127
0000
0000
0000
0010
0010
0010
0010
0000
,  // measure 128
0002
0000
0003
0000
;
