#TITLE:Ageha;
#SUBTITLE:;
#ARTIST:Ryu*;
#TITLETRANSLIT:;
#SUBTITLETRANSLIT:;
#ARTISTTRANSLIT:;
#CREDIT:;
#BANNER:ageha banner.png;
#BACKGROUND:ageha-bg.png;
#LYRICSPATH:;
#CDTITLE:!haydenTitle.png;
#MUSIC:Ageha.mp3;
#OFFSET:-1.442;
#SAMPLESTART:93.239;
#SAMPLELENGTH:12.000;
#SELECTABLE:YES;
#BPMS:0.000=180.000,32.000=90.000,49.000=180.000,183.000=90.000,212.000=180.000,292.000=360.000,296.000=180.000;
#STOPS:32.000=0.667
,113.000=0.167
,113.500=0.167
,114.000=0.167
,114.500=0.167
,183.000=2.000
;
#BGCHANGES:;
// cache tags:
#FIRSTBEAT:0.000;
#LASTBEAT:296.000;
#SONGFILENAME:Songs/All Songs/Hayden - Ageha/ageha.sm;
#HASMUSIC:1;
#HASBANNER:1;
#MUSICLENGTH:120.183;
// end cache tags

//---------------dance-single - ----------------
#NOTES:
     dance-single:
     :
     Hard:
     11:
     1.000,1.000,1.000,0.025,0.628,655.000,264.000,3.000,0.000,0.000:  // measure 1
1001
0100
1010
0100
1001
0101
1000
0110
,  // measure 2
0001
1100
0001
1010
0101
0000
1001
0000
,  // measure 3
0011
0101
0110
1010
1100
0000
1100
1010
,  // measure 4
0110
0101
0011
0000
0011
0110
1100
0000
,  // measure 5
0101
0010
1001
0100
1001
0101
1000
0110
,  // measure 6
0001
1100
0010
1100
1001
0000
0011
0000
,  // measure 7
0101
0110
1010
0110
0101
0000
1100
0110
,  // measure 8
0011
0110
1100
0000
1010
0110
0101
0000
,  // measure 9
1001
0000
1000
0000
0010
0000
0000
0000
0000
0001
0010
0100
1000
0000
0000
0000
,  // measure 10
0010
0000
1000
0100
0000
0010
0100
0000
,  // measure 11
0001
0000
0000
0000
0100
0000
0000
0000
0000
1000
0010
0100
0001
0000
0000
0000
,  // measure 12
0000
1000
0001
0100
,  // measure 13
0010
0000
0000
0000
1001
0000
0100
0000
1010
0000
0001
0100
0010
1000
0100
0000
,  // measure 14
1001
0000
0010
0000
0101
0000
0010
0000
1100
0000
1000
0001
0100
0010
1000
0000
,  // measure 15
0101
0000
1000
0100
1000
0000
0001
0000
1010
0000
0001
0010
0100
1000
0100
0000
,  // measure 16
1100
0000
0010
0000
1001
0000
0100
0000
0011
0000
1000
0001
0100
0010
1000
0000
,  // measure 17
0101
0000
0010
0100
0010
0000
1000
0000
0110
0000
1000
0100
0010
0001
0010
0000
,  // measure 18
1001
0000
0100
0000
0011
0000
0100
0000
1010
0000
0001
1000
0010
0100
0010
0000
,  // measure 19
1100
0010
1001
1100
0110
0011
1001
0000
,  // measure 20
1001
0011
0110
1100
1001
0000
1100
0110
,  // measure 21
0011
0000
1001
0100
0011
0100
1010
1100
,  // measure 22
0010
1001
0100
0011
0100
1010
0110
0000
,  // measure 23
0101
0000
1010
0110
0101
0110
1010
0000
,  // measure 24
0011
0110
1100
0110
0011
0000
0101
0110
,  // measure 25
1010
0000
0101
0010
1001
0100
0011
0101
,  // measure 26
1000
0110
0001
1010
0100
1001
0011
0000
,  // measure 27
1001
0000
1100
0110
0011
0110
1100
0000
,  // measure 28
0101
0110
1010
0110
0101
0000
1100
0110
,  // measure 29
0011
0000
1000
1000
1000
1000
1001
0000
,  // measure 30
1010
0000
0000
0000
1100
0000
0000
0000
0101
0000
0000
0000
1000
0100
1000
0100
,  // measure 31
0010
0001
0010
0001
0010
0100
1000
0001
1000
0100
0010
0001
0100
0001
0010
0100
,  // measure 32
1000
0010
1000
0001
0100
0010
1000
0100
0010
0001
0100
0010
1000
0100
0010
0001
,  // measure 33
1000
0001
0010
0100
1000
0010
0100
0010
1000
0100
0010
0001
0010
0100
0010
0001
,  // measure 34
0010
0100
1000
0100
0010
0001
0100
0010
1000
0001
1000
0010
0100
0001
0010
0100
,  // measure 35
1000
0001
0100
0010
1000
0100
0010
0001
1000
0001
1000
0100
0010
0001
0010
0100
,  // measure 36
0010
0100
1000
0100
0010
0001
0100
0001
0010
0100
1000
0010
0100
0001
1000
0100
,  // measure 37
0010
0001
0010
0100
1000
0010
0100
0001
0010
0100
1000
0001
1000
0100
1000
0000
,  // measure 38
0001
0100
0001
0000
1000
0000
0010
0100
0010
0000
0100
0000
1001
0000
0110
0000
,  // measure 39
1000
0001
0100
0000
0000
0000
0101
0000
1000
0010
0100
0000
0000
0000
0110
0000
,  // measure 40
0001
0010
0100
0000
0000
0000
0101
0000
1000
0001
1000
0000
0000
0000
0101
0000
,  // measure 41
1000
0100
0010
0000
0000
0000
0101
0000
0010
0100
0010
0000
0000
0000
1100
0000
,  // measure 42
0001
0100
0010
0000
1001
0000
0010
0000
1001
0000
0100
0000
0000
0000
0101
0000
,  // measure 43
0001
0100
0010
0000
0000
0000
1100
0000
1000
0010
0100
0000
0000
0000
1001
0000
,  // measure 44
0010
0100
0010
0000
0000
0000
0101
0000
0001
0010
0001
0010
0100
1000
0100
1000
,  // measure 45
0100
0010
0001
1000
0001
0010
0100
1000
0010
0100
0001
1000
0100
0010
0001
0100
,  // measure 46
0010
1000
0001
0010
0100
1000
0010
1000
0100
0010
0001
0100
0001
0000
0000
0000
,  // measure 47
1001
0100
0010
0100
1010
0001
0010
0100
1000
0100
0010
0100
1001
0010
1000
0001
,  // measure 48
0100
0010
1000
0010
0101
1000
0010
1000
0010
0100
0001
1000
0110
0001
0010
0100
,  // measure 49
1000
0001
0100
0010
1100
0001
1000
0100
0010
0100
1000
0010
1001
0100
0010
1000
,  // measure 50
0001
0010
0001
1000
0101
0010
0100
0001
0010
0100
1000
0100
1010
0000
0101
0000
,  // measure 51
1001
0010
1000
0001
1100
0010
1000
0010
0100
0001
0010
0100
1001
0010
0100
0001
,  // measure 52
1000
0100
0010
0001
1000
0001
0010
0100
1000
0100
0010
0100
0010
0001
0010
0100
,  // measure 53
1001
0000
0200
0300
,  // measure 54
1100
1010
0110
0101
0011
0000
0011
0101
,  // measure 55
0110
1010
1100
0000
1010
0110
0101
0000
,  // measure 56
1001
0100
1010
0001
0110
1010
0100
0011
,  // measure 57
0100
1010
0001
1100
1010
0000
0101
0000
,  // measure 58
0101
0110
1010
0110
0101
0000
1100
0110
,  // measure 59
0011
0110
1100
0000
0101
0110
1010
0000
,  // measure 60
1010
0100
1001
0010
1100
1010
0001
0110
,  // measure 61
1000
0101
0010
1001
0011
0000
0101
0000
,  // measure 62
0011
0110
1100
0110
0011
0000
0101
0110
,  // measure 63
1010
0110
0101
0000
0011
0110
1100
0000
,  // measure 64
1001
0100
0011
0100
1010
0100
1001
0010
,  // measure 65
0101
0010
1100
0010
1001
0100
1010
0100
,  // measure 66
1001
1010
1001
0101
1001
0000
1001
0101
,  // measure 67
1001
1010
1001
0000
0101
0110
1010
0000
,  // measure 68
1001
0100
1001
0010
0101
0010
1001
0100
,  // measure 69
0011
0100
1010
0100
1001
0010
0101
0010
,  // measure 70
1001
1100
0110
0011
1001
0000
1001
0011
,  // measure 71
0110
1100
1001
0000
0101
0110
1010
0110
,  // measure 72
1010
0110
0101
0110
1010
0000
0101
0110
,  // measure 73
1010
0110
0101
0000
1100
0110
0011
0000
,  // measure 74
2002
0000
0000
0000
,  // measure 75
3003
0000
0000
0000
;
