#TITLE:Stratofortress;
#SUBTITLE:;
#ARTIST:Stratovarius;
#TITLETRANSLIT:;
#SUBTITLETRANSLIT:;
#ARTISTTRANSLIT:;
#CREDIT:;
#BANNER:AlbumArt_{0AF1D094-6783-47B5-98D6-096AF5F9FC3D}_Large.jpg;
#BACKGROUND:strat-bg.png;
#LYRICSPATH:;
#CDTITLE:!aptitle.png;
#MUSIC:07_stratovarius-stratofortress-.mp3;
#OFFSET:2.395;
#SAMPLESTART:70.080;
#SAMPLELENGTH:12.000;
#SELECTABLE:YES;
#BPMS:0.000=179.880,10.000=180.000,12.000=179.860,104.000=180.160,128.000=179.880,136.000=180.100,168.500=180.000,195.000=179.900,198.000=180.000,249.500=180.040,280.000=179.880,284.000=179.600,295.500=184.060,296.000=180.360,304.000=179.900,311.000=180.000,319.000=180.200,327.000=179.000,329.000=179.200,336.000=180.200,342.000=180.380,344.000=180.000,353.000=179.600,358.000=180.000,360.000=180.300,390.000=179.940,391.500=179.580,394.000=179.880,402.000=179.780,404.000=179.500,408.000=179.460,411.500=179.600;
#STOPS:;
#BGCHANGES:;
// cache tags:
#FIRSTBEAT:8.000;
#LASTBEAT:440.000;
#SONGFILENAME:Songs/All Songs/Aperson - Stratofortress/stratofortress.sm;
#HASMUSIC:1;
#HASBANNER:1;
#MUSICLENGTH:151.622;
// end cache tags

//---------------dance-single - ----------------
#NOTES:
     dance-single:
     :
     Hard:
     11:
     1.000,1.000,0.851,0.020,1.000,1396.000,129.000,3.000,0.000,0.000:  // measure 1
0000
0000
0000
0000
,  // measure 2
0000
0000
0000
0000
,  // measure 3
1001
0000
1000
0000
0010
0000
0100
0000
0011
0000
0001
0000
1000
0100
1000
0100
,  // measure 4
1000
0000
0010
0000
0100
0000
0001
0000
0110
0000
1000
0000
0010
0100
0010
0100
,  // measure 5
0010
0000
1000
0000
0001
0000
0100
0000
0011
0000
0001
0100
0010
0000
1000
0000
,  // measure 6
0010
0100
0010
0100
0001
0100
0001
0100
0010
1000
0010
0100
0001
0000
0000
0000
,  // measure 7
1000
0000
0110
0000
0110
0000
0001
0000
0110
0000
0010
0000
1000
0001
1000
0001
,  // measure 8
1000
0000
1100
0000
1100
0000
0001
0000
0110
0000
0010
0000
1000
0100
1000
0100
,  // measure 9
1000
0000
0101
0000
0101
0000
0010
0000
1001
0000
0001
0100
0010
0000
1000
0000
,  // measure 10
0001
0010
0001
0010
0100
1000
0100
1000
0010
0100
0001
0100
0010
0000
1000
0000
,  // measure 11
1001
0010
0001
0010
0100
1000
0100
1000
0010
0100
0010
0100
0001
0100
0001
0100
,  // measure 12
0001
0010
0001
0010
0100
1000
0100
1000
0010
0100
0010
0100
0001
0100
0001
0100
,  // measure 13
0001
0010
0001
0010
0100
1000
0100
1000
0010
1000
0010
1000
0001
0010
0100
0010
,  // measure 14
1001
0100
0010
1001
0010
0100
1001
1001
,  // measure 15
1000
0010
1000
0010
0100
0010
0100
0010
1000
0001
1000
0001
0010
0001
0010
0001
,  // measure 16
1000
0010
1000
0010
0100
0010
0100
0010
1000
0001
1000
0001
0010
0001
0010
0001
,  // measure 17
1000
0010
1000
0010
0100
0010
0100
0010
1000
0100
1000
0100
0010
0001
0010
0001
,  // measure 18
1000
0000
1000
0100
0010
0001
0010
0001
0100
0000
0110
0000
1010
0000
0101
0000
,  // measure 19
0001
0010
0001
0100
0001
0010
0001
0100
0001
0010
0001
0100
0001
0010
0001
0100
,  // measure 20
0010
1000
0010
0100
0010
1000
0010
0100
0010
1000
0010
0000
1001
0000
1001
0000
,  // measure 21
1000
0100
1000
0010
1000
0100
1000
0010
1000
0100
1000
0010
1000
0100
1000
0000
,  // measure 22
1100
1000
0010
0110
0010
1000
1001
1001
,  // measure 23
0001
0010
0001
0100
0001
0010
0001
0100
0001
0010
0001
0100
0001
0010
0001
0100
,  // measure 24
0010
1000
0010
0100
0010
1000
0010
0100
0010
1000
0010
0000
1001
0000
1001
0000
,  // measure 25
1100
1000
1001
0001
0101
0100
0110
0010
,  // measure 26
1001
0000
1000
0001
0010
0000
0010
0001
0100
0010
1000
0100
0020
0000
0031
0000
,  // measure 27
1000
0100
0010
0001
0010
0100
1000
0001
0010
0100
0010
0001
1000
0100
0010
0001
,  // measure 28
1000
0100
0010
0001
0010
0100
1000
0001
0010
0100
0010
0001
1000
0100
0010
0001
,  // measure 29
1000
0100
0010
0001
0010
0100
1000
0001
0010
0001
0010
0001
0100
0010
0100
0010
,  // measure 30
1000
0010
0100
0001
1000
0010
0100
0001
0100
0010
1000
0100
0010
0001
0010
0100
,  // measure 31
1000
0010
0100
0001
0100
0010
1000
0100
0010
0001
0100
0010
1000
0010
0100
0001
,  // measure 32
0010
0100
1000
0100
0010
0001
1000
0001
0010
0100
0010
0001
1000
0100
0010
0001
,  // measure 33
1000
0100
0010
0001
0010
0100
1000
0010
0100
0001
0100
0010
1000
0100
0010
0001
,  // measure 34
0100
0010
0100
0001
0100
0010
1000
0100
0010
0001
0100
0010
1000
0010
0100
0001
,  // measure 35
1010
1000
1001
0001
1001
1000
1001
0001
,  // measure 36
1001
0000
1000
0000
1001
0000
0001
0000
1000
0001
0010
0001
0100
0010
1000
0010
,  // measure 37
0100
0001
1001
1000
1001
0001
1001
1000
,  // measure 38
1001
0000
0001
0000
1001
0000
1000
0000
0001
0010
0100
0010
0001
0010
0100
1000
,  // measure 39
0001
0010
0110
0100
0110
0010
0110
0100
,  // measure 40
0110
0000
0010
0000
0110
0000
0100
0000
0001
0010
0001
1000
0010
0100
0001
0100
,  // measure 41
0010
0100
0110
0010
0110
0100
0110
0010
,  // measure 42
0110
0000
0100
0000
0110
0000
0010
0000
1000
0100
0010
0100
1000
0100
0010
0001
,  // measure 43
0100
0010
1010
1000
1010
0010
1010
1000
,  // measure 44
1010
0010
1010
1000
1010
0010
1010
1000
,  // measure 45
1010
1100
1010
1100
1010
1100
1010
1100
,  // measure 46
1010
0000
1010
0000
1010
0000
1010
0000
0001
0010
0001
0100
0010
1000
0010
0100
,  // measure 47
0001
0100
0101
0001
0101
0100
0101
0001
,  // measure 48
0101
0000
0100
0000
0101
0000
0001
0000
1000
0100
1000
0010
0100
0001
0100
0010
,  // measure 49
1000
0001
1001
1000
1001
0001
1001
1000
,  // measure 50
1000
0010
1000
0010
0100
0001
0100
0001
1000
0100
1000
0100
0010
0001
0100
0010
,  // measure 51
1000
0100
0010
0100
1000
0010
1000
0001
0100
0001
0010
0100
1000
0001
0010
0100
,  // measure 52
1000
0100
0010
0100
1000
0001
1000
0010
0100
0001
0100
0010
1000
0001
0100
0010
,  // measure 53
1000
0100
0010
0100
1000
0010
0100
0001
0010
0100
1000
0001
0010
0100
0010
0001
,  // measure 54
1000
0100
1000
0000
0001
0010
0001
0000
0100
0010
0100
0000
1000
0100
1000
0000
,  // measure 55
0001
0010
0100
0010
0001
0100
0001
1000
0010
1000
0100
0010
0001
1000
0100
0010
,  // measure 56
0001
0010
0100
0010
0001
1000
0001
0100
0010
1000
0010
0100
0001
1000
0010
0100
,  // measure 57
0001
0010
0100
0010
0001
0100
0010
1000
0100
0010
0001
1000
0100
0010
0100
1000
,  // measure 58
0001
0010
0001
0000
1000
0100
1000
0000
0010
0100
0010
0000
0001
0010
0001
0000
,  // measure 59
1000
0100
0010
0100
1000
0001
0100
0010
1000
0100
0010
0001
1000
0100
0010
0001
,  // measure 60
1000
0100
0010
0100
1000
0001
0100
0001
1000
0010
0100
0001
1000
0010
0100
0001
,  // measure 61
1000
0100
0010
0100
1000
0001
1000
0010
0100
0001
0010
0100
1000
0010
0100
0001
,  // measure 62
1000
0100
1000
0000
0001
0010
0001
0000
0100
0010
0100
0000
1000
0100
1000
0000
,  // measure 63
0001
0010
0100
0010
0001
1000
0010
0100
0001
0010
0100
1000
0001
0010
0100
1000
,  // measure 64
0001
0010
0100
0010
0001
1000
0010
1000
0001
0100
0010
1000
0001
0100
0010
1000
,  // measure 65
0001
0010
0100
0010
0001
1000
0001
0100
0010
1000
0100
0010
0001
0100
0010
1000
,  // measure 66
0001
0010
0001
0000
1000
0100
1000
0000
0010
0100
0010
0000
0001
0010
0001
0000
,  // measure 67
1000
0100
0010
0100
1000
0100
0001
0100
1000
0001
1000
0100
0010
0100
1000
0001
,  // measure 68
1000
0100
0010
0100
1000
0001
0010
0100
1000
0000
1100
0000
0110
0000
0011
0000
,  // measure 69
0001
0010
0100
0010
0001
0010
1000
0010
0001
1000
0001
0010
0100
0010
0001
1000
,  // measure 70
0001
0010
0100
0010
0001
1000
0100
0010
0001
0000
0011
0000
0110
0000
1100
0000
,  // measure 71
1000
0100
0010
0001
0010
0100
1000
0010
0100
0001
0100
0010
1000
0100
0010
0001
,  // measure 72
0010
0100
1000
0001
0010
0100
0010
0001
1000
0000
1010
0000
0110
0000
0101
0000
,  // measure 73
0001
0010
0100
1000
0100
0010
0001
0100
0010
1000
0010
0100
0001
0010
0100
1000
,  // measure 74
0100
0010
0001
1000
0100
0010
0100
1000
0001
0000
0101
0000
0110
0000
1010
0000
,  // measure 75
1001
0000
1000
0100
1000
0100
0011
0000
0001
0010
0001
0010
1100
0000
1000
0010
,  // measure 76
1000
0010
0101
0000
0001
0100
0001
0100
1010
0000
1000
0000
1001
0000
0001
0000
,  // measure 77
1001
0000
0001
0010
0001
0010
1100
0000
1000
0100
1000
0100
0011
0000
0001
0100
,  // measure 78
0001
0100
1010
0000
1000
0010
1000
0010
0101
0000
0001
0000
1001
0000
1000
0000
,  // measure 79
1001
0000
1000
0001
1000
0001
0110
0000
0001
1000
0001
1000
0110
0000
1000
0010
,  // measure 80
1000
0010
0101
0000
0001
0100
0001
0100
1010
0000
1000
0000
1001
0000
0001
0000
,  // measure 81
1001
0000
0001
1000
0001
1000
0110
0000
1000
0001
1000
0001
0110
0000
0001
0100
,  // measure 82
0001
0100
1010
0000
1000
0010
1000
0010
0101
0000
0000
0000
1001
0000
0000
0000
,  // measure 83
1000
0100
0010
0100
1000
0100
0001
0100
1000
0001
1000
0100
0001
0100
1000
0001
,  // measure 84
1000
0100
0001
0100
1000
0001
1000
0100
0001
0100
1000
0010
0100
0001
0100
0010
,  // measure 85
1000
0100
1000
0100
0010
0001
0010
0001
0100
0010
0100
0010
1000
0001
1000
0001
,  // measure 86
0010
0100
1000
0001
0010
0100
1000
0000
1001
0000
0110
0000
1010
0000
0101
0000
,  // measure 87
0001
0010
0100
0010
0001
0010
1000
0010
0001
1000
0001
0010
1000
0010
0001
1000
,  // measure 88
0001
0010
1000
0010
0001
1000
0001
0010
1000
0010
0001
0100
0010
1000
0010
0100
,  // measure 89
1001
0000
0000
0000
0110
0000
1001
0000
0000
0000
1000
0100
1000
0100
1000
0000
,  // measure 90
0001
0010
0001
0000
0101
0000
0101
0000
0110
0000
0010
1000
0010
0000
1001
0000
,  // measure 91
0010
0100
0001
0100
0010
1000
0010
1000
0001
0010
0100
1000
0001
0010
0100
1000
,  // measure 92
0010
0100
0001
0100
0010
1000
0100
1000
0001
0100
0010
1000
0001
0100
0010
1000
,  // measure 93
0010
0100
0001
0100
0010
1000
0001
1000
0001
0010
0100
1000
0001
0010
0100
1000
,  // measure 94
0001
0010
0001
0000
0010
0100
0010
0000
0100
1000
0100
0000
1000
0001
0100
0000
,  // measure 95
0100
0010
1000
0010
0100
0001
0100
0001
1000
0100
0010
0001
1000
0100
0010
0001
,  // measure 96
0100
0010
1000
0010
0100
0001
0010
0001
1000
0010
1000
0010
1000
0010
0100
0001
,  // measure 97
0100
0001
1000
0010
0100
0001
1000
0001
1000
0100
1000
0100
0010
0001
0010
0001
,  // measure 98
1000
0100
1000
0001
0100
0010
0100
0001
1000
0100
1000
0001
0010
0100
1000
0000
,  // measure 99
0001
0010
0100
0010
0001
1000
0010
1000
0001
0010
0100
1000
0001
0010
0100
1000
,  // measure 100
0001
0010
0100
0010
0001
1000
0100
1000
0001
0100
0010
1000
0001
0100
0010
1000
,  // measure 101
0001
0100
0010
0100
0001
1000
0100
1000
0001
1000
0100
0010
0001
1000
0100
0010
,  // measure 102
0001
1000
0100
0000
0010
0001
0100
0000
0010
1000
0100
0000
0010
0001
1000
0000
,  // measure 103
1000
0100
0010
0100
1000
0001
0100
0001
1000
0100
0010
0001
1000
0100
0010
0001
,  // measure 104
1000
0100
0010
0100
1000
0001
0010
0001
1000
0010
0100
0001
1000
0010
0100
0001
,  // measure 105
1000
0010
0100
0010
1000
0001
0010
0001
1000
0001
0010
0100
1000
0001
0010
0100
,  // measure 106
1000
0001
0010
0100
1000
0010
0100
0001
0010
0100
1000
0010
0100
0001
0010
0100
,  // measure 107
2000
0000
0000
0000
,  // measure 108
0000
0000
0000
0000
0000
0000
0000
0000
0000
0000
0000
0000
0000
0000
3001
0100
,  // measure 109
0020
0000
0000
0000
,  // measure 110
0000
0000
0000
0000
,  // measure 111
1030
0000
0000
0000
;
