#TITLE:The legend of MAX;
#SUBTITLE:;
#ARTIST:;
#TITLETRANSLIT:;
#SUBTITLETRANSLIT:;
#ARTISTTRANSLIT:ZZ;
#CREDIT:;
#BANNER:The legend of MAX.png;
#BACKGROUND:The legend of MAX-bg.png;
#LYRICSPATH:;
#CDTITLE:!konamiTitle.png;
#MUSIC:The legend of MAX.mp3;
#OFFSET:-0.275;
#SAMPLESTART:11.740;
#SAMPLELENGTH:12.000;
#SELECTABLE:YES;
#BPMS:0.000=333.000,322.000=555.000,328.000=333.000,329.000=166.500,330.000=83.250,339.000=333.000;
#STOPS:330.500=0.665
;
#BGCHANGES:;
// cache tags:
#FIRSTBEAT:32.000;
#LASTBEAT:474.000;
#SONGFILENAME:Songs/All Songs/The legend of MAX/The legend of MAX.sm;
#HASMUSIC:1;
#HASBANNER:1;
#MUSICLENGTH:94.066;
// end cache tags

//---------------dance-single - ----------------
#NOTES:
     dance-single:
     :
     Hard:
     10:
     0.879,1.000,0.776,0.064,0.064,500.000,73.000,6.000,0.000,0.000:  // measure 1
0000
0000
0000
0000
,  // measure 2
0000
0000
0000
0000
,  // measure 3
0000
0000
0000
0000
,  // measure 4
0000
0000
0000
0000
,  // measure 5
0000
0000
0000
0000
,  // measure 6
0000
0000
0000
0000
,  // measure 7
0000
0000
0000
0000
,  // measure 8
0000
0000
0000
0000
,  // measure 9
1000
0100
1000
0010
,  // measure 10
1000
0100
1000
0010
,  // measure 11
0100
0001
0010
0001
,  // measure 12
0100
0001
0010
0001
,  // measure 13
0100
0010
1000
0001
,  // measure 14
0100
0010
2002
3003
,  // measure 15
0010
1000
0010
1000
,  // measure 16
0001
0000
0100
0000
0001
0100
0001
0100
,  // measure 17
0010
0100
0001
0100
,  // measure 18
0010
0000
0100
0000
0001
0100
0001
0000
,  // measure 19
1000
0100
1000
0100
,  // measure 20
1001
0000
0000
1100
0000
0000
0110
0000
,  // measure 21
0010
0100
1000
0100
,  // measure 22
0010
0000
0100
0000
1000
0100
1000
0000
,  // measure 23
0001
0100
0001
0100
,  // measure 24
1001
0000
0000
1010
0000
0000
0110
0000
,  // measure 25
0010
0100
0001
0100
,  // measure 26
0010
0000
0100
0000
0001
0100
0001
0000
,  // measure 27
1000
0100
1000
0100
,  // measure 28
1100
0000
0000
0011
0000
0000
0110
0000
,  // measure 29
0010
0100
1000
0100
,  // measure 30
0010
0000
0100
0000
1000
0100
1000
0000
,  // measure 31
0001
0010
0001
0000
1000
0000
0001
1000
,  // measure 32
0010
0100
1001
0000
,  // measure 33
0010
0000
0001
0000
1000
0100
1000
0000
,  // measure 34
0001
0000
0010
0000
0100
1000
0100
0000
,  // measure 35
0010
0000
0001
0000
1000
0001
1000
0000
,  // measure 36
0010
1000
0000
1000
0010
0000
1010
0000
,  // measure 37
0010
0000
1000
0000
0001
0100
0001
0000
,  // measure 38
1000
0000
0010
0000
0100
0001
0100
0000
,  // measure 39
0010
0000
1000
0000
0001
1000
0001
0000
,  // measure 40
0010
0001
0000
0001
0010
0000
0011
0000
,  // measure 41
0010
0000
0001
0000
1000
0100
0010
0000
,  // measure 42
0001
0000
0010
0000
0100
1000
0001
0000
,  // measure 43
0010
0000
0001
0000
1000
0001
0100
0000
,  // measure 44
0010
1000
0000
1000
0010
0000
0110
0000
,  // measure 45
0010
1000
0010
0000
1010
0000
1001
0000
,  // measure 46
0010
0001
0010
0000
0011
0000
1001
0000
,  // measure 47
0100
1000
0100
0000
0010
0001
0010
0000
,  // measure 48
0001
0100
0001
0000
1000
0010
1000
0001
,  // measure 49
0010
0100
1100
0000
,  // measure 50
1000
0110
0000
0011
,  // measure 51
0000
0001
0100
0001
,  // measure 52
1001
0000
1100
0000
,  // measure 53
0010
0100
0101
0000
,  // measure 54
0001
0110
0000
1010
,  // measure 55
0000
1000
0100
1000
,  // measure 56
1001
0000
0101
0000
,  // measure 57
0010
0000
0001
0010
0100
0000
0000
0000
,  // measure 58
1000
1100
0000
0011
,  // measure 59
0000
0000
1000
0010
0100
0000
0101
0000
,  // measure 60
0110
0000
1010
0000
,  // measure 61
0010
0000
1000
0100
0010
0000
0000
0000
,  // measure 62
0001
0101
0000
1010
,  // measure 63
0000
0000
0001
0010
0100
0000
1100
0000
,  // measure 64
0110
0000
0011
0000
,  // measure 65
0110
0000
0001
1000
0100
0000
0000
0000
,  // measure 66
0100
0000
1000
0001
0100
0000
0110
0000
,  // measure 67
0000
0000
0010
1000
0010
0000
1001
0000
,  // measure 68
1100
0000
0011
0000
,  // measure 69
0110
0000
1000
0001
0100
0000
0000
0000
,  // measure 70
0100
0000
0001
1000
0010
0000
0110
0000
,  // measure 71
0000
0000
0010
0001
0010
0000
1001
0000
,  // measure 72
0101
0000
1010
0000
,  // measure 73
1001
0000
0001
0100
0010
0000
1000
0000
,  // measure 74
1001
0000
1000
0100
0010
0000
0001
0000
,  // measure 75
0110
0000
0010
0001
0010
0000
0100
0000
,  // measure 76
0110
0010
1100
0001
,  // measure 77
1000
0000
0001
0100
0010
0000
1000
0000
,  // measure 78
0110
0000
0010
0100
0010
0000
1100
0000
,  // measure 79
1000
0100
0010
0001
0010
0100
1000
0000
,  // measure 80
0010
0100
0001
0000
1000
0010
0100
0000
,  // measure 81
2002
0000
0000
0000
,  // measure 82
0000
0000
0000
0000
,  // measure 83
0000
0000
0000
0000
0000
0000
0000
0000
0000
0000
0000
0000
0000
0000
0000
0000
0000
0000
0000
0000
0000
0000
0000
0000
0000
0000
0000
0000
0000
0000
0000
0000
3003
0000
0000
0000
0100
0000
0000
0000
1000
0000
0000
0000
0000
0010
0000
0000
,  // measure 84
0000
0000
0000
0000
0000
0000
0000
0000
0000
0001
0000
0000
1001
0000
0000
0000
0000
0000
0000
0000
0000
0100
0000
0000
0100
0000
0000
0000
0001
0000
0000
0000
0000
0010
0000
0000
0010
0000
0000
0000
0001
0000
0000
0000
0000
0100
0000
0000
,  // measure 85
0000
0000
0000
0000
0000
0000
0000
0000
0000
1000
0000
0000
1001
0000
0000
0000
0000
0000
0000
0000
0000
0010
0000
0000
0010
0000
0000
0000
1000
0000
0000
0000
0000
0100
0000
0000
0010
0000
0000
0000
0000
0000
0000
0000
0000
0000
0000
0000
,  // measure 86
0001
0010
0001
1000
,  // measure 87
0100
0000
1000
0100
1000
0000
0010
0000
,  // measure 88
1000
0010
1000
0001
,  // measure 89
0100
0000
0001
0100
0001
0000
1000
0000
,  // measure 90
0001
0000
0010
0100
1000
0000
0001
0000
,  // measure 91
1000
0000
0010
0100
0001
0000
0010
0000
,  // measure 92
0100
0000
1000
0001
1000
0000
0001
1000
,  // measure 93
0010
0000
0100
0001
1000
0000
0001
0000
,  // measure 94
1000
0100
1000
0000
1000
0100
1000
0000
,  // measure 95
0001
0100
0001
0000
0001
0100
0001
0000
,  // measure 96
1000
0001
1000
0000
1000
0100
1000
0000
,  // measure 97
0001
1000
0001
0000
0001
0100
0010
0000
,  // measure 98
0100
0001
0100
0000
0010
1000
0010
0000
,  // measure 99
0100
0001
0100
0000
0010
1000
0001
0000
,  // measure 100
0010
0001
0010
0000
0001
0100
0001
0000
,  // measure 101
1000
0010
1000
0000
0001
0100
0010
1000
,  // measure 102
0010
1000
0010
1000
0001
0000
0010
0001
,  // measure 103
0010
0001
0010
0001
1000
0000
0010
1000
,  // measure 104
0010
0100
0001
1000
0100
0000
0010
0001
,  // measure 105
0010
0100
1000
0001
0100
0000
0010
1000
,  // measure 106
0001
0010
0100
0000
1000
0100
0010
0001
,  // measure 107
1000
0010
0100
0000
0001
0100
0010
1000
,  // measure 108
0100
0010
0001
0100
0010
1000
0100
0010
,  // measure 109
0001
0100
0010
1000
0001
0100
0001
0000
,  // measure 110
0000
1010
0000
0000
1001
0000
0101
0000
,  // measure 111
0000
0010
1000
0000
1010
0000
1001
0000
,  // measure 112
0000
0100
0001
0000
0101
0000
1001
0000
,  // measure 113
0000
0010
0001
0000
0011
0000
1001
0000
,  // measure 114
0000
0100
1000
0000
1100
0000
1001
0000
,  // measure 115
0000
0010
1000
0000
1010
0000
0010
0100
,  // measure 116
0000
0001
0100
0000
1001
0000
0010
0001
,  // measure 117
0000
0001
0100
0000
0110
0000
2002
0000
,  // measure 118
0000
0000
0000
0000
,  // measure 119
0000
0000
3003
0000
;
