#TITLE:Carezza;
#SUBTITLE:;
#ARTIST:Osamu Kubota;
#TITLETRANSLIT:;
#SUBTITLETRANSLIT:;
#ARTISTTRANSLIT:;
#CREDIT:;
#BANNER:Carezza.png;
#BACKGROUND:Carezza-bg.png;
#LYRICSPATH:;
#CDTITLE:!skorTitle.png;
#MUSIC:Carezza.mp3;
#OFFSET:-1.115;
#SAMPLESTART:46.722;
#SAMPLELENGTH:11.980;
#SELECTABLE:YES;
#BPMS:0.000=128.000;
#STOPS:;
#BGCHANGES:;
// cache tags:
#FIRSTBEAT:0.000;
#LASTBEAT:221.250;
#SONGFILENAME:Songs/All Songs/carezza/carezza.sm;
#HASMUSIC:1;
#HASBANNER:1;
#MUSICLENGTH:106.925;
// end cache tags

//---------------dance-single - ----------------
#NOTES:
     dance-single:
     :
     Hard:
     11:
     1.000,1.000,1.000,0.122,1.000,693.000,130.000,13.000,0.000,0.000:  // measure 1
1000
0100
0010
0001
1000
0100
0010
0001
1000
0010
0100
0001
1000
0010
0100
0001
,  // measure 2
0001
0010
0100
1000
0001
0010
0100
1000
0001
0100
0010
1000
0001
0100
0010
1000
,  // measure 3
1000
0100
0010
0100
1000
0000
1000
0100
0001
0010
0100
0010
0001
0000
0001
0100
,  // measure 4
1000
0000
0100
0000
0010
0000
0100
0000
1000
0000
0000
0000
1000
0000
0100
0000
0001
0100
0001
0000
0010
0000
0100
0000
1000
0000
0100
0000
0010
0000
0001
0000
,  // measure 5
1000
0100
0010
0001
1000
0100
0010
0001
1000
0010
0100
0001
1000
0010
0100
0001
,  // measure 6
0001
0010
0100
1000
0001
0010
0100
1000
0001
0100
0010
1000
0001
0100
0010
1000
,  // measure 7
0001
0100
0010
0100
0001
0000
0001
0100
1000
0010
0100
0010
1000
0000
1000
0100
,  // measure 8
0001
0100
0010
0100
0001
0000
0001
0000
1000
0100
0010
0100
1000
0000
1000
0000
,  // measure 9
1000
0010
0100
0001
1000
0010
0100
0001
1000
0010
0100
0001
1000
0100
0010
0001
,  // measure 10
0001
0010
0100
1000
0001
0010
1000
0100
0001
0010
1000
0100
0001
0010
1000
0100
,  // measure 11
0001
0010
0100
1000
0001
0010
0100
1000
0001
0100
1000
0010
0001
0100
1000
0010
,  // measure 12
0001
0100
0010
1000
0001
0100
0010
1000
0001
0010
1000
0100
0001
0010
1000
0100
,  // measure 13
1000
0100
0010
0001
1000
0100
0001
0100
1000
0100
0010
0100
1000
0100
0001
0100
,  // measure 14
1000
0100
1000
0100
1000
0100
0001
0100
1000
0100
0010
0100
1000
0100
0001
0000
,  // measure 15
1000
0000
0000
1010
1100
1010
0000
1010
0000
1100
0000
0101
0000
0011
0000
1010
,  // measure 16
0000
1100
0000
0101
0000
0011
0000
0110
0000
1100
0000
0110
0000
0011
1001
0000
,  // measure 17
0000
0000
0000
1100
0110
0011
0000
1010
0000
1100
0000
1001
0000
0101
0000
1001
,  // measure 18
0000
1010
0000
1100
0000
0101
0000
0011
0000
1010
0000
0011
0000
0101
1001
0000
,  // measure 19
0000
0000
0000
1001
1100
1001
0000
0101
0000
1100
0000
0101
0000
0011
0000
1001
,  // measure 20
0000
1100
0000
0101
0000
0110
0000
1010
0000
0110
0000
0101
0000
1010
2002
0000
,  // measure 21
0000
0000
0000
0000
0000
0000
0000
3003
,  // measure 22
1000
0000
1000
0100
0001
0000
0001
0010
1000
0000
1000
0100
0010
0001
0200
0000
,  // measure 23
0000
0301
0010
0100
1000
0100
0010
0001
1001
0000
1010
0000
1100
0000
1010
0000
,  // measure 24
1001
0000
0110
0000
0001
0000
0001
0100
1000
0000
1000
0010
0001
0000
0001
0100
,  // measure 25
0010
1000
0020
0000
0000
1030
0100
0010
0001
0010
0100
1000
0110
0000
1010
0000
,  // measure 26
0011
0000
1010
0000
0110
0000
1001
0000
1010
0000
1010
0110
0011
0000
0011
0110
,  // measure 27
1100
0000
1100
1001
0022
0000
0000
0000
0000
0000
0000
0000
0000
0000
0033
0000
,  // measure 28
0011
0000
0011
0101
1001
0000
1001
1010
1100
0000
1100
0110
0202
0000
0000
0000
,  // measure 29
0000
0000
0000
0000
0000
0000
0303
0000
0101
0000
0101
1010
1100
0000
1100
0011
,  // measure 30
1001
0000
1001
0110
2200
0000
0000
0000
0000
0000
0000
0000
0000
0000
3300
0000
,  // measure 31
1000
0100
0010
0001
0010
0100
1000
0001
0010
0100
1000
0000
0000
0001
0010
0100
,  // measure 32
1000
0100
0010
0001
1000
0100
0010
0001
0000
1000
0010
0100
0001
0100
0010
1000
,  // measure 33
0001
0100
0010
1000
0000
0001
0100
0010
1000
0010
0100
0001
1000
0010
0100
0001
,  // measure 34
0011
0000
0000
0000
0101
0000
0000
1001
0000
0000
1010
0000
0000
1100
0000
0000
,  // measure 35
0011
0000
0000
0110
0000
0000
1100
0000
1001
0100
0010
0001
1000
0100
0010
0001
,  // measure 36
1000
0010
0100
0001
1000
0010
0100
0001
0001
0010
0100
1000
0001
0010
0100
1000
,  // measure 37
0001
0000
0100
0000
0010
0000
1000
0000
0001
0010
0100
1000
0100
0010
0001
0000
0010
0000
0100
0000
1000
0000
0100
0000
0001
0000
0000
0000
0001
0000
0100
0000
,  // measure 38
1000
0100
0001
0010
0100
0000
1000
0100
0001
0100
1000
0010
0100
0000
1000
0100
,  // measure 39
0001
0010
0001
0000
0100
0000
1000
0000
0100
0000
1000
0000
0100
0000
0010
0000
0001
0000
0010
0000
0100
0000
1000
0000
0001
0000
0010
0000
0100
0000
1000
0000
,  // measure 40
0001
0100
0010
1000
0001
0100
0010
1000
1000
0010
0100
0001
1000
0010
0100
0001
,  // measure 41
0001
0010
0100
1000
0001
0010
0100
1000
1000
0100
0001
0100
1000
0000
0001
0100
,  // measure 42
0001
0010
1000
0010
0001
0000
1000
0100
1000
0010
0001
0010
1000
0000
1000
0000
,  // measure 43
0001
0100
0010
0100
0001
0000
0100
0000
1000
0100
0010
0100
1000
0100
0010
0100
,  // measure 44
1000
0100
0010
0001
1000
0100
0010
0001
0001
0100
0010
0100
0001
0100
0010
0100
,  // measure 45
0001
0100
0010
1000
0001
0100
0010
0100
1001
0100
0010
1001
1001
0000
0110
1001
,  // measure 46
0000
0110
0000
1001
1001
0000
0110
1001
0000
0110
0000
1001
1001
0000
0110
1001
,  // measure 47
0000
0110
0000
0001
0010
0100
1000
0001
0010
0100
1000
0100
0020
0000
0000
0030
,  // measure 48
0000
0000
1000
0000
0100
0000
0010
0000
0001
0000
0001
0100
1000
0000
0100
0000
0000
0000
0100
0000
0010
0000
0001
0000
1000
0000
1000
0100
1000
0000
0100
0000
,  // measure 49
0001
0010
0100
1000
0001
0010
0100
1000
1000
0100
0010
0001
0000
0010
0000
0010
,  // measure 50
0001
0000
0000
0000
0001
0000
1000
0000
0000
0000
1000
0000
0010
0000
0000
0000
0010
0000
0100
0000
1000
0000
0001
0000
0010
0000
0100
0000
1000
0000
0001
0100
,  // measure 51
0001
0000
0000
0000
0001
0000
0010
0000
0000
0000
0100
0000
0000
0000
0001
0100
1000
0000
0000
0000
0001
0000
0100
0000
0000
0000
1100
0000
1010
0000
0110
0000
,  // measure 52
0110
1010
0000
0110
0000
0101
0000
1010
0000
1100
0000
1010
0000
0110
0000
1100
,  // measure 53
0000
1001
0000
0011
0000
2002
0000
3003
0010
0100
0010
0001
0010
0100
0010
0100
,  // measure 54
1000
0100
1000
0100
0010
0100
0010
0001
0010
0100
0010
0100
1000
0100
1000
0100
,  // measure 55
0010
0100
0010
0001
0010
0100
0010
0100
0010
0001
0010
0100
0010
0100
0010
0001
,  // measure 56
0010
0100
0010
0100
0010
0001
0000
0000
0000
0000
0000
0000
0000
0000
0000
0000
;
