#TITLE:G2;
#SUBTITLE:;
#ARTIST:Aya;
#TITLETRANSLIT:;
#SUBTITLETRANSLIT:;
#ARTISTTRANSLIT:;
#CREDIT:;
#BANNER:g2.png;
#BACKGROUND:g2-bg.png;
#LYRICSPATH:;
#CDTITLE:!bmrTitle.png;
#MUSIC:g2.mp3;
#OFFSET:-1.102;
#SAMPLESTART:47.690;
#SAMPLELENGTH:12.000;
#SELECTABLE:YES;
#BPMS:0.000=85.000,32.000=170.000;
#STOPS:;
#BGCHANGES:;
// cache tags:
#FIRSTBEAT:0.000;
#LASTBEAT:287.750;
#SONGFILENAME:Songs/All Songs/G2/G2.sm;
#HASMUSIC:1;
#HASBANNER:1;
#MUSICLENGTH:121.268;
// end cache tags

//---------------dance-single - ----------------
#NOTES:
     dance-single:
     :
     Hard:
     11:
     1.000,0.979,0.445,0.099,1.000,821.000,54.000,12.000,0.000,0.000:  // measure 1
2000
0000
0000
3001
0000
0010
0200
0000
0000
1300
0000
0001
0200
0000
0320
0000
,  // measure 2
2030
0000
0000
3001
0000
0010
0200
0000
0000
1300
0000
0001
0200
0000
0320
0000
,  // measure 3
2030
0000
0000
0001
0000
0010
0200
0000
0300
0010
0000
0001
0100
0000
0010
0000
,  // measure 4
3002
0000
0000
1000
0000
0100
0020
0000
0030
0100
0000
1000
0010
0000
0100
0000
,  // measure 5
0103
0100
0010
0100
0001
0000
0001
0000
1000
0000
1000
0000
0000
0000
0000
0000
,  // measure 6
0100
0100
0010
0100
1000
0000
1000
0000
0001
0000
0001
0000
0000
0000
0000
0000
,  // measure 7
0100
0100
1001
0100
0001
0000
0001
0000
0001
0000
0001
0000
1000
0000
1000
0000
,  // measure 8
0100
0100
1001
0100
1000
0000
1000
0000
0110
0000
0001
1000
0010
0100
0000
0000
,  // measure 9
1000
0000
1000
0000
0001
0000
1000
0001
0000
0010
0100
0000
1000
0000
0001
0000
,  // measure 10
1000
0000
1000
0000
0001
0000
1000
0001
0000
0010
0100
0000
1000
0000
0010
0000
,  // measure 11
0100
0000
0100
0000
0010
0000
0100
0010
0000
1000
0001
0000
0100
0000
0010
0000
,  // measure 12
0100
0000
0100
0000
0010
0000
0100
0010
0000
1000
0001
0000
0100
0000
0001
0000
,  // measure 13
1000
0001
1000
0000
0010
0000
0100
0010
0100
0001
1000
0100
0010
0000
0100
0010
,  // measure 14
0001
1000
0001
0000
0100
0000
0010
0100
0010
1000
0001
0010
0100
0000
0010
0100
,  // measure 15
1000
0001
1000
0000
0010
0000
0100
0010
0100
0001
1000
0100
0010
0000
0100
0010
,  // measure 16
0001
1000
0001
0000
0100
0000
0010
0100
0010
1000
0001
0010
0100
0000
0010
0100
,  // measure 17
1000
0100
0010
0001
1000
0000
0010
0100
0001
0010
0100
1000
0010
0000
0100
0010
,  // measure 18
1000
0100
0010
0001
1000
0000
0010
0100
0001
0010
0100
1000
0100
0000
0010
0001
,  // measure 19
0100
0010
1000
0001
0010
0000
0100
0010
0001
1000
0100
0001
0100
0000
1000
0001
,  // measure 20
0100
0010
1000
0001
0010
0000
0100
0010
0001
1000
0100
0001
0100
0000
1000
0001
,  // measure 21
1000
0100
0010
0001
0010
0100
1000
0001
1000
0100
0001
0100
1000
0010
0001
0010
,  // measure 22
1000
0100
0010
0001
0010
0100
1000
0001
1000
0100
0001
0100
1000
0010
0001
0010
,  // measure 23
1000
0001
0010
0100
1000
0100
0010
0001
1000
0010
0001
0010
0100
0010
0001
0010
,  // measure 24
1000
0000
0010
0100
0010
0000
1001
0000
,  // measure 25
1000
0001
1000
0001
1000
0010
0000
0100
0010
0000
1000
0001
0000
0100
0010
0000
,  // measure 26
1000
0100
1000
0001
1000
0010
0000
1000
0100
0000
0010
0001
0000
0010
0100
0000
,  // measure 27
1000
0001
1000
0001
1000
0010
0000
0100
0010
0000
1000
0001
0000
0100
0010
0000
,  // measure 28
1000
0100
1000
0001
1000
0010
0000
1000
0100
0000
0010
0001
0000
0010
0100
0000
,  // measure 29
0010
0100
0010
0100
0010
0000
0100
0010
0000
0100
0010
0000
1000
0100
0010
0001
,  // measure 30
1000
0001
1000
0001
1000
0000
0001
1000
0000
0001
1000
0000
0010
0100
0001
1000
,  // measure 31
0001
0100
0001
0100
0001
0000
0100
0001
0000
0100
0001
0000
1000
0100
0001
0100
,  // measure 32
1000
0100
0010
0001
0100
0010
1000
0100
0010
0001
0010
0100
1000
0000
0110
0000
,  // measure 33
0001
1000
0001
1000
0001
0100
0000
0010
0100
0000
0001
1000
0000
0010
0100
0000
,  // measure 34
0001
0010
0001
1000
0001
0100
0000
0001
0010
0000
0100
1000
0000
0100
0010
0000
,  // measure 35
0001
1000
0001
1000
0001
0100
0000
0010
0100
0000
0001
1000
0000
0010
0100
0000
,  // measure 36
0001
0010
0001
1000
0001
0100
0000
0001
0010
0000
0100
1000
0000
0100
0010
0000
,  // measure 37
0100
0010
0100
0010
0100
0000
0010
0100
0000
0010
0100
0000
0001
0010
0100
1000
,  // measure 38
0001
1000
0001
1000
0001
0000
1000
0001
0000
1000
0001
0000
0100
0010
1000
0001
,  // measure 39
1000
0010
1000
0010
1000
0000
0010
1000
0000
0010
1000
0000
0001
1000
0001
0000
,  // measure 40
1100
0000
0000
0101
0000
0000
0011
0000
0000
1010
0000
0000
1001
0000
0000
0000
,  // measure 41
1000
0000
1000
0000
0110
0000
1000
0001
0000
0010
0100
0000
1001
0000
0010
0000
,  // measure 42
1000
0000
1000
0000
0110
0000
1000
0001
0000
0010
0100
0000
1001
0000
0010
0000
,  // measure 43
0100
0000
0100
0000
1001
0000
0100
0010
0000
1000
0001
0000
0110
0000
0010
0000
,  // measure 44
0100
0000
0100
0000
1001
0000
0100
0010
0000
1000
0001
0000
0110
0000
0010
0000
,  // measure 45
0001
0000
0001
0000
0110
0000
0001
1000
0000
0100
0010
0000
1001
0000
0100
0000
,  // measure 46
0001
0000
0001
0000
0110
0000
0001
1000
0000
0100
0010
0000
1001
0000
0100
0000
,  // measure 47
0010
0000
0010
0000
1001
0000
0010
0100
0000
0001
1000
0000
0110
0000
0100
0000
,  // measure 48
0010
0000
0010
0000
1001
0000
0010
0100
0000
0001
1000
0000
0110
0000
0100
0000
,  // measure 49
1000
0001
1000
0000
0110
0000
1000
0100
0010
0001
1000
0000
0110
0000
0010
0100
,  // measure 50
1000
0001
1000
0000
0110
0000
1000
0100
0010
0001
1000
0000
0110
0000
0001
1000
,  // measure 51
0010
0100
0010
0000
1001
0000
0100
0010
0001
1000
0100
0000
1001
0000
1000
0001
,  // measure 52
0010
0100
0010
0000
1001
0000
0100
0010
0001
1000
0100
0000
1001
0000
0100
0010
,  // measure 53
1000
0001
1000
0000
0011
0000
0001
1000
0000
0010
0100
0000
1001
0000
0100
0010
,  // measure 54
1000
0001
1000
0000
0011
0000
0001
1000
0000
0010
0100
0000
1001
0000
0001
1000
,  // measure 55
0001
1000
0001
0000
1100
0000
1000
0001
0000
0100
0010
0000
1001
0000
0010
0100
,  // measure 56
1000
0001
1000
0001
1000
0001
1000
0000
0011
0000
0000
0000
1100
0000
0000
0000
,  // measure 57
1001
0000
0000
0000
0100
0000
1001
0000
0000
0000
0000
0000
0010
0100
0010
0100
,  // measure 58
0010
0000
1001
0000
0000
0000
0001
0000
0110
0000
0000
0000
1000
0001
1000
0000
,  // measure 59
0001
0010
0001
0010
0001
0000
0010
0001
0000
0010
0001
0000
1000
0001
1000
0001
,  // measure 60
0010
0100
0010
0100
0010
0000
0100
0010
0000
0001
0000
1000
0010
0000
0100
0010
,  // measure 61
0000
1000
0001
1000
0001
0100
0010
0100
0010
0100
0000
0001
1000
0000
0010
0100
,  // measure 62
0000
0001
1000
0010
0100
0010
0100
0001
1000
0000
0001
1000
0000
0001
0010
0000
,  // measure 63
0100
0010
0000
0100
1000
0001
1000
0010
1000
0100
0000
1000
0001
0000
1000
0100
,  // measure 64
0000
0010
0001
1000
0001
0000
1000
0001
1000
0001
0000
0100
0001
0000
0100
0010
,  // measure 65
0100
0010
1000
0000
1001
0000
1000
0100
0010
0001
1000
0000
0110
0000
0001
0010
,  // measure 66
0100
1000
0001
0000
1001
0000
1000
0001
0100
0010
1000
0000
0110
0000
1000
0100
,  // measure 67
0001
0100
1000
0000
0101
0000
0001
0100
1000
0100
0001
0000
1100
0000
1000
0010
,  // measure 68
0001
0010
1000
0000
0011
0000
0001
0010
1000
0010
0001
0000
1010
0000
0001
1000
,  // measure 69
0001
0010
0100
1000
0100
0010
0001
1000
0001
0010
1000
0010
0001
0100
1000
0100
,  // measure 70
0001
0010
0100
1000
0100
0010
0001
1000
0001
0010
1000
0010
0001
0100
1000
0100
,  // measure 71
0001
1000
0100
0010
0001
0010
0100
1000
0001
0100
1000
0100
0010
0100
1000
0100
,  // measure 72
0001
1000
0100
0001
0100
1000
0010
1000
0100
0010
0001
0010
0100
0010
0001
1000
;
